Code INSEE,Année,Gagnant réel,Gagnant prédit,Bonne prédiction
0,2022,Emmanuel MACRON,François FILLON,False
1,2022,Emmanuel MACRON,François FILLON,False
2,2022,Marine LE PEN,Marine LE PEN,True
3,2022,Marine LE PEN,Marine LE PEN,True
4,2022,Emmanuel MACRON,François FILLON,False
5,2022,Marine LE PEN,Marine LE PEN,True
6,2022,Marine LE PEN,Marine LE PEN,True
7,2022,Emmanuel MACRON,François FILLON,False
8,2022,Marine LE PEN,Marine LE PEN,True
9,2022,Marine LE PEN,Marine LE PEN,True
10,2022,Jean-Luc MÉLENCHON,François FILLON,False
11,2022,Marine LE PEN,Marine LE PEN,True
12,2022,Jean-Luc MÉLENCHON,Emmanuel MACRON,False
13,2022,Emmanuel MACRON,François FILLON,False
14,2022,Marine LE PEN,Marine LE PEN,True
15,2022,Marine LE PEN,Marine LE PEN,True
16,2022,Marine LE PEN,Marine LE PEN,True
17,2022,Marine LE PEN,Marine LE PEN,True
18,2022,Marine LE PEN,Marine LE PEN,True
19,2022,Marine LE PEN,Marine LE PEN,True
20,2022,Marine LE PEN,Marine LE PEN,True
21,2022,Marine LE PEN,Marine LE PEN,True
22,2022,Emmanuel MACRON,François FILLON,False
23,2022,Marine LE PEN,Marine LE PEN,True
24,2022,Marine LE PEN,Marine LE PEN,True
25,2022,Marine LE PEN,Marine LE PEN,True
26,2022,Marine LE PEN,Marine LE PEN,True
27,2022,Marine LE PEN,Marine LE PEN,True
28,2022,Marine LE PEN,Marine LE PEN,True
29,2022,Jean-Luc MÉLENCHON,Emmanuel MACRON,False
30,2022,Emmanuel MACRON,Emmanuel MACRON,True
31,2022,Jean-Luc MÉLENCHON,François FILLON,False
32,2022,Emmanuel MACRON,François FILLON,False
33,2022,Marine LE PEN,Marine LE PEN,True
34,2022,Emmanuel MACRON,François FILLON,False
35,2022,Marine LE PEN,Marine LE PEN,True
36,2022,Marine LE PEN,Marine LE PEN,True
37,2022,Marine LE PEN,Marine LE PEN,True
38,2022,Emmanuel MACRON,François FILLON,False
39,2022,Emmanuel MACRON,François FILLON,False
40,2022,Marine LE PEN,Marine LE PEN,True
41,2022,Marine LE PEN,Marine LE PEN,True
42,2022,Marine LE PEN,Marine LE PEN,True
43,2022,Marine LE PEN,Marine LE PEN,True
44,2022,Emmanuel MACRON,Emmanuel MACRON,True
45,2022,Marine LE PEN,Marine LE PEN,True
46,2022,Marine LE PEN,Marine LE PEN,True
47,2022,Emmanuel MACRON,François FILLON,False
48,2022,Emmanuel MACRON,Emmanuel MACRON,True
49,2022,Marine LE PEN,Marine LE PEN,True
50,2022,Marine LE PEN,Marine LE PEN,True
51,2022,Marine LE PEN,Marine LE PEN,True
52,2022,Marine LE PEN,Marine LE PEN,True
54,2022,Emmanuel MACRON,François FILLON,False
55,2022,Marine LE PEN,Marine LE PEN,True
56,2022,Emmanuel MACRON,Emmanuel MACRON,True
57,2022,Emmanuel MACRON,François FILLON,False
58,2022,Marine LE PEN,Marine LE PEN,True
59,2022,Emmanuel MACRON,Emmanuel MACRON,True
60,2022,Jean-Luc MÉLENCHON,Jean-Luc MÉLENCHON,True
61,2022,Marine LE PEN,Marine LE PEN,True
62,2022,Marine LE PEN,Marine LE PEN,True
63,2022,Marine LE PEN,Marine LE PEN,True
64,2022,Emmanuel MACRON,François FILLON,False
65,2022,Emmanuel MACRON,François FILLON,False
66,2022,Emmanuel MACRON,François FILLON,False
67,2022,Marine LE PEN,Marine LE PEN,True
68,2022,Emmanuel MACRON,Emmanuel MACRON,True
69,2022,Marine LE PEN,Marine LE PEN,True
70,2022,Emmanuel MACRON,Jean-Luc MÉLENCHON,False
71,2022,Emmanuel MACRON,François FILLON,False
72,2022,Emmanuel MACRON,François FILLON,False
73,2022,Marine LE PEN,Marine LE PEN,True
74,2022,Marine LE PEN,Marine LE PEN,True
75,2022,Marine LE PEN,Marine LE PEN,True
76,2022,Marine LE PEN,Marine LE PEN,True
77,2022,Marine LE PEN,Marine LE PEN,True
78,2022,Marine LE PEN,Marine LE PEN,True
79,2022,Emmanuel MACRON,François FILLON,False
80,2022,Marine LE PEN,Marine LE PEN,True
81,2022,Marine LE PEN,Marine LE PEN,True
82,2022,Marine LE PEN,Marine LE PEN,True
84,2022,Marine LE PEN,Marine LE PEN,True
85,2022,Emmanuel MACRON,Emmanuel MACRON,True
86,2022,Marine LE PEN,Marine LE PEN,True
87,2022,Marine LE PEN,Marine LE PEN,True
88,2022,Marine LE PEN,Marine LE PEN,True
90,2022,Marine LE PEN,Marine LE PEN,True
91,2022,Marine LE PEN,Marine LE PEN,True
92,2022,Marine LE PEN,Marine LE PEN,True
93,2022,Marine LE PEN,Marine LE PEN,True
94,2022,Marine LE PEN,Marine LE PEN,True
95,2022,Emmanuel MACRON,François FILLON,False
96,2022,Emmanuel MACRON,François FILLON,False
97,2022,Emmanuel MACRON,François FILLON,False
98,2022,Marine LE PEN,Marine LE PEN,True
99,2022,Marine LE PEN,Marine LE PEN,True
100,2022,Marine LE PEN,Marine LE PEN,True
101,2022,Emmanuel MACRON,Emmanuel MACRON,True
102,2022,Jean-Luc MÉLENCHON,François FILLON,False
103,2022,Emmanuel MACRON,Emmanuel MACRON,True
104,2022,Marine LE PEN,Marine LE PEN,True
105,2022,Emmanuel MACRON,François FILLON,False
106,2022,Marine LE PEN,Marine LE PEN,True
107,2022,Marine LE PEN,Marine LE PEN,True
108,2022,Marine LE PEN,Marine LE PEN,True
109,2022,Emmanuel MACRON,François FILLON,False
110,2022,Marine LE PEN,Marine LE PEN,True
111,2022,Emmanuel MACRON,Jean-Luc MÉLENCHON,False
113,2022,Emmanuel MACRON,François FILLON,False
114,2022,Marine LE PEN,Marine LE PEN,True
115,2022,Marine LE PEN,Marine LE PEN,True
116,2022,Emmanuel MACRON,François FILLON,False
117,2022,Marine LE PEN,Marine LE PEN,True
118,2022,Marine LE PEN,Marine LE PEN,True
119,2022,Marine LE PEN,Marine LE PEN,True
120,2022,Marine LE PEN,Marine LE PEN,True
121,2022,Marine LE PEN,Marine LE PEN,True
122,2022,Emmanuel MACRON,François FILLON,False
123,2022,Marine LE PEN,Marine LE PEN,True
124,2022,Marine LE PEN,Marine LE PEN,True
125,2022,Marine LE PEN,Marine LE PEN,True
126,2022,Marine LE PEN,Marine LE PEN,True
127,2022,Emmanuel MACRON,François FILLON,False
128,2022,Emmanuel MACRON,François FILLON,False
129,2022,Emmanuel MACRON,Emmanuel MACRON,True
131,2022,Marine LE PEN,Marine LE PEN,True
132,2022,Marine LE PEN,Marine LE PEN,True
133,2022,Marine LE PEN,Marine LE PEN,True
134,2022,Marine LE PEN,Marine LE PEN,True
135,2022,Marine LE PEN,Marine LE PEN,True
136,2022,Jean-Luc MÉLENCHON,François FILLON,False
137,2022,Marine LE PEN,Marine LE PEN,True
138,2022,Marine LE PEN,Marine LE PEN,True
139,2022,Emmanuel MACRON,François FILLON,False
141,2022,Marine LE PEN,Marine LE PEN,True
142,2022,Marine LE PEN,Marine LE PEN,True
143,2022,Emmanuel MACRON,François FILLON,False
144,2022,Emmanuel MACRON,François FILLON,False
145,2022,Emmanuel MACRON,Emmanuel MACRON,True
146,2022,Emmanuel MACRON,Emmanuel MACRON,True
147,2022,Marine LE PEN,Marine LE PEN,True
148,2022,Marine LE PEN,Marine LE PEN,True
149,2022,Marine LE PEN,Marine LE PEN,True
150,2022,Emmanuel MACRON,Emmanuel MACRON,True
151,2022,Marine LE PEN,Marine LE PEN,True
152,2022,Marine LE PEN,Marine LE PEN,True
153,2022,Marine LE PEN,Marine LE PEN,True
154,2022,Marine LE PEN,Marine LE PEN,True
155,2022,Emmanuel MACRON,Emmanuel MACRON,True
156,2022,Emmanuel MACRON,François FILLON,False
157,2022,Marine LE PEN,Marine LE PEN,True
158,2022,Jean-Luc MÉLENCHON,François FILLON,False
159,2022,Marine LE PEN,Marine LE PEN,True
160,2022,Emmanuel MACRON,François FILLON,False
161,2022,Marine LE PEN,Marine LE PEN,True
162,2022,Marine LE PEN,Marine LE PEN,True
163,2022,Marine LE PEN,Marine LE PEN,True
164,2022,Marine LE PEN,Marine LE PEN,True
166,2022,Emmanuel MACRON,François FILLON,False
167,2022,Marine LE PEN,Marine LE PEN,True
168,2022,Marine LE PEN,Marine LE PEN,True
169,2022,Marine LE PEN,Marine LE PEN,True
170,2022,Emmanuel MACRON,François FILLON,False
171,2022,Marine LE PEN,Marine LE PEN,True
172,2022,Marine LE PEN,Marine LE PEN,True
173,2022,Emmanuel MACRON,Emmanuel MACRON,True
174,2022,Emmanuel MACRON,François FILLON,False
175,2022,Marine LE PEN,Marine LE PEN,True
176,2022,Jean-Luc MÉLENCHON,François FILLON,False
177,2022,Emmanuel MACRON,François FILLON,False
178,2022,Marine LE PEN,Marine LE PEN,True
179,2022,Jean-Luc MÉLENCHON,François FILLON,False
180,2022,Marine LE PEN,Marine LE PEN,True
181,2022,Emmanuel MACRON,François FILLON,False
182,2022,Marine LE PEN,Marine LE PEN,True
184,2022,Marine LE PEN,Marine LE PEN,True
185,2022,Marine LE PEN,Marine LE PEN,True
186,2022,Emmanuel MACRON,François FILLON,False
187,2022,Marine LE PEN,Marine LE PEN,True
188,2022,Emmanuel MACRON,François FILLON,False
189,2022,Marine LE PEN,Marine LE PEN,True
190,2022,Marine LE PEN,Marine LE PEN,True
191,2022,Marine LE PEN,Marine LE PEN,True
192,2022,Marine LE PEN,Marine LE PEN,True
193,2022,Marine LE PEN,Marine LE PEN,True
194,2022,Marine LE PEN,Marine LE PEN,True
196,2022,Marine LE PEN,Marine LE PEN,True
198,2022,Marine LE PEN,Marine LE PEN,True
199,2022,Marine LE PEN,Marine LE PEN,True
200,2022,Marine LE PEN,Marine LE PEN,True
201,2022,Marine LE PEN,Marine LE PEN,True
202,2022,Marine LE PEN,Marine LE PEN,True
203,2022,Marine LE PEN,Marine LE PEN,True
204,2022,Emmanuel MACRON,François FILLON,False
205,2022,Marine LE PEN,Marine LE PEN,True
206,2022,Marine LE PEN,Marine LE PEN,True
207,2022,Marine LE PEN,Marine LE PEN,True
208,2022,Marine LE PEN,Marine LE PEN,True
209,2022,Emmanuel MACRON,François FILLON,False
210,2022,Marine LE PEN,Marine LE PEN,True
211,2022,Emmanuel MACRON,François FILLON,False
212,2022,Marine LE PEN,Marine LE PEN,True
213,2022,Marine LE PEN,Marine LE PEN,True
214,2022,Emmanuel MACRON,Emmanuel MACRON,True
215,2022,Jean-Luc MÉLENCHON,Jean-Luc MÉLENCHON,True
216,2022,Emmanuel MACRON,Emmanuel MACRON,True
217,2022,Emmanuel MACRON,Emmanuel MACRON,True
218,2022,Emmanuel MACRON,François FILLON,False
219,2022,Emmanuel MACRON,Emmanuel MACRON,True
220,2022,Emmanuel MACRON,François FILLON,False
221,2022,Emmanuel MACRON,François FILLON,False
222,2022,Emmanuel MACRON,Emmanuel MACRON,True
223,2022,Emmanuel MACRON,Emmanuel MACRON,True
224,2022,Emmanuel MACRON,François FILLON,False
225,2022,Emmanuel MACRON,François FILLON,False
226,2022,Marine LE PEN,Marine LE PEN,True
227,2022,Emmanuel MACRON,François FILLON,False
228,2022,Marine LE PEN,Marine LE PEN,True
229,2022,Emmanuel MACRON,François FILLON,False
230,2022,Emmanuel MACRON,François FILLON,False
231,2022,Emmanuel MACRON,François FILLON,False
232,2022,Emmanuel MACRON,Emmanuel MACRON,True
233,2022,Emmanuel MACRON,François FILLON,False
234,2022,Marine LE PEN,Marine LE PEN,True
235,2022,Marine LE PEN,Marine LE PEN,True
236,2022,Marine LE PEN,Marine LE PEN,True
237,2022,Marine LE PEN,Marine LE PEN,True
238,2022,Marine LE PEN,Marine LE PEN,True
239,2022,Marine LE PEN,Marine LE PEN,True
240,2022,Marine LE PEN,Marine LE PEN,True
241,2022,Marine LE PEN,Marine LE PEN,True
242,2022,Marine LE PEN,Marine LE PEN,True
243,2022,Emmanuel MACRON,Emmanuel MACRON,True
244,2022,Marine LE PEN,Marine LE PEN,True
245,2022,Emmanuel MACRON,François FILLON,False
246,2022,Marine LE PEN,Marine LE PEN,True
247,2022,Emmanuel MACRON,François FILLON,False
248,2022,Emmanuel MACRON,Emmanuel MACRON,True
249,2022,Marine LE PEN,Marine LE PEN,True
250,2022,Jean-Luc MÉLENCHON,Emmanuel MACRON,False
251,2022,Marine LE PEN,Marine LE PEN,True
252,2022,Emmanuel MACRON,Emmanuel MACRON,True
253,2022,Emmanuel MACRON,François FILLON,False
254,2022,Emmanuel MACRON,François FILLON,False
255,2022,Emmanuel MACRON,François FILLON,False
256,2022,Emmanuel MACRON,François FILLON,False
257,2022,Emmanuel MACRON,François FILLON,False
258,2022,Marine LE PEN,Marine LE PEN,True
259,2022,Marine LE PEN,Marine LE PEN,True
260,2022,Marine LE PEN,Marine LE PEN,True
261,2022,Marine LE PEN,Marine LE PEN,True
262,2022,Marine LE PEN,Marine LE PEN,True
263,2022,Marine LE PEN,Marine LE PEN,True
264,2022,Marine LE PEN,Marine LE PEN,True
265,2022,Emmanuel MACRON,François FILLON,False
266,2022,Jean-Luc MÉLENCHON,François FILLON,False
267,2022,Marine LE PEN,Marine LE PEN,True
268,2022,Marine LE PEN,Marine LE PEN,True
269,2022,Emmanuel MACRON,Emmanuel MACRON,True
270,2022,Marine LE PEN,Marine LE PEN,True
271,2022,Emmanuel MACRON,François FILLON,False
272,2022,Emmanuel MACRON,François FILLON,False
273,2022,Marine LE PEN,Marine LE PEN,True
274,2022,Marine LE PEN,Marine LE PEN,True
275,2022,Marine LE PEN,Marine LE PEN,True
276,2022,Emmanuel MACRON,François FILLON,False
277,2022,Marine LE PEN,Marine LE PEN,True
278,2022,Marine LE PEN,Marine LE PEN,True
279,2022,Emmanuel MACRON,François FILLON,False
280,2022,Marine LE PEN,Marine LE PEN,True
281,2022,Emmanuel MACRON,Emmanuel MACRON,True
282,2022,Emmanuel MACRON,François FILLON,False
283,2022,Emmanuel MACRON,Emmanuel MACRON,True
284,2022,Marine LE PEN,Marine LE PEN,True
285,2022,Marine LE PEN,Marine LE PEN,True
286,2022,Emmanuel MACRON,François FILLON,False
287,2022,Emmanuel MACRON,François FILLON,False
288,2022,Jean-Luc MÉLENCHON,Emmanuel MACRON,False
289,2022,Emmanuel MACRON,François FILLON,False
290,2022,Marine LE PEN,Marine LE PEN,True
291,2022,Marine LE PEN,Marine LE PEN,True
292,2022,Marine LE PEN,Marine LE PEN,True
293,2022,Marine LE PEN,Marine LE PEN,True
294,2022,Emmanuel MACRON,Emmanuel MACRON,True
295,2022,Emmanuel MACRON,François FILLON,False
296,2022,Marine LE PEN,Marine LE PEN,True
297,2022,Emmanuel MACRON,Emmanuel MACRON,True
299,2022,Marine LE PEN,Marine LE PEN,True
300,2022,Marine LE PEN,Marine LE PEN,True
301,2022,Emmanuel MACRON,Emmanuel MACRON,True
302,2022,Marine LE PEN,Marine LE PEN,True
303,2022,Marine LE PEN,Marine LE PEN,True
304,2022,Emmanuel MACRON,Emmanuel MACRON,True
305,2022,Marine LE PEN,Marine LE PEN,True
306,2022,Emmanuel MACRON,François FILLON,False
307,2022,Emmanuel MACRON,François FILLON,False
308,2022,Marine LE PEN,Marine LE PEN,True
309,2022,Marine LE PEN,Marine LE PEN,True
310,2022,Emmanuel MACRON,Emmanuel MACRON,True
311,2022,Emmanuel MACRON,Emmanuel MACRON,True
312,2022,Marine LE PEN,Marine LE PEN,True
313,2022,Emmanuel MACRON,François FILLON,False
314,2022,Marine LE PEN,Marine LE PEN,True
315,2022,Marine LE PEN,Marine LE PEN,True
316,2022,Marine LE PEN,Marine LE PEN,True
317,2022,Emmanuel MACRON,Emmanuel MACRON,True
318,2022,Marine LE PEN,Marine LE PEN,True
319,2022,Marine LE PEN,Marine LE PEN,True
320,2022,Marine LE PEN,Marine LE PEN,True
321,2022,Marine LE PEN,Marine LE PEN,True
322,2022,Emmanuel MACRON,François FILLON,False
323,2022,Marine LE PEN,Marine LE PEN,True
324,2022,Marine LE PEN,Marine LE PEN,True
325,2022,Marine LE PEN,Marine LE PEN,True
326,2022,Emmanuel MACRON,François FILLON,False
327,2022,Emmanuel MACRON,Emmanuel MACRON,True
328,2022,Marine LE PEN,Marine LE PEN,True
329,2022,Marine LE PEN,Marine LE PEN,True
330,2022,Marine LE PEN,Marine LE PEN,True
331,2022,Marine LE PEN,Marine LE PEN,True
332,2022,Marine LE PEN,Marine LE PEN,True
333,2022,Emmanuel MACRON,Emmanuel MACRON,True
334,2022,Marine LE PEN,Marine LE PEN,True
335,2022,Marine LE PEN,Marine LE PEN,True
336,2022,Marine LE PEN,Marine LE PEN,True
337,2022,Marine LE PEN,Marine LE PEN,True
338,2022,Marine LE PEN,Marine LE PEN,True
339,2022,Marine LE PEN,Marine LE PEN,True
340,2022,Marine LE PEN,Marine LE PEN,True
341,2022,Emmanuel MACRON,François FILLON,False
342,2022,Emmanuel MACRON,Emmanuel MACRON,True
343,2022,Marine LE PEN,Marine LE PEN,True
344,2022,Marine LE PEN,Marine LE PEN,True
345,2022,Marine LE PEN,Marine LE PEN,True
346,2022,Marine LE PEN,Marine LE PEN,True
347,2022,Marine LE PEN,Marine LE PEN,True
348,2022,Marine LE PEN,Marine LE PEN,True
349,2022,Marine LE PEN,Marine LE PEN,True
350,2022,Marine LE PEN,Marine LE PEN,True
351,2022,Emmanuel MACRON,François FILLON,False
352,2022,Marine LE PEN,Marine LE PEN,True
353,2022,Emmanuel MACRON,Emmanuel MACRON,True
354,2022,Emmanuel MACRON,François FILLON,False
355,2022,Emmanuel MACRON,François FILLON,False
356,2022,Marine LE PEN,Marine LE PEN,True
357,2022,Marine LE PEN,Marine LE PEN,True
358,2022,Marine LE PEN,Marine LE PEN,True
359,2022,Marine LE PEN,Marine LE PEN,True
360,2022,Marine LE PEN,Marine LE PEN,True
361,2022,Emmanuel MACRON,François FILLON,False
362,2022,Marine LE PEN,Marine LE PEN,True
363,2022,Marine LE PEN,Marine LE PEN,True
364,2022,Marine LE PEN,Marine LE PEN,True
365,2022,Emmanuel MACRON,François FILLON,False
368,2022,Marine LE PEN,Marine LE PEN,True
369,2022,Marine LE PEN,Marine LE PEN,True
371,2022,Emmanuel MACRON,Emmanuel MACRON,True
372,2022,Emmanuel MACRON,François FILLON,False
373,2022,Marine LE PEN,Marine LE PEN,True
374,2022,Marine LE PEN,Marine LE PEN,True
375,2022,Emmanuel MACRON,Emmanuel MACRON,True
376,2022,Emmanuel MACRON,Emmanuel MACRON,True
377,2022,Emmanuel MACRON,Emmanuel MACRON,True
378,2022,Marine LE PEN,Marine LE PEN,True
379,2022,Marine LE PEN,Marine LE PEN,True
380,2022,Emmanuel MACRON,Emmanuel MACRON,True
381,2022,Emmanuel MACRON,François FILLON,False
382,2022,Marine LE PEN,Marine LE PEN,True
383,2022,Marine LE PEN,Marine LE PEN,True
384,2022,Marine LE PEN,Marine LE PEN,True
385,2022,Marine LE PEN,Marine LE PEN,True
386,2022,Marine LE PEN,Marine LE PEN,True
387,2022,Marine LE PEN,Marine LE PEN,True
388,2022,Emmanuel MACRON,François FILLON,False
389,2022,Emmanuel MACRON,François FILLON,False
390,2022,Marine LE PEN,Marine LE PEN,True
391,2022,Emmanuel MACRON,François FILLON,False
392,2022,Marine LE PEN,Marine LE PEN,True
394,2022,Marine LE PEN,Marine LE PEN,True
395,2022,Marine LE PEN,Marine LE PEN,True
396,2022,Marine LE PEN,Marine LE PEN,True
397,2022,Marine LE PEN,Marine LE PEN,True
398,2022,Marine LE PEN,Marine LE PEN,True
399,2022,Marine LE PEN,Marine LE PEN,True
400,2022,Marine LE PEN,Marine LE PEN,True
401,2022,Marine LE PEN,Marine LE PEN,True
402,2022,Emmanuel MACRON,Emmanuel MACRON,True
403,2022,Marine LE PEN,Marine LE PEN,True
404,2022,Marine LE PEN,Marine LE PEN,True
405,2022,Marine LE PEN,Marine LE PEN,True
406,2022,Emmanuel MACRON,Emmanuel MACRON,True
407,2022,Emmanuel MACRON,Emmanuel MACRON,True
408,2022,Marine LE PEN,Marine LE PEN,True
409,2022,Marine LE PEN,Marine LE PEN,True
410,2022,Marine LE PEN,Marine LE PEN,True
411,2022,Marine LE PEN,Marine LE PEN,True
412,2022,Marine LE PEN,Marine LE PEN,True
413,2022,Marine LE PEN,Marine LE PEN,True
414,2022,Marine LE PEN,Marine LE PEN,True
415,2022,Marine LE PEN,Marine LE PEN,True
416,2022,Marine LE PEN,Marine LE PEN,True
417,2022,Marine LE PEN,Marine LE PEN,True
418,2022,Marine LE PEN,Marine LE PEN,True
419,2022,Marine LE PEN,Marine LE PEN,True
420,2022,Marine LE PEN,Marine LE PEN,True
421,2022,Marine LE PEN,Marine LE PEN,True
422,2022,Marine LE PEN,Marine LE PEN,True
423,2022,Marine LE PEN,Marine LE PEN,True
424,2022,Marine LE PEN,Marine LE PEN,True
425,2022,Marine LE PEN,Marine LE PEN,True
426,2022,Marine LE PEN,Marine LE PEN,True
427,2022,Marine LE PEN,Marine LE PEN,True
428,2022,Marine LE PEN,Marine LE PEN,True
429,2022,Marine LE PEN,Marine LE PEN,True
430,2022,Marine LE PEN,Marine LE PEN,True
431,2022,Marine LE PEN,Marine LE PEN,True
432,2022,Marine LE PEN,Marine LE PEN,True
433,2022,Marine LE PEN,Marine LE PEN,True
434,2022,Marine LE PEN,Marine LE PEN,True
435,2022,Marine LE PEN,Marine LE PEN,True
436,2022,Marine LE PEN,Marine LE PEN,True
437,2022,Marine LE PEN,Marine LE PEN,True
438,2022,Marine LE PEN,Marine LE PEN,True
439,2022,Marine LE PEN,Marine LE PEN,True
440,2022,Marine LE PEN,Marine LE PEN,True
441,2022,Marine LE PEN,Marine LE PEN,True
442,2022,Marine LE PEN,Marine LE PEN,True
443,2022,Marine LE PEN,Marine LE PEN,True
444,2022,Marine LE PEN,Marine LE PEN,True
445,2022,Marine LE PEN,Marine LE PEN,True
446,2022,Marine LE PEN,Marine LE PEN,True
447,2022,Marine LE PEN,Marine LE PEN,True
448,2022,Marine LE PEN,Marine LE PEN,True
449,2022,Marine LE PEN,Marine LE PEN,True
450,2022,Marine LE PEN,Marine LE PEN,True
451,2022,Marine LE PEN,Marine LE PEN,True
452,2022,Marine LE PEN,Marine LE PEN,True
453,2022,Marine LE PEN,Marine LE PEN,True
454,2022,Marine LE PEN,Marine LE PEN,True
455,2022,Marine LE PEN,Marine LE PEN,True
456,2022,Marine LE PEN,Marine LE PEN,True
457,2022,Marine LE PEN,Marine LE PEN,True
458,2022,Marine LE PEN,Marine LE PEN,True
459,2022,Marine LE PEN,Marine LE PEN,True
460,2022,Marine LE PEN,Marine LE PEN,True
461,2022,Marine LE PEN,Marine LE PEN,True
462,2022,Marine LE PEN,Marine LE PEN,True
463,2022,Marine LE PEN,Marine LE PEN,True
464,2022,Marine LE PEN,Marine LE PEN,True
465,2022,Marine LE PEN,Marine LE PEN,True
466,2022,Marine LE PEN,Marine LE PEN,True
467,2022,Marine LE PEN,Marine LE PEN,True
468,2022,Marine LE PEN,Marine LE PEN,True
469,2022,Marine LE PEN,Marine LE PEN,True
470,2022,Marine LE PEN,Marine LE PEN,True
471,2022,Marine LE PEN,Marine LE PEN,True
472,2022,Marine LE PEN,Marine LE PEN,True
473,2022,Marine LE PEN,Marine LE PEN,True
474,2022,Marine LE PEN,Marine LE PEN,True
475,2022,Marine LE PEN,Marine LE PEN,True
476,2022,Marine LE PEN,Marine LE PEN,True
477,2022,Marine LE PEN,Marine LE PEN,True
478,2022,Marine LE PEN,Marine LE PEN,True
479,2022,Marine LE PEN,Marine LE PEN,True
480,2022,Marine LE PEN,Marine LE PEN,True
481,2022,Marine LE PEN,Marine LE PEN,True
482,2022,Marine LE PEN,Marine LE PEN,True
484,2022,Marine LE PEN,Marine LE PEN,True
485,2022,Emmanuel MACRON,Jean-Luc MÉLENCHON,False
486,2022,Marine LE PEN,Marine LE PEN,True
487,2022,Marine LE PEN,Marine LE PEN,True
488,2022,Marine LE PEN,Marine LE PEN,True
489,2022,Marine LE PEN,Marine LE PEN,True
490,2022,Marine LE PEN,Marine LE PEN,True
491,2022,Marine LE PEN,Marine LE PEN,True
492,2022,Marine LE PEN,Marine LE PEN,True
493,2022,Marine LE PEN,Marine LE PEN,True
494,2022,Marine LE PEN,Marine LE PEN,True
495,2022,Marine LE PEN,Marine LE PEN,True
496,2022,Emmanuel MACRON,Jean-Luc MÉLENCHON,False
498,2022,Marine LE PEN,Marine LE PEN,True
499,2022,Marine LE PEN,Marine LE PEN,True
500,2022,Marine LE PEN,Marine LE PEN,True
501,2022,Marine LE PEN,Marine LE PEN,True
502,2022,Marine LE PEN,Marine LE PEN,True
503,2022,Marine LE PEN,Marine LE PEN,True
504,2022,Marine LE PEN,Marine LE PEN,True
505,2022,Marine LE PEN,Marine LE PEN,True
506,2022,Emmanuel MACRON,Jean-Luc MÉLENCHON,False
507,2022,Marine LE PEN,Marine LE PEN,True
508,2022,Emmanuel MACRON,Jean-Luc MÉLENCHON,False
509,2022,Marine LE PEN,Marine LE PEN,True
510,2022,Marine LE PEN,Marine LE PEN,True
511,2022,Marine LE PEN,Marine LE PEN,True
512,2022,Emmanuel MACRON,Emmanuel MACRON,True
513,2022,Marine LE PEN,Marine LE PEN,True
514,2022,Marine LE PEN,Marine LE PEN,True
515,2022,Marine LE PEN,Marine LE PEN,True
516,2022,Marine LE PEN,Marine LE PEN,True
517,2022,Marine LE PEN,Marine LE PEN,True
518,2022,Marine LE PEN,Marine LE PEN,True
519,2022,Marine LE PEN,Marine LE PEN,True
520,2022,Marine LE PEN,Marine LE PEN,True
521,2022,Marine LE PEN,Marine LE PEN,True
522,2022,Marine LE PEN,Marine LE PEN,True
523,2022,Marine LE PEN,Marine LE PEN,True
524,2022,Marine LE PEN,Marine LE PEN,True
525,2022,Emmanuel MACRON,Emmanuel MACRON,True
526,2022,Marine LE PEN,Marine LE PEN,True
527,2022,Marine LE PEN,Marine LE PEN,True
528,2022,Jean-Luc MÉLENCHON,Emmanuel MACRON,False
529,2022,Marine LE PEN,Marine LE PEN,True
530,2022,Marine LE PEN,Marine LE PEN,True
531,2022,Marine LE PEN,Marine LE PEN,True
532,2022,Emmanuel MACRON,François FILLON,False
533,2022,Marine LE PEN,Marine LE PEN,True
534,2022,Marine LE PEN,Marine LE PEN,True
535,2022,Emmanuel MACRON,Jean-Luc MÉLENCHON,False
536,2022,Marine LE PEN,Marine LE PEN,True
537,2022,Marine LE PEN,Marine LE PEN,True
538,2022,Marine LE PEN,Marine LE PEN,True
539,2022,Marine LE PEN,Marine LE PEN,True
540,2022,Marine LE PEN,Marine LE PEN,True
541,2022,Marine LE PEN,Marine LE PEN,True
542,2022,Marine LE PEN,Marine LE PEN,True
543,2022,Marine LE PEN,Marine LE PEN,True
544,2022,Marine LE PEN,Marine LE PEN,True
545,2022,Marine LE PEN,Marine LE PEN,True
546,2022,Marine LE PEN,Marine LE PEN,True
547,2022,Marine LE PEN,Marine LE PEN,True
548,2022,Marine LE PEN,Marine LE PEN,True
549,2022,Emmanuel MACRON,Emmanuel MACRON,True
550,2022,Marine LE PEN,Marine LE PEN,True
551,2022,Emmanuel MACRON,Emmanuel MACRON,True
552,2022,Marine LE PEN,Marine LE PEN,True
553,2022,Emmanuel MACRON,Jean-Luc MÉLENCHON,False
554,2022,Marine LE PEN,Marine LE PEN,True
555,2022,Marine LE PEN,Marine LE PEN,True
556,2022,Marine LE PEN,Marine LE PEN,True
557,2022,Emmanuel MACRON,Jean-Luc MÉLENCHON,False
558,2022,Marine LE PEN,Marine LE PEN,True
559,2022,Marine LE PEN,Marine LE PEN,True
560,2022,Marine LE PEN,Marine LE PEN,True
561,2022,Marine LE PEN,Marine LE PEN,True
562,2022,Marine LE PEN,Marine LE PEN,True
563,2022,Marine LE PEN,Marine LE PEN,True
564,2022,Marine LE PEN,Marine LE PEN,True
565,2022,Marine LE PEN,Marine LE PEN,True
566,2022,Marine LE PEN,Marine LE PEN,True
567,2022,Marine LE PEN,Marine LE PEN,True
568,2022,Marine LE PEN,Marine LE PEN,True
569,2022,Jean-Luc MÉLENCHON,Jean-Luc MÉLENCHON,True
570,2022,Marine LE PEN,Marine LE PEN,True
571,2022,Marine LE PEN,Marine LE PEN,True
572,2022,Marine LE PEN,Marine LE PEN,True
573,2022,Marine LE PEN,Marine LE PEN,True
574,2022,Marine LE PEN,Marine LE PEN,True
575,2022,Marine LE PEN,Marine LE PEN,True
576,2022,Marine LE PEN,Marine LE PEN,True
577,2022,Marine LE PEN,Marine LE PEN,True
578,2022,Emmanuel MACRON,Jean-Luc MÉLENCHON,False
579,2022,Marine LE PEN,Marine LE PEN,True
580,2022,Marine LE PEN,Marine LE PEN,True
581,2022,Marine LE PEN,Marine LE PEN,True
582,2022,Marine LE PEN,Marine LE PEN,True
583,2022,Marine LE PEN,Marine LE PEN,True
584,2022,Marine LE PEN,Marine LE PEN,True
585,2022,Marine LE PEN,Marine LE PEN,True
586,2022,Marine LE PEN,Marine LE PEN,True
587,2022,Marine LE PEN,Marine LE PEN,True
588,2022,Emmanuel MACRON,Emmanuel MACRON,True
589,2022,Marine LE PEN,Marine LE PEN,True
590,2022,Marine LE PEN,Marine LE PEN,True
591,2022,Marine LE PEN,Marine LE PEN,True
592,2022,Marine LE PEN,Marine LE PEN,True
593,2022,Marine LE PEN,Marine LE PEN,True
594,2022,Marine LE PEN,Marine LE PEN,True
595,2022,Marine LE PEN,Marine LE PEN,True
596,2022,Marine LE PEN,Marine LE PEN,True
597,2022,Marine LE PEN,Marine LE PEN,True
598,2022,Marine LE PEN,Marine LE PEN,True
599,2022,Marine LE PEN,Marine LE PEN,True
600,2022,Marine LE PEN,Marine LE PEN,True
601,2022,Marine LE PEN,Marine LE PEN,True
602,2022,Marine LE PEN,Marine LE PEN,True
603,2022,Marine LE PEN,Marine LE PEN,True
604,2022,Emmanuel MACRON,Jean-Luc MÉLENCHON,False
605,2022,Marine LE PEN,Marine LE PEN,True
606,2022,Emmanuel MACRON,Jean-Luc MÉLENCHON,False
607,2022,Marine LE PEN,Marine LE PEN,True
608,2022,Marine LE PEN,Marine LE PEN,True
609,2022,Marine LE PEN,Marine LE PEN,True
610,2022,Marine LE PEN,Marine LE PEN,True
611,2022,Marine LE PEN,Marine LE PEN,True
612,2022,Marine LE PEN,Marine LE PEN,True
613,2022,Marine LE PEN,Marine LE PEN,True
614,2022,Marine LE PEN,Marine LE PEN,True
615,2022,Marine LE PEN,Marine LE PEN,True
616,2022,Marine LE PEN,Marine LE PEN,True
617,2022,Marine LE PEN,Marine LE PEN,True
618,2022,Marine LE PEN,Marine LE PEN,True
619,2022,Marine LE PEN,Marine LE PEN,True
620,2022,Marine LE PEN,Marine LE PEN,True
621,2022,Marine LE PEN,Marine LE PEN,True
622,2022,Emmanuel MACRON,Jean-Luc MÉLENCHON,False
623,2022,Marine LE PEN,Marine LE PEN,True
624,2022,Marine LE PEN,Marine LE PEN,True
625,2022,Marine LE PEN,Marine LE PEN,True
626,2022,Marine LE PEN,Marine LE PEN,True
627,2022,Marine LE PEN,Marine LE PEN,True
628,2022,Marine LE PEN,Marine LE PEN,True
629,2022,Emmanuel MACRON,Jean-Luc MÉLENCHON,False
630,2022,Marine LE PEN,Marine LE PEN,True
631,2022,Marine LE PEN,Marine LE PEN,True
632,2022,Marine LE PEN,Marine LE PEN,True
633,2022,Marine LE PEN,Marine LE PEN,True
634,2022,Marine LE PEN,Marine LE PEN,True
635,2022,Marine LE PEN,Marine LE PEN,True
636,2022,Marine LE PEN,Marine LE PEN,True
637,2022,Marine LE PEN,Marine LE PEN,True
638,2022,Marine LE PEN,Marine LE PEN,True
639,2022,Marine LE PEN,Marine LE PEN,True
640,2022,Marine LE PEN,Marine LE PEN,True
641,2022,Marine LE PEN,Marine LE PEN,True
642,2022,Marine LE PEN,Marine LE PEN,True
643,2022,Marine LE PEN,Marine LE PEN,True
644,2022,Marine LE PEN,Marine LE PEN,True
645,2022,Marine LE PEN,Marine LE PEN,True
646,2022,Marine LE PEN,Marine LE PEN,True
647,2022,Marine LE PEN,Marine LE PEN,True
648,2022,Marine LE PEN,Marine LE PEN,True
649,2022,Marine LE PEN,Marine LE PEN,True
651,2022,Marine LE PEN,Marine LE PEN,True
652,2022,Marine LE PEN,Marine LE PEN,True
653,2022,Emmanuel MACRON,Jean-Luc MÉLENCHON,False
654,2022,Marine LE PEN,Marine LE PEN,True
655,2022,Marine LE PEN,Marine LE PEN,True
656,2022,Marine LE PEN,Marine LE PEN,True
657,2022,Marine LE PEN,Marine LE PEN,True
658,2022,Marine LE PEN,Marine LE PEN,True
659,2022,Marine LE PEN,Marine LE PEN,True
660,2022,Marine LE PEN,Marine LE PEN,True
661,2022,Marine LE PEN,Marine LE PEN,True
662,2022,Marine LE PEN,Marine LE PEN,True
663,2022,Marine LE PEN,Marine LE PEN,True
664,2022,Marine LE PEN,Marine LE PEN,True
665,2022,Marine LE PEN,Marine LE PEN,True
666,2022,Marine LE PEN,Marine LE PEN,True
667,2022,Marine LE PEN,Marine LE PEN,True
668,2022,Marine LE PEN,Marine LE PEN,True
669,2022,Marine LE PEN,Marine LE PEN,True
670,2022,Marine LE PEN,Marine LE PEN,True
671,2022,Marine LE PEN,Marine LE PEN,True
672,2022,Marine LE PEN,Marine LE PEN,True
673,2022,Marine LE PEN,Marine LE PEN,True
674,2022,Marine LE PEN,Marine LE PEN,True
675,2022,Marine LE PEN,Marine LE PEN,True
676,2022,Marine LE PEN,Marine LE PEN,True
677,2022,Emmanuel MACRON,Jean-Luc MÉLENCHON,False
678,2022,Marine LE PEN,Marine LE PEN,True
679,2022,Marine LE PEN,Marine LE PEN,True
680,2022,Marine LE PEN,Marine LE PEN,True
681,2022,Marine LE PEN,Marine LE PEN,True
682,2022,Marine LE PEN,Marine LE PEN,True
683,2022,Marine LE PEN,Marine LE PEN,True
684,2022,Marine LE PEN,Marine LE PEN,True
685,2022,Marine LE PEN,Marine LE PEN,True
686,2022,Marine LE PEN,Marine LE PEN,True
687,2022,Marine LE PEN,Marine LE PEN,True
688,2022,Marine LE PEN,Marine LE PEN,True
689,2022,Marine LE PEN,Marine LE PEN,True
690,2022,Marine LE PEN,Marine LE PEN,True
691,2022,Marine LE PEN,Marine LE PEN,True
692,2022,Marine LE PEN,Marine LE PEN,True
693,2022,Marine LE PEN,Marine LE PEN,True
694,2022,Marine LE PEN,Marine LE PEN,True
695,2022,Marine LE PEN,Marine LE PEN,True
696,2022,Marine LE PEN,Marine LE PEN,True
697,2022,Marine LE PEN,Marine LE PEN,True
699,2022,Marine LE PEN,Marine LE PEN,True
700,2022,Emmanuel MACRON,Jean-Luc MÉLENCHON,False
701,2022,Marine LE PEN,Marine LE PEN,True
702,2022,Marine LE PEN,Marine LE PEN,True
703,2022,Marine LE PEN,Marine LE PEN,True
704,2022,Marine LE PEN,Marine LE PEN,True
705,2022,Marine LE PEN,Marine LE PEN,True
706,2022,Marine LE PEN,Marine LE PEN,True
707,2022,Marine LE PEN,Marine LE PEN,True
708,2022,Marine LE PEN,Marine LE PEN,True
709,2022,Marine LE PEN,Marine LE PEN,True
710,2022,Marine LE PEN,Marine LE PEN,True
711,2022,Marine LE PEN,Marine LE PEN,True
712,2022,Marine LE PEN,Marine LE PEN,True
713,2022,Marine LE PEN,Marine LE PEN,True
714,2022,Marine LE PEN,Marine LE PEN,True
715,2022,Marine LE PEN,Marine LE PEN,True
716,2022,Marine LE PEN,Marine LE PEN,True
717,2022,Marine LE PEN,Marine LE PEN,True
718,2022,Marine LE PEN,Marine LE PEN,True
719,2022,Marine LE PEN,Marine LE PEN,True
720,2022,Marine LE PEN,Marine LE PEN,True
721,2022,Marine LE PEN,Marine LE PEN,True
722,2022,Marine LE PEN,Marine LE PEN,True
723,2022,Marine LE PEN,Marine LE PEN,True
724,2022,Marine LE PEN,Marine LE PEN,True
725,2022,Emmanuel MACRON,Jean-Luc MÉLENCHON,False
726,2022,Marine LE PEN,Marine LE PEN,True
727,2022,Marine LE PEN,Marine LE PEN,True
728,2022,Marine LE PEN,Marine LE PEN,True
729,2022,Marine LE PEN,Marine LE PEN,True
730,2022,Marine LE PEN,Marine LE PEN,True
731,2022,Marine LE PEN,Marine LE PEN,True
732,2022,Marine LE PEN,Marine LE PEN,True
733,2022,Marine LE PEN,Marine LE PEN,True
734,2022,Marine LE PEN,Marine LE PEN,True
735,2022,Marine LE PEN,Marine LE PEN,True
736,2022,Marine LE PEN,Marine LE PEN,True
737,2022,Marine LE PEN,Marine LE PEN,True
738,2022,Marine LE PEN,Marine LE PEN,True
739,2022,Marine LE PEN,Marine LE PEN,True
740,2022,Marine LE PEN,Marine LE PEN,True
741,2022,Marine LE PEN,Marine LE PEN,True
742,2022,Marine LE PEN,Marine LE PEN,True
743,2022,Marine LE PEN,Marine LE PEN,True
744,2022,Marine LE PEN,Marine LE PEN,True
745,2022,Marine LE PEN,Marine LE PEN,True
746,2022,Marine LE PEN,Marine LE PEN,True
747,2022,Marine LE PEN,Marine LE PEN,True
748,2022,Marine LE PEN,Marine LE PEN,True
749,2022,Marine LE PEN,Marine LE PEN,True
750,2022,Emmanuel MACRON,François FILLON,False
751,2022,Marine LE PEN,Marine LE PEN,True
752,2022,Marine LE PEN,Marine LE PEN,True
753,2022,Marine LE PEN,Marine LE PEN,True
754,2022,Marine LE PEN,Marine LE PEN,True
755,2022,Marine LE PEN,Marine LE PEN,True
756,2022,Marine LE PEN,Marine LE PEN,True
757,2022,Marine LE PEN,Marine LE PEN,True
758,2022,Marine LE PEN,Marine LE PEN,True
759,2022,Marine LE PEN,Marine LE PEN,True
760,2022,Marine LE PEN,Marine LE PEN,True
761,2022,Marine LE PEN,Marine LE PEN,True
762,2022,Marine LE PEN,Marine LE PEN,True
763,2022,Marine LE PEN,Marine LE PEN,True
764,2022,Marine LE PEN,Marine LE PEN,True
765,2022,Marine LE PEN,Marine LE PEN,True
766,2022,Marine LE PEN,Marine LE PEN,True
767,2022,Marine LE PEN,Marine LE PEN,True
768,2022,Marine LE PEN,Marine LE PEN,True
769,2022,Marine LE PEN,Marine LE PEN,True
770,2022,Marine LE PEN,Marine LE PEN,True
771,2022,Marine LE PEN,Marine LE PEN,True
772,2022,Marine LE PEN,Marine LE PEN,True
773,2022,Marine LE PEN,Marine LE PEN,True
774,2022,Marine LE PEN,Marine LE PEN,True
775,2022,Marine LE PEN,Marine LE PEN,True
776,2022,Marine LE PEN,Marine LE PEN,True
777,2022,Marine LE PEN,Marine LE PEN,True
778,2022,Marine LE PEN,Marine LE PEN,True
779,2022,Marine LE PEN,Marine LE PEN,True
780,2022,Marine LE PEN,Marine LE PEN,True
781,2022,Marine LE PEN,Marine LE PEN,True
782,2022,Marine LE PEN,Marine LE PEN,True
783,2022,Marine LE PEN,Marine LE PEN,True
784,2022,Marine LE PEN,Marine LE PEN,True
785,2022,Marine LE PEN,Marine LE PEN,True
786,2022,Marine LE PEN,Marine LE PEN,True
787,2022,Marine LE PEN,Marine LE PEN,True
788,2022,Marine LE PEN,Marine LE PEN,True
789,2022,Marine LE PEN,Marine LE PEN,True
790,2022,Marine LE PEN,Marine LE PEN,True
791,2022,Marine LE PEN,Marine LE PEN,True
792,2022,Marine LE PEN,Marine LE PEN,True
793,2022,Marine LE PEN,Marine LE PEN,True
794,2022,Marine LE PEN,Marine LE PEN,True
795,2022,Marine LE PEN,Marine LE PEN,True
796,2022,Marine LE PEN,Marine LE PEN,True
797,2022,Emmanuel MACRON,Jean-Luc MÉLENCHON,False
798,2022,Marine LE PEN,Marine LE PEN,True
799,2022,Marine LE PEN,Marine LE PEN,True
800,2022,Marine LE PEN,Marine LE PEN,True
801,2022,Emmanuel MACRON,Jean-Luc MÉLENCHON,False
802,2022,Marine LE PEN,Marine LE PEN,True
803,2022,Marine LE PEN,Marine LE PEN,True
804,2022,Marine LE PEN,Marine LE PEN,True
805,2022,Marine LE PEN,Marine LE PEN,True
806,2022,Marine LE PEN,Marine LE PEN,True
807,2022,Marine LE PEN,Marine LE PEN,True
808,2022,Marine LE PEN,Marine LE PEN,True
809,2022,Marine LE PEN,Marine LE PEN,True
810,2022,Marine LE PEN,Marine LE PEN,True
811,2022,Marine LE PEN,Marine LE PEN,True
812,2022,Marine LE PEN,Marine LE PEN,True
813,2022,Marine LE PEN,Marine LE PEN,True
814,2022,Marine LE PEN,Marine LE PEN,True
815,2022,Marine LE PEN,Marine LE PEN,True
816,2022,Marine LE PEN,Marine LE PEN,True
817,2022,Marine LE PEN,Marine LE PEN,True
818,2022,Marine LE PEN,Marine LE PEN,True
819,2022,Marine LE PEN,Marine LE PEN,True
820,2022,Emmanuel MACRON,Jean-Luc MÉLENCHON,False
821,2022,Marine LE PEN,Marine LE PEN,True
822,2022,Marine LE PEN,Marine LE PEN,True
823,2022,Marine LE PEN,Marine LE PEN,True
824,2022,Marine LE PEN,Marine LE PEN,True
826,2022,Marine LE PEN,Marine LE PEN,True
827,2022,Marine LE PEN,Marine LE PEN,True
828,2022,Marine LE PEN,Marine LE PEN,True
829,2022,Marine LE PEN,Marine LE PEN,True
830,2022,Marine LE PEN,Marine LE PEN,True
831,2022,Marine LE PEN,Marine LE PEN,True
832,2022,Marine LE PEN,Marine LE PEN,True
833,2022,Marine LE PEN,Marine LE PEN,True
834,2022,Marine LE PEN,Marine LE PEN,True
835,2022,Marine LE PEN,Marine LE PEN,True
836,2022,Emmanuel MACRON,Jean-Luc MÉLENCHON,False
837,2022,Marine LE PEN,Marine LE PEN,True
838,2022,Marine LE PEN,Marine LE PEN,True
839,2022,Marine LE PEN,Marine LE PEN,True
840,2022,Marine LE PEN,Marine LE PEN,True
841,2022,Marine LE PEN,Marine LE PEN,True
842,2022,Marine LE PEN,Marine LE PEN,True
843,2022,Marine LE PEN,Marine LE PEN,True
844,2022,Marine LE PEN,Marine LE PEN,True
845,2022,Marine LE PEN,Marine LE PEN,True
846,2022,Marine LE PEN,Marine LE PEN,True
847,2022,Marine LE PEN,Marine LE PEN,True
848,2022,Emmanuel MACRON,Jean-Luc MÉLENCHON,False
849,2022,Marine LE PEN,Marine LE PEN,True
850,2022,Marine LE PEN,Marine LE PEN,True
851,2022,Marine LE PEN,Marine LE PEN,True
852,2022,Marine LE PEN,Marine LE PEN,True
853,2022,Marine LE PEN,Marine LE PEN,True
854,2022,Marine LE PEN,Marine LE PEN,True
855,2022,Marine LE PEN,Marine LE PEN,True
856,2022,Marine LE PEN,Marine LE PEN,True
857,2022,Marine LE PEN,Marine LE PEN,True
858,2022,Marine LE PEN,Marine LE PEN,True
859,2022,Marine LE PEN,Marine LE PEN,True
860,2022,Marine LE PEN,Marine LE PEN,True
861,2022,Marine LE PEN,Marine LE PEN,True
862,2022,Marine LE PEN,Marine LE PEN,True
863,2022,Marine LE PEN,Marine LE PEN,True
865,2022,Marine LE PEN,Marine LE PEN,True
866,2022,Marine LE PEN,Marine LE PEN,True
867,2022,Marine LE PEN,Marine LE PEN,True
868,2022,Marine LE PEN,Marine LE PEN,True
869,2022,Emmanuel MACRON,Jean-Luc MÉLENCHON,False
870,2022,Marine LE PEN,Marine LE PEN,True
871,2022,Marine LE PEN,Marine LE PEN,True
872,2022,Marine LE PEN,Marine LE PEN,True
873,2022,Marine LE PEN,Marine LE PEN,True
874,2022,Marine LE PEN,Marine LE PEN,True
875,2022,Marine LE PEN,Marine LE PEN,True
876,2022,Marine LE PEN,Marine LE PEN,True
877,2022,Marine LE PEN,Marine LE PEN,True
878,2022,Emmanuel MACRON,Emmanuel MACRON,True
879,2022,Marine LE PEN,Marine LE PEN,True
880,2022,Marine LE PEN,Marine LE PEN,True
881,2022,Marine LE PEN,Marine LE PEN,True
882,2022,Marine LE PEN,Marine LE PEN,True
883,2022,Marine LE PEN,Marine LE PEN,True
884,2022,Marine LE PEN,Marine LE PEN,True
885,2022,Marine LE PEN,Marine LE PEN,True
886,2022,Marine LE PEN,Marine LE PEN,True
887,2022,Marine LE PEN,Marine LE PEN,True
888,2022,Marine LE PEN,Marine LE PEN,True
889,2022,Marine LE PEN,Marine LE PEN,True
890,2022,Marine LE PEN,Marine LE PEN,True
891,2022,Marine LE PEN,Marine LE PEN,True
892,2022,Marine LE PEN,Marine LE PEN,True
893,2022,Marine LE PEN,Marine LE PEN,True
894,2022,Emmanuel MACRON,Jean-Luc MÉLENCHON,False
895,2022,Emmanuel MACRON,Emmanuel MACRON,True
896,2022,Marine LE PEN,Marine LE PEN,True
897,2022,Marine LE PEN,Marine LE PEN,True
898,2022,Marine LE PEN,Marine LE PEN,True
899,2022,Marine LE PEN,Marine LE PEN,True
900,2022,Marine LE PEN,Marine LE PEN,True
901,2022,Marine LE PEN,Marine LE PEN,True
902,2022,Marine LE PEN,Marine LE PEN,True
903,2022,Emmanuel MACRON,Jean-Luc MÉLENCHON,False
904,2022,Marine LE PEN,Marine LE PEN,True
905,2022,Marine LE PEN,Marine LE PEN,True
906,2022,Marine LE PEN,Marine LE PEN,True
907,2022,Marine LE PEN,Marine LE PEN,True
908,2022,Marine LE PEN,Marine LE PEN,True
909,2022,Marine LE PEN,Marine LE PEN,True
910,2022,Marine LE PEN,Marine LE PEN,True
911,2022,Marine LE PEN,Marine LE PEN,True
912,2022,Marine LE PEN,Marine LE PEN,True
913,2022,Marine LE PEN,Marine LE PEN,True
914,2022,Marine LE PEN,Marine LE PEN,True
915,2022,Marine LE PEN,Marine LE PEN,True
916,2022,Marine LE PEN,Marine LE PEN,True
917,2022,Marine LE PEN,Marine LE PEN,True
918,2022,Marine LE PEN,Marine LE PEN,True
919,2022,Emmanuel MACRON,Jean-Luc MÉLENCHON,False
920,2022,Marine LE PEN,Marine LE PEN,True
921,2022,Marine LE PEN,Marine LE PEN,True
922,2022,Marine LE PEN,Marine LE PEN,True
923,2022,Marine LE PEN,Marine LE PEN,True
924,2022,Marine LE PEN,Marine LE PEN,True
925,2022,Marine LE PEN,Marine LE PEN,True
926,2022,Marine LE PEN,Marine LE PEN,True
927,2022,Marine LE PEN,Marine LE PEN,True
928,2022,Marine LE PEN,Marine LE PEN,True
929,2022,Marine LE PEN,Marine LE PEN,True
930,2022,Emmanuel MACRON,Jean-Luc MÉLENCHON,False
931,2022,Marine LE PEN,Marine LE PEN,True
932,2022,Marine LE PEN,Marine LE PEN,True
933,2022,Marine LE PEN,Marine LE PEN,True
934,2022,Marine LE PEN,Marine LE PEN,True
935,2022,Marine LE PEN,Marine LE PEN,True
936,2022,Marine LE PEN,Marine LE PEN,True
937,2022,Marine LE PEN,Marine LE PEN,True
938,2022,Marine LE PEN,Marine LE PEN,True
939,2022,Marine LE PEN,Marine LE PEN,True
940,2022,Marine LE PEN,Marine LE PEN,True
941,2022,Marine LE PEN,Marine LE PEN,True
942,2022,Marine LE PEN,Marine LE PEN,True
943,2022,Marine LE PEN,Marine LE PEN,True
944,2022,Marine LE PEN,Marine LE PEN,True
945,2022,Marine LE PEN,Marine LE PEN,True
946,2022,Marine LE PEN,Marine LE PEN,True
947,2022,Marine LE PEN,Marine LE PEN,True
948,2022,Marine LE PEN,Marine LE PEN,True
949,2022,Emmanuel MACRON,Jean-Luc MÉLENCHON,False
950,2022,Marine LE PEN,Marine LE PEN,True
951,2022,Marine LE PEN,Marine LE PEN,True
952,2022,Marine LE PEN,Marine LE PEN,True
953,2022,Marine LE PEN,Marine LE PEN,True
954,2022,Marine LE PEN,Marine LE PEN,True
955,2022,Marine LE PEN,Marine LE PEN,True
956,2022,Emmanuel MACRON,Jean-Luc MÉLENCHON,False
957,2022,Marine LE PEN,Marine LE PEN,True
958,2022,Marine LE PEN,Marine LE PEN,True
959,2022,Marine LE PEN,Marine LE PEN,True
960,2022,Marine LE PEN,Marine LE PEN,True
961,2022,Emmanuel MACRON,Emmanuel MACRON,True
962,2022,Marine LE PEN,Marine LE PEN,True
963,2022,Marine LE PEN,Marine LE PEN,True
964,2022,Marine LE PEN,Marine LE PEN,True
965,2022,Marine LE PEN,Marine LE PEN,True
966,2022,Marine LE PEN,Marine LE PEN,True
967,2022,Marine LE PEN,Marine LE PEN,True
968,2022,Marine LE PEN,Marine LE PEN,True
969,2022,Marine LE PEN,Marine LE PEN,True
970,2022,Marine LE PEN,Marine LE PEN,True
971,2022,Marine LE PEN,Marine LE PEN,True
972,2022,Marine LE PEN,Marine LE PEN,True
973,2022,Marine LE PEN,Marine LE PEN,True
974,2022,Marine LE PEN,Marine LE PEN,True
975,2022,Marine LE PEN,Marine LE PEN,True
976,2022,Emmanuel MACRON,Jean-Luc MÉLENCHON,False
977,2022,Marine LE PEN,Marine LE PEN,True
978,2022,Marine LE PEN,Marine LE PEN,True
979,2022,Marine LE PEN,Marine LE PEN,True
980,2022,Marine LE PEN,Marine LE PEN,True
981,2022,Marine LE PEN,Marine LE PEN,True
982,2022,Marine LE PEN,Marine LE PEN,True
983,2022,Marine LE PEN,Marine LE PEN,True
984,2022,Marine LE PEN,Marine LE PEN,True
985,2022,Marine LE PEN,Marine LE PEN,True
986,2022,Marine LE PEN,Marine LE PEN,True
987,2022,Marine LE PEN,Marine LE PEN,True
988,2022,Marine LE PEN,Marine LE PEN,True
989,2022,Marine LE PEN,Marine LE PEN,True
990,2022,Marine LE PEN,Marine LE PEN,True
991,2022,Marine LE PEN,Marine LE PEN,True
992,2022,Emmanuel MACRON,Jean-Luc MÉLENCHON,False
993,2022,Marine LE PEN,Marine LE PEN,True
994,2022,Marine LE PEN,Marine LE PEN,True
995,2022,Emmanuel MACRON,François FILLON,False
996,2022,Marine LE PEN,Marine LE PEN,True
997,2022,Marine LE PEN,Marine LE PEN,True
998,2022,Marine LE PEN,Marine LE PEN,True
999,2022,Marine LE PEN,Marine LE PEN,True
1000,2022,Emmanuel MACRON,Jean-Luc MÉLENCHON,False
1001,2022,Marine LE PEN,Marine LE PEN,True
1002,2022,Marine LE PEN,Marine LE PEN,True
1003,2022,Marine LE PEN,Marine LE PEN,True
1004,2022,Marine LE PEN,Marine LE PEN,True
1005,2022,Marine LE PEN,Marine LE PEN,True
1006,2022,Emmanuel MACRON,Jean-Luc MÉLENCHON,False
1007,2022,Marine LE PEN,Marine LE PEN,True
1008,2022,Marine LE PEN,Marine LE PEN,True
1009,2022,Marine LE PEN,Marine LE PEN,True
1010,2022,Marine LE PEN,Marine LE PEN,True
1011,2022,Marine LE PEN,Marine LE PEN,True
1012,2022,Marine LE PEN,Marine LE PEN,True
1013,2022,Marine LE PEN,Marine LE PEN,True
1014,2022,Marine LE PEN,Marine LE PEN,True
1015,2022,Marine LE PEN,Marine LE PEN,True
1016,2022,Emmanuel MACRON,Emmanuel MACRON,True
1017,2022,Marine LE PEN,Marine LE PEN,True
1018,2022,Marine LE PEN,Marine LE PEN,True
1019,2022,Marine LE PEN,Marine LE PEN,True
1020,2022,Marine LE PEN,Marine LE PEN,True
1021,2022,Emmanuel MACRON,Jean-Luc MÉLENCHON,False
1022,2022,Marine LE PEN,Marine LE PEN,True
1023,2022,Marine LE PEN,Marine LE PEN,True
1024,2022,Marine LE PEN,Marine LE PEN,True
1025,2022,Marine LE PEN,Marine LE PEN,True
1026,2022,Marine LE PEN,Marine LE PEN,True
1027,2022,Marine LE PEN,Marine LE PEN,True
1028,2022,Marine LE PEN,Marine LE PEN,True
1029,2022,Marine LE PEN,Marine LE PEN,True
1030,2022,Marine LE PEN,Marine LE PEN,True
1031,2022,Marine LE PEN,Marine LE PEN,True
1032,2022,Marine LE PEN,Marine LE PEN,True
1033,2022,Marine LE PEN,Marine LE PEN,True
1034,2022,Marine LE PEN,Marine LE PEN,True
1035,2022,Marine LE PEN,Marine LE PEN,True
1036,2022,Marine LE PEN,Marine LE PEN,True
1037,2022,Emmanuel MACRON,Jean-Luc MÉLENCHON,False
1038,2022,Marine LE PEN,Marine LE PEN,True
1039,2022,Emmanuel MACRON,Jean-Luc MÉLENCHON,False
1040,2022,Marine LE PEN,Marine LE PEN,True
1041,2022,Marine LE PEN,Marine LE PEN,True
1042,2022,Emmanuel MACRON,Jean-Luc MÉLENCHON,False
1043,2022,Marine LE PEN,Marine LE PEN,True
1044,2022,Marine LE PEN,Marine LE PEN,True
1045,2022,Marine LE PEN,Marine LE PEN,True
1046,2022,Marine LE PEN,Marine LE PEN,True
1047,2022,Marine LE PEN,Marine LE PEN,True
1048,2022,Marine LE PEN,Marine LE PEN,True
1049,2022,Marine LE PEN,Marine LE PEN,True
1050,2022,Marine LE PEN,Marine LE PEN,True
1051,2022,Marine LE PEN,Marine LE PEN,True
1052,2022,Emmanuel MACRON,Jean-Luc MÉLENCHON,False
1053,2022,Marine LE PEN,Marine LE PEN,True
1054,2022,Marine LE PEN,Marine LE PEN,True
1055,2022,Marine LE PEN,Marine LE PEN,True
1056,2022,Emmanuel MACRON,Jean-Luc MÉLENCHON,False
1057,2022,Marine LE PEN,Marine LE PEN,True
1058,2022,Marine LE PEN,Marine LE PEN,True
1059,2022,Marine LE PEN,Marine LE PEN,True
1060,2022,Marine LE PEN,Marine LE PEN,True
1061,2022,Marine LE PEN,Marine LE PEN,True
1062,2022,Marine LE PEN,Marine LE PEN,True
1063,2022,Marine LE PEN,Marine LE PEN,True
1064,2022,Marine LE PEN,Marine LE PEN,True
1065,2022,Marine LE PEN,Marine LE PEN,True
1066,2022,Marine LE PEN,Marine LE PEN,True
1067,2022,Marine LE PEN,Marine LE PEN,True
1068,2022,Marine LE PEN,Marine LE PEN,True
1069,2022,Emmanuel MACRON,Jean-Luc MÉLENCHON,False
1070,2022,Emmanuel MACRON,François FILLON,False
1071,2022,Marine LE PEN,Marine LE PEN,True
1072,2022,Emmanuel MACRON,François FILLON,False
1073,2022,Marine LE PEN,Marine LE PEN,True
1074,2022,Marine LE PEN,Marine LE PEN,True
1075,2022,Marine LE PEN,Marine LE PEN,True
1077,2022,Emmanuel MACRON,Jean-Luc MÉLENCHON,False
1078,2022,Marine LE PEN,Marine LE PEN,True
1079,2022,Marine LE PEN,Marine LE PEN,True
1080,2022,Marine LE PEN,Marine LE PEN,True
1081,2022,Marine LE PEN,Marine LE PEN,True
1082,2022,Marine LE PEN,Marine LE PEN,True
1083,2022,Marine LE PEN,Marine LE PEN,True
1084,2022,Marine LE PEN,Marine LE PEN,True
1085,2022,Marine LE PEN,Marine LE PEN,True
1086,2022,Marine LE PEN,Marine LE PEN,True
1087,2022,Marine LE PEN,Marine LE PEN,True
1088,2022,Marine LE PEN,Marine LE PEN,True
1089,2022,Marine LE PEN,Marine LE PEN,True
1090,2022,Marine LE PEN,Marine LE PEN,True
1091,2022,Marine LE PEN,Marine LE PEN,True
1092,2022,Marine LE PEN,Marine LE PEN,True
1093,2022,Marine LE PEN,Marine LE PEN,True
1094,2022,Marine LE PEN,Marine LE PEN,True
1095,2022,Marine LE PEN,Marine LE PEN,True
1096,2022,Marine LE PEN,Marine LE PEN,True
1097,2022,Marine LE PEN,Marine LE PEN,True
1098,2022,Marine LE PEN,Marine LE PEN,True
1099,2022,Marine LE PEN,Marine LE PEN,True
1100,2022,Marine LE PEN,Marine LE PEN,True
1101,2022,Marine LE PEN,Marine LE PEN,True
1102,2022,Marine LE PEN,Marine LE PEN,True
1103,2022,Marine LE PEN,Marine LE PEN,True
1104,2022,Marine LE PEN,Marine LE PEN,True
1105,2022,Marine LE PEN,Marine LE PEN,True
1106,2022,Marine LE PEN,Marine LE PEN,True
1107,2022,Marine LE PEN,Marine LE PEN,True
1108,2022,Marine LE PEN,Marine LE PEN,True
1109,2022,Marine LE PEN,Marine LE PEN,True
1110,2022,Marine LE PEN,Marine LE PEN,True
1111,2022,Marine LE PEN,Marine LE PEN,True
1112,2022,Marine LE PEN,Marine LE PEN,True
1114,2022,Marine LE PEN,Marine LE PEN,True
1115,2022,Emmanuel MACRON,François FILLON,False
1116,2022,Marine LE PEN,Marine LE PEN,True
1117,2022,Marine LE PEN,Marine LE PEN,True
1118,2022,Marine LE PEN,Marine LE PEN,True
1119,2022,Marine LE PEN,Marine LE PEN,True
1120,2022,Marine LE PEN,Marine LE PEN,True
1121,2022,Marine LE PEN,Marine LE PEN,True
1122,2022,Marine LE PEN,Marine LE PEN,True
1123,2022,Marine LE PEN,Marine LE PEN,True
1124,2022,Emmanuel MACRON,Emmanuel MACRON,True
1125,2022,Marine LE PEN,Marine LE PEN,True
1126,2022,Marine LE PEN,Marine LE PEN,True
1127,2022,Marine LE PEN,Marine LE PEN,True
1128,2022,Marine LE PEN,Marine LE PEN,True
1129,2022,Marine LE PEN,Marine LE PEN,True
1130,2022,Marine LE PEN,Marine LE PEN,True
1131,2022,Marine LE PEN,Marine LE PEN,True
1132,2022,Marine LE PEN,Marine LE PEN,True
1133,2022,Marine LE PEN,Marine LE PEN,True
1134,2022,Marine LE PEN,Marine LE PEN,True
1135,2022,Marine LE PEN,Marine LE PEN,True
1136,2022,Marine LE PEN,Marine LE PEN,True
1137,2022,Marine LE PEN,Marine LE PEN,True
1138,2022,Marine LE PEN,Marine LE PEN,True
1139,2022,Marine LE PEN,Marine LE PEN,True
1140,2022,Marine LE PEN,Marine LE PEN,True
1141,2022,Marine LE PEN,Marine LE PEN,True
1142,2022,Marine LE PEN,Marine LE PEN,True
1143,2022,Marine LE PEN,Marine LE PEN,True
1144,2022,Marine LE PEN,Marine LE PEN,True
1145,2022,Emmanuel MACRON,Jean-Luc MÉLENCHON,False
1146,2022,Marine LE PEN,Marine LE PEN,True
1147,2022,Marine LE PEN,Marine LE PEN,True
1148,2022,Marine LE PEN,Marine LE PEN,True
1149,2022,Marine LE PEN,Marine LE PEN,True
1150,2022,Marine LE PEN,Marine LE PEN,True
1151,2022,Marine LE PEN,Marine LE PEN,True
1152,2022,Emmanuel MACRON,Jean-Luc MÉLENCHON,False
1153,2022,Marine LE PEN,Marine LE PEN,True
1154,2022,Marine LE PEN,Marine LE PEN,True
1155,2022,Marine LE PEN,Marine LE PEN,True
1156,2022,Marine LE PEN,Marine LE PEN,True
1157,2022,Marine LE PEN,Marine LE PEN,True
1158,2022,Marine LE PEN,Marine LE PEN,True
1159,2022,Marine LE PEN,Marine LE PEN,True
1160,2022,Marine LE PEN,Marine LE PEN,True
1161,2022,Marine LE PEN,Marine LE PEN,True
1162,2022,Marine LE PEN,Marine LE PEN,True
1163,2022,Marine LE PEN,Marine LE PEN,True
1164,2022,Marine LE PEN,Marine LE PEN,True
1165,2022,Marine LE PEN,Marine LE PEN,True
1166,2022,Marine LE PEN,Marine LE PEN,True
1167,2022,Marine LE PEN,Marine LE PEN,True
1168,2022,Marine LE PEN,Marine LE PEN,True
1169,2022,Marine LE PEN,Marine LE PEN,True
1170,2022,Marine LE PEN,Marine LE PEN,True
1171,2022,Marine LE PEN,Marine LE PEN,True
1172,2022,Marine LE PEN,Marine LE PEN,True
1173,2022,Marine LE PEN,Marine LE PEN,True
1174,2022,Marine LE PEN,Marine LE PEN,True
1175,2022,Marine LE PEN,Marine LE PEN,True
1176,2022,Marine LE PEN,Marine LE PEN,True
1177,2022,Marine LE PEN,Marine LE PEN,True
1178,2022,Marine LE PEN,Marine LE PEN,True
1179,2022,Marine LE PEN,Marine LE PEN,True
1180,2022,Marine LE PEN,Marine LE PEN,True
1181,2022,Marine LE PEN,Marine LE PEN,True
1182,2022,Marine LE PEN,Marine LE PEN,True
1183,2022,Marine LE PEN,Marine LE PEN,True
1184,2022,Marine LE PEN,Marine LE PEN,True
1185,2022,Marine LE PEN,Marine LE PEN,True
1186,2022,Marine LE PEN,Marine LE PEN,True
1187,2022,Marine LE PEN,Marine LE PEN,True
1189,2022,Marine LE PEN,Marine LE PEN,True
1190,2022,Marine LE PEN,Marine LE PEN,True
1191,2022,Marine LE PEN,Marine LE PEN,True
1192,2022,Marine LE PEN,Marine LE PEN,True
1193,2022,Marine LE PEN,Marine LE PEN,True
1194,2022,Marine LE PEN,Marine LE PEN,True
1195,2022,Marine LE PEN,Marine LE PEN,True
1196,2022,Marine LE PEN,Marine LE PEN,True
1197,2022,Marine LE PEN,Marine LE PEN,True
1198,2022,Marine LE PEN,Marine LE PEN,True
1199,2022,Marine LE PEN,Marine LE PEN,True
1200,2022,Marine LE PEN,Marine LE PEN,True
1201,2022,Emmanuel MACRON,Jean-Luc MÉLENCHON,False
1202,2022,Emmanuel MACRON,Jean-Luc MÉLENCHON,False
1203,2022,Marine LE PEN,Marine LE PEN,True
1204,2022,Marine LE PEN,Marine LE PEN,True
1205,2022,Marine LE PEN,Marine LE PEN,True
1206,2022,Emmanuel MACRON,François FILLON,False
1207,2022,Marine LE PEN,Marine LE PEN,True
1208,2022,Marine LE PEN,Marine LE PEN,True
1209,2022,Marine LE PEN,Marine LE PEN,True
1210,2022,Marine LE PEN,Marine LE PEN,True
1211,2022,Marine LE PEN,Marine LE PEN,True
1212,2022,Emmanuel MACRON,Emmanuel MACRON,True
1213,2022,Jean-Luc MÉLENCHON,François FILLON,False
1214,2022,Marine LE PEN,Marine LE PEN,True
1215,2022,Marine LE PEN,Marine LE PEN,True
1216,2022,Marine LE PEN,Marine LE PEN,True
1217,2022,Marine LE PEN,Marine LE PEN,True
1218,2022,Emmanuel MACRON,François FILLON,False
1219,2022,Emmanuel MACRON,Jean-Luc MÉLENCHON,False
1220,2022,Marine LE PEN,Marine LE PEN,True
1221,2022,Marine LE PEN,Marine LE PEN,True
1222,2022,Marine LE PEN,Marine LE PEN,True
1223,2022,Jean-Luc MÉLENCHON,Jean-Luc MÉLENCHON,True
1224,2022,Emmanuel MACRON,Emmanuel MACRON,True
1225,2022,Emmanuel MACRON,Jean-Luc MÉLENCHON,False
1226,2022,Marine LE PEN,Marine LE PEN,True
1227,2022,Marine LE PEN,Marine LE PEN,True
1228,2022,Marine LE PEN,Marine LE PEN,True
1229,2022,Marine LE PEN,Marine LE PEN,True
1230,2022,Marine LE PEN,Marine LE PEN,True
1231,2022,Marine LE PEN,Marine LE PEN,True
1232,2022,Emmanuel MACRON,François FILLON,False
1233,2022,Marine LE PEN,Marine LE PEN,True
1234,2022,Emmanuel MACRON,Emmanuel MACRON,True
1235,2022,Marine LE PEN,Marine LE PEN,True
1236,2022,Marine LE PEN,Marine LE PEN,True
1237,2022,Emmanuel MACRON,François FILLON,False
1238,2022,Marine LE PEN,Marine LE PEN,True
1239,2022,Marine LE PEN,Marine LE PEN,True
1240,2022,Marine LE PEN,Marine LE PEN,True
1241,2022,Marine LE PEN,Marine LE PEN,True
1242,2022,Emmanuel MACRON,Emmanuel MACRON,True
1243,2022,Marine LE PEN,Marine LE PEN,True
1244,2022,Marine LE PEN,Marine LE PEN,True
1245,2022,Marine LE PEN,Marine LE PEN,True
1246,2022,Marine LE PEN,Marine LE PEN,True
1247,2022,Jean-Luc MÉLENCHON,Emmanuel MACRON,False
1248,2022,Marine LE PEN,Marine LE PEN,True
1249,2022,Marine LE PEN,Marine LE PEN,True
1250,2022,Marine LE PEN,Marine LE PEN,True
1251,2022,Emmanuel MACRON,Emmanuel MACRON,True
1252,2022,Emmanuel MACRON,Jean-Luc MÉLENCHON,False
1253,2022,Emmanuel MACRON,Jean-Luc MÉLENCHON,False
1254,2022,Marine LE PEN,Marine LE PEN,True
1255,2022,Emmanuel MACRON,Emmanuel MACRON,True
1256,2022,Marine LE PEN,Marine LE PEN,True
1257,2022,Marine LE PEN,Marine LE PEN,True
1258,2022,Marine LE PEN,Marine LE PEN,True
1259,2022,Emmanuel MACRON,Jean-Luc MÉLENCHON,False
1260,2022,Marine LE PEN,Marine LE PEN,True
1261,2022,Jean-Luc MÉLENCHON,Jean-Luc MÉLENCHON,True
1262,2022,Marine LE PEN,Marine LE PEN,True
1263,2022,Marine LE PEN,Marine LE PEN,True
1264,2022,Emmanuel MACRON,Jean-Luc MÉLENCHON,False
1265,2022,Marine LE PEN,Marine LE PEN,True
1266,2022,Marine LE PEN,Marine LE PEN,True
1267,2022,Emmanuel MACRON,Jean-Luc MÉLENCHON,False
1268,2022,Emmanuel MACRON,François FILLON,False
1269,2022,Marine LE PEN,Marine LE PEN,True
1270,2022,Marine LE PEN,Marine LE PEN,True
1271,2022,Emmanuel MACRON,Emmanuel MACRON,True
1272,2022,Marine LE PEN,Marine LE PEN,True
1273,2022,Marine LE PEN,Marine LE PEN,True
1274,2022,Marine LE PEN,Marine LE PEN,True
1275,2022,Marine LE PEN,Marine LE PEN,True
1276,2022,Marine LE PEN,Marine LE PEN,True
1277,2022,Emmanuel MACRON,Jean-Luc MÉLENCHON,False
1278,2022,Emmanuel MACRON,François FILLON,False
1279,2022,Marine LE PEN,Marine LE PEN,True
1280,2022,Jean-Luc MÉLENCHON,Jean-Luc MÉLENCHON,True
1281,2022,Emmanuel MACRON,François FILLON,False
1282,2022,Marine LE PEN,Marine LE PEN,True
1283,2022,Marine LE PEN,Marine LE PEN,True
1284,2022,Marine LE PEN,Marine LE PEN,True
1285,2022,Emmanuel MACRON,Jean-Luc MÉLENCHON,False
1286,2022,Marine LE PEN,Marine LE PEN,True
1287,2022,Emmanuel MACRON,François FILLON,False
1288,2022,Marine LE PEN,Marine LE PEN,True
1289,2022,Jean-Luc MÉLENCHON,Jean-Luc MÉLENCHON,True
1290,2022,Marine LE PEN,Marine LE PEN,True
1291,2022,Emmanuel MACRON,François FILLON,False
1292,2022,Marine LE PEN,Marine LE PEN,True
1293,2022,Marine LE PEN,Marine LE PEN,True
1294,2022,Marine LE PEN,Marine LE PEN,True
1295,2022,Emmanuel MACRON,Emmanuel MACRON,True
1296,2022,Emmanuel MACRON,François FILLON,False
1297,2022,Marine LE PEN,Marine LE PEN,True
1298,2022,Marine LE PEN,Marine LE PEN,True
1299,2022,Marine LE PEN,Marine LE PEN,True
1300,2022,Jean-Luc MÉLENCHON,Jean-Luc MÉLENCHON,True
1301,2022,Marine LE PEN,Marine LE PEN,True
1302,2022,Marine LE PEN,Marine LE PEN,True
1303,2022,Marine LE PEN,Marine LE PEN,True
1304,2022,Emmanuel MACRON,Emmanuel MACRON,True
1305,2022,Emmanuel MACRON,Emmanuel MACRON,True
1306,2022,Emmanuel MACRON,Emmanuel MACRON,True
1307,2022,Emmanuel MACRON,François FILLON,False
1308,2022,Marine LE PEN,Marine LE PEN,True
1309,2022,Marine LE PEN,Marine LE PEN,True
1310,2022,Emmanuel MACRON,Jean-Luc MÉLENCHON,False
1311,2022,Marine LE PEN,Marine LE PEN,True
1312,2022,Marine LE PEN,Marine LE PEN,True
1313,2022,Marine LE PEN,Marine LE PEN,True
1314,2022,Marine LE PEN,Marine LE PEN,True
1315,2022,Marine LE PEN,Marine LE PEN,True
1316,2022,Marine LE PEN,Marine LE PEN,True
1317,2022,Marine LE PEN,Marine LE PEN,True
1318,2022,Emmanuel MACRON,Emmanuel MACRON,True
1319,2022,Emmanuel MACRON,François FILLON,False
1320,2022,Marine LE PEN,Marine LE PEN,True
1321,2022,Marine LE PEN,Marine LE PEN,True
1322,2022,Marine LE PEN,Marine LE PEN,True
1323,2022,Marine LE PEN,Marine LE PEN,True
1324,2022,Emmanuel MACRON,Jean-Luc MÉLENCHON,False
1325,2022,Marine LE PEN,Marine LE PEN,True
1326,2022,Emmanuel MACRON,François FILLON,False
1327,2022,Marine LE PEN,Marine LE PEN,True
1328,2022,Marine LE PEN,Marine LE PEN,True
1329,2022,Marine LE PEN,Marine LE PEN,True
1330,2022,Emmanuel MACRON,François FILLON,False
1331,2022,Marine LE PEN,Marine LE PEN,True
1332,2022,Marine LE PEN,Marine LE PEN,True
1333,2022,Jean-Luc MÉLENCHON,Jean-Luc MÉLENCHON,True
1334,2022,Marine LE PEN,Marine LE PEN,True
1335,2022,Marine LE PEN,Marine LE PEN,True
1336,2022,Marine LE PEN,Marine LE PEN,True
1337,2022,Emmanuel MACRON,Jean-Luc MÉLENCHON,False
1338,2022,Marine LE PEN,Marine LE PEN,True
1339,2022,Marine LE PEN,Marine LE PEN,True
1340,2022,Marine LE PEN,Marine LE PEN,True
1341,2022,Marine LE PEN,Marine LE PEN,True
1342,2022,Marine LE PEN,Marine LE PEN,True
1343,2022,Emmanuel MACRON,François FILLON,False
1344,2022,Emmanuel MACRON,François FILLON,False
1345,2022,Marine LE PEN,Marine LE PEN,True
1346,2022,Marine LE PEN,Marine LE PEN,True
1347,2022,Marine LE PEN,Marine LE PEN,True
1348,2022,Marine LE PEN,Marine LE PEN,True
1349,2022,Marine LE PEN,Marine LE PEN,True
1350,2022,Emmanuel MACRON,Emmanuel MACRON,True
1351,2022,Emmanuel MACRON,Emmanuel MACRON,True
1352,2022,Marine LE PEN,Marine LE PEN,True
1353,2022,Marine LE PEN,Marine LE PEN,True
1354,2022,Marine LE PEN,Marine LE PEN,True
1355,2022,Jean-Luc MÉLENCHON,Jean-Luc MÉLENCHON,True
1356,2022,Emmanuel MACRON,Jean-Luc MÉLENCHON,False
1357,2022,Marine LE PEN,Marine LE PEN,True
1358,2022,Marine LE PEN,Marine LE PEN,True
1359,2022,Emmanuel MACRON,Jean-Luc MÉLENCHON,False
1360,2022,Jean-Luc MÉLENCHON,François FILLON,False
1361,2022,Emmanuel MACRON,Jean-Luc MÉLENCHON,False
1362,2022,Jean-Luc MÉLENCHON,Jean-Luc MÉLENCHON,True
1363,2022,Marine LE PEN,Marine LE PEN,True
1364,2022,Marine LE PEN,Marine LE PEN,True
1365,2022,Emmanuel MACRON,Emmanuel MACRON,True
1366,2022,Marine LE PEN,Marine LE PEN,True
1367,2022,Marine LE PEN,Marine LE PEN,True
1368,2022,Marine LE PEN,Marine LE PEN,True
1369,2022,Marine LE PEN,Marine LE PEN,True
1370,2022,Emmanuel MACRON,Jean-Luc MÉLENCHON,False
1371,2022,Emmanuel MACRON,François FILLON,False
1372,2022,Marine LE PEN,Marine LE PEN,True
1373,2022,Marine LE PEN,Marine LE PEN,True
1374,2022,Emmanuel MACRON,Emmanuel MACRON,True
1375,2022,Emmanuel MACRON,François FILLON,False
1376,2022,Marine LE PEN,Marine LE PEN,True
1377,2022,Marine LE PEN,Marine LE PEN,True
1378,2022,Marine LE PEN,Marine LE PEN,True
1379,2022,Emmanuel MACRON,François FILLON,False
1380,2022,Emmanuel MACRON,François FILLON,False
1381,2022,Marine LE PEN,Marine LE PEN,True
1382,2022,Marine LE PEN,Marine LE PEN,True
1383,2022,Marine LE PEN,Marine LE PEN,True
1384,2022,Marine LE PEN,Marine LE PEN,True
1385,2022,Emmanuel MACRON,Jean-Luc MÉLENCHON,False
1386,2022,Marine LE PEN,Marine LE PEN,True
1387,2022,Marine LE PEN,Marine LE PEN,True
1388,2022,Marine LE PEN,Marine LE PEN,True
1389,2022,Marine LE PEN,Marine LE PEN,True
1390,2022,Marine LE PEN,Marine LE PEN,True
1391,2022,Marine LE PEN,Marine LE PEN,True
1392,2022,Emmanuel MACRON,François FILLON,False
1393,2022,Marine LE PEN,Marine LE PEN,True
1394,2022,Emmanuel MACRON,Emmanuel MACRON,True
1395,2022,Marine LE PEN,Marine LE PEN,True
1396,2022,Marine LE PEN,Marine LE PEN,True
1397,2022,Marine LE PEN,Marine LE PEN,True
1398,2022,Marine LE PEN,Marine LE PEN,True
1399,2022,Emmanuel MACRON,Emmanuel MACRON,True
1400,2022,Emmanuel MACRON,Emmanuel MACRON,True
1401,2022,Marine LE PEN,Marine LE PEN,True
1402,2022,Marine LE PEN,Marine LE PEN,True
1403,2022,Marine LE PEN,Marine LE PEN,True
1404,2022,Emmanuel MACRON,Emmanuel MACRON,True
1405,2022,Emmanuel MACRON,Jean-Luc MÉLENCHON,False
1406,2022,Emmanuel MACRON,Emmanuel MACRON,True
1407,2022,Marine LE PEN,Marine LE PEN,True
1408,2022,Emmanuel MACRON,Emmanuel MACRON,True
1409,2022,Marine LE PEN,Marine LE PEN,True
1410,2022,Emmanuel MACRON,Jean-Luc MÉLENCHON,False
1411,2022,Marine LE PEN,Marine LE PEN,True
1412,2022,Marine LE PEN,Marine LE PEN,True
1413,2022,Marine LE PEN,Marine LE PEN,True
1414,2022,Marine LE PEN,Marine LE PEN,True
1415,2022,Marine LE PEN,Marine LE PEN,True
1416,2022,Marine LE PEN,Marine LE PEN,True
1417,2022,Marine LE PEN,Marine LE PEN,True
1418,2022,Marine LE PEN,Marine LE PEN,True
1419,2022,Emmanuel MACRON,Emmanuel MACRON,True
1420,2022,Marine LE PEN,Marine LE PEN,True
1421,2022,Emmanuel MACRON,François FILLON,False
1422,2022,Marine LE PEN,Marine LE PEN,True
1423,2022,Marine LE PEN,Marine LE PEN,True
1424,2022,Emmanuel MACRON,Jean-Luc MÉLENCHON,False
1425,2022,Marine LE PEN,Marine LE PEN,True
1426,2022,Marine LE PEN,Marine LE PEN,True
1427,2022,Marine LE PEN,Marine LE PEN,True
1428,2022,Emmanuel MACRON,Jean-Luc MÉLENCHON,False
1429,2022,Emmanuel MACRON,Jean-Luc MÉLENCHON,False
1430,2022,Jean-Luc MÉLENCHON,François FILLON,False
1431,2022,Marine LE PEN,Marine LE PEN,True
1432,2022,Emmanuel MACRON,Jean-Luc MÉLENCHON,False
1433,2022,Marine LE PEN,Marine LE PEN,True
1434,2022,Marine LE PEN,Marine LE PEN,True
1435,2022,Marine LE PEN,Marine LE PEN,True
1437,2022,Marine LE PEN,Marine LE PEN,True
1438,2022,Marine LE PEN,Marine LE PEN,True
1439,2022,Emmanuel MACRON,François FILLON,False
1440,2022,Marine LE PEN,Marine LE PEN,True
1441,2022,Marine LE PEN,Marine LE PEN,True
1442,2022,Marine LE PEN,Marine LE PEN,True
1443,2022,Marine LE PEN,Marine LE PEN,True
1444,2022,Marine LE PEN,Marine LE PEN,True
1445,2022,Marine LE PEN,Marine LE PEN,True
1446,2022,Marine LE PEN,Marine LE PEN,True
1447,2022,Emmanuel MACRON,Jean-Luc MÉLENCHON,False
1448,2022,Marine LE PEN,Marine LE PEN,True
1449,2022,Marine LE PEN,Marine LE PEN,True
1450,2022,Marine LE PEN,Marine LE PEN,True
1451,2022,Emmanuel MACRON,François FILLON,False
1452,2022,Marine LE PEN,Marine LE PEN,True
1453,2022,Marine LE PEN,Marine LE PEN,True
1454,2022,Marine LE PEN,Marine LE PEN,True
1455,2022,Jean-Luc MÉLENCHON,Emmanuel MACRON,False
1456,2022,Emmanuel MACRON,Jean-Luc MÉLENCHON,False
1457,2022,Marine LE PEN,Marine LE PEN,True
1458,2022,Emmanuel MACRON,Jean-Luc MÉLENCHON,False
1459,2022,Marine LE PEN,Marine LE PEN,True
1460,2022,Marine LE PEN,Marine LE PEN,True
1461,2022,Marine LE PEN,Marine LE PEN,True
1462,2022,Emmanuel MACRON,Jean-Luc MÉLENCHON,False
1463,2022,Marine LE PEN,Marine LE PEN,True
1464,2022,Marine LE PEN,Marine LE PEN,True
1465,2022,Marine LE PEN,Marine LE PEN,True
1466,2022,Marine LE PEN,Marine LE PEN,True
1467,2022,Marine LE PEN,Marine LE PEN,True
1468,2022,Marine LE PEN,Marine LE PEN,True
1469,2022,Marine LE PEN,Marine LE PEN,True
1470,2022,Emmanuel MACRON,Emmanuel MACRON,True
1471,2022,Marine LE PEN,Marine LE PEN,True
1472,2022,Marine LE PEN,Marine LE PEN,True
1473,2022,Marine LE PEN,Marine LE PEN,True
1474,2022,Marine LE PEN,Marine LE PEN,True
1475,2022,Emmanuel MACRON,Jean-Luc MÉLENCHON,False
1476,2022,Emmanuel MACRON,Emmanuel MACRON,True
1477,2022,Emmanuel MACRON,François FILLON,False
1478,2022,Marine LE PEN,Marine LE PEN,True
1479,2022,Emmanuel MACRON,Emmanuel MACRON,True
1480,2022,Marine LE PEN,Marine LE PEN,True
1481,2022,Marine LE PEN,Marine LE PEN,True
1482,2022,Marine LE PEN,Marine LE PEN,True
1483,2022,Marine LE PEN,Marine LE PEN,True
1484,2022,Emmanuel MACRON,François FILLON,False
1485,2022,Marine LE PEN,Marine LE PEN,True
1486,2022,Emmanuel MACRON,François FILLON,False
1487,2022,Marine LE PEN,Marine LE PEN,True
1488,2022,Marine LE PEN,Marine LE PEN,True
1489,2022,Emmanuel MACRON,Jean-Luc MÉLENCHON,False
1490,2022,Emmanuel MACRON,Jean-Luc MÉLENCHON,False
1491,2022,Marine LE PEN,Marine LE PEN,True
1492,2022,Marine LE PEN,Marine LE PEN,True
1493,2022,Marine LE PEN,Marine LE PEN,True
1494,2022,Emmanuel MACRON,Emmanuel MACRON,True
1495,2022,Marine LE PEN,Marine LE PEN,True
1496,2022,Marine LE PEN,Marine LE PEN,True
1497,2022,Marine LE PEN,Marine LE PEN,True
1498,2022,Emmanuel MACRON,Emmanuel MACRON,True
1499,2022,Marine LE PEN,Marine LE PEN,True
1500,2022,Marine LE PEN,Marine LE PEN,True
1501,2022,Marine LE PEN,Marine LE PEN,True
1502,2022,Emmanuel MACRON,François FILLON,False
1503,2022,Emmanuel MACRON,François FILLON,False
1504,2022,Marine LE PEN,Marine LE PEN,True
1505,2022,Marine LE PEN,Marine LE PEN,True
1506,2022,Marine LE PEN,Marine LE PEN,True
1507,2022,Marine LE PEN,Marine LE PEN,True
1508,2022,Marine LE PEN,Marine LE PEN,True
1509,2022,Marine LE PEN,Marine LE PEN,True
1510,2022,Marine LE PEN,Marine LE PEN,True
1511,2022,Marine LE PEN,Marine LE PEN,True
1512,2022,Emmanuel MACRON,Emmanuel MACRON,True
1513,2022,Marine LE PEN,Marine LE PEN,True
1514,2022,Emmanuel MACRON,Emmanuel MACRON,True
1515,2022,Emmanuel MACRON,Jean-Luc MÉLENCHON,False
1516,2022,Marine LE PEN,Marine LE PEN,True
1517,2022,Marine LE PEN,Marine LE PEN,True
1518,2022,Emmanuel MACRON,Emmanuel MACRON,True
1519,2022,Emmanuel MACRON,Jean-Luc MÉLENCHON,False
1520,2022,Marine LE PEN,Marine LE PEN,True
1521,2022,Marine LE PEN,Marine LE PEN,True
1522,2022,Emmanuel MACRON,Emmanuel MACRON,True
1523,2022,Marine LE PEN,Marine LE PEN,True
1524,2022,Marine LE PEN,Marine LE PEN,True
1525,2022,Marine LE PEN,Marine LE PEN,True
1526,2022,Marine LE PEN,Marine LE PEN,True
1527,2022,Jean-Luc MÉLENCHON,Jean-Luc MÉLENCHON,True
1528,2022,Emmanuel MACRON,Emmanuel MACRON,True
1529,2022,Marine LE PEN,Marine LE PEN,True
1530,2022,Marine LE PEN,Marine LE PEN,True
1531,2022,Jean-Luc MÉLENCHON,Jean-Luc MÉLENCHON,True
1532,2022,Marine LE PEN,Marine LE PEN,True
1533,2022,Marine LE PEN,Marine LE PEN,True
1534,2022,Marine LE PEN,Marine LE PEN,True
1535,2022,Jean-Luc MÉLENCHON,François FILLON,False
1536,2022,Jean-Luc MÉLENCHON,François FILLON,False
1537,2022,Marine LE PEN,Marine LE PEN,True
1538,2022,Jean-Luc MÉLENCHON,François FILLON,False
1539,2022,Jean-Luc MÉLENCHON,François FILLON,False
1540,2022,Jean-Luc MÉLENCHON,Jean-Luc MÉLENCHON,True
1541,2022,Emmanuel MACRON,Jean-Luc MÉLENCHON,False
1542,2022,Marine LE PEN,Marine LE PEN,True
1543,2022,Jean-Luc MÉLENCHON,Jean-Luc MÉLENCHON,True
1544,2022,Marine LE PEN,Marine LE PEN,True
1545,2022,Emmanuel MACRON,Jean-Luc MÉLENCHON,False
1546,2022,Jean-Luc MÉLENCHON,Jean-Luc MÉLENCHON,True
1547,2022,Jean-Luc MÉLENCHON,Jean-Luc MÉLENCHON,True
1548,2022,Marine LE PEN,Marine LE PEN,True
1549,2022,Marine LE PEN,Marine LE PEN,True
1550,2022,Jean-Luc MÉLENCHON,Jean-Luc MÉLENCHON,True
1551,2022,Jean-Luc MÉLENCHON,Jean-Luc MÉLENCHON,True
1552,2022,Marine LE PEN,Marine LE PEN,True
1553,2022,Jean-Luc MÉLENCHON,Jean-Luc MÉLENCHON,True
1554,2022,Jean-Luc MÉLENCHON,Jean-Luc MÉLENCHON,True
1555,2022,Marine LE PEN,Marine LE PEN,True
1556,2022,Marine LE PEN,Marine LE PEN,True
1557,2022,Jean-Luc MÉLENCHON,Jean-Luc MÉLENCHON,True
1558,2022,Emmanuel MACRON,François FILLON,False
1559,2022,Marine LE PEN,Marine LE PEN,True
1560,2022,Jean-Luc MÉLENCHON,Jean-Luc MÉLENCHON,True
1561,2022,Emmanuel MACRON,Jean-Luc MÉLENCHON,False
1562,2022,Marine LE PEN,Marine LE PEN,True
1563,2022,Emmanuel MACRON,Jean-Luc MÉLENCHON,False
1564,2022,Marine LE PEN,Marine LE PEN,True
1565,2022,Marine LE PEN,Marine LE PEN,True
1566,2022,Marine LE PEN,Marine LE PEN,True
1567,2022,Marine LE PEN,Marine LE PEN,True
1568,2022,Jean-Luc MÉLENCHON,François FILLON,False
1569,2022,Marine LE PEN,Marine LE PEN,True
1570,2022,Marine LE PEN,Marine LE PEN,True
1571,2022,Marine LE PEN,Marine LE PEN,True
1572,2022,Jean-Luc MÉLENCHON,François FILLON,False
1573,2022,Jean-Luc MÉLENCHON,Jean-Luc MÉLENCHON,True
1574,2022,Marine LE PEN,Marine LE PEN,True
1575,2022,Jean-Luc MÉLENCHON,Jean-Luc MÉLENCHON,True
1576,2022,Emmanuel MACRON,Jean-Luc MÉLENCHON,False
1577,2022,Marine LE PEN,Marine LE PEN,True
1578,2022,Marine LE PEN,Marine LE PEN,True
1579,2022,Marine LE PEN,Marine LE PEN,True
1580,2022,Marine LE PEN,Marine LE PEN,True
1581,2022,Jean-Luc MÉLENCHON,François FILLON,False
1582,2022,Marine LE PEN,Marine LE PEN,True
1583,2022,Emmanuel MACRON,François FILLON,False
1584,2022,Jean-Luc MÉLENCHON,Emmanuel MACRON,False
1585,2022,Marine LE PEN,Marine LE PEN,True
1586,2022,Emmanuel MACRON,Jean-Luc MÉLENCHON,False
1587,2022,Jean-Luc MÉLENCHON,Jean-Luc MÉLENCHON,True
1588,2022,Jean-Luc MÉLENCHON,Jean-Luc MÉLENCHON,True
1589,2022,Marine LE PEN,Marine LE PEN,True
1590,2022,Jean-Luc MÉLENCHON,Jean-Luc MÉLENCHON,True
1591,2022,Marine LE PEN,Marine LE PEN,True
1592,2022,Emmanuel MACRON,Jean-Luc MÉLENCHON,False
1593,2022,Marine LE PEN,Marine LE PEN,True
1594,2022,Emmanuel MACRON,Jean-Luc MÉLENCHON,False
1595,2022,Emmanuel MACRON,Jean-Luc MÉLENCHON,False
1596,2022,Jean-Luc MÉLENCHON,Jean-Luc MÉLENCHON,True
1597,2022,Jean-Luc MÉLENCHON,Jean-Luc MÉLENCHON,True
1598,2022,Marine LE PEN,Marine LE PEN,True
1599,2022,Emmanuel MACRON,François FILLON,False
1600,2022,Marine LE PEN,Marine LE PEN,True
1601,2022,Marine LE PEN,Marine LE PEN,True
1602,2022,Marine LE PEN,Marine LE PEN,True
1603,2022,Jean-Luc MÉLENCHON,François FILLON,False
1604,2022,Marine LE PEN,Marine LE PEN,True
1605,2022,Marine LE PEN,Marine LE PEN,True
1606,2022,Marine LE PEN,Marine LE PEN,True
1607,2022,Emmanuel MACRON,Jean-Luc MÉLENCHON,False
1608,2022,Marine LE PEN,Marine LE PEN,True
1609,2022,Jean-Luc MÉLENCHON,Jean-Luc MÉLENCHON,True
1610,2022,Jean-Luc MÉLENCHON,Jean-Luc MÉLENCHON,True
1611,2022,Marine LE PEN,Marine LE PEN,True
1612,2022,Marine LE PEN,Marine LE PEN,True
1613,2022,Marine LE PEN,Marine LE PEN,True
1614,2022,Marine LE PEN,Marine LE PEN,True
1615,2022,Jean-Luc MÉLENCHON,Jean-Luc MÉLENCHON,True
1616,2022,Emmanuel MACRON,Emmanuel MACRON,True
1617,2022,Marine LE PEN,Marine LE PEN,True
1618,2022,Marine LE PEN,Marine LE PEN,True
1619,2022,Marine LE PEN,Marine LE PEN,True
1620,2022,Emmanuel MACRON,Jean-Luc MÉLENCHON,False
1621,2022,Emmanuel MACRON,Jean-Luc MÉLENCHON,False
1622,2022,Marine LE PEN,Marine LE PEN,True
1623,2022,Jean-Luc MÉLENCHON,Jean-Luc MÉLENCHON,True
1624,2022,Marine LE PEN,Marine LE PEN,True
1625,2022,Marine LE PEN,Marine LE PEN,True
1626,2022,Marine LE PEN,Marine LE PEN,True
1627,2022,Marine LE PEN,Marine LE PEN,True
1628,2022,Emmanuel MACRON,Jean-Luc MÉLENCHON,False
1629,2022,Jean-Luc MÉLENCHON,Jean-Luc MÉLENCHON,True
1630,2022,Jean-Luc MÉLENCHON,Jean-Luc MÉLENCHON,True
1631,2022,Marine LE PEN,Marine LE PEN,True
1632,2022,Jean-Luc MÉLENCHON,Jean-Luc MÉLENCHON,True
1633,2022,Marine LE PEN,Marine LE PEN,True
1634,2022,Emmanuel MACRON,Jean-Luc MÉLENCHON,False
1635,2022,Marine LE PEN,Marine LE PEN,True
1636,2022,Jean-Luc MÉLENCHON,François FILLON,False
1637,2022,Jean-Luc MÉLENCHON,Jean-Luc MÉLENCHON,True
1638,2022,Marine LE PEN,Marine LE PEN,True
1639,2022,Jean-Luc MÉLENCHON,Jean-Luc MÉLENCHON,True
1640,2022,Jean-Luc MÉLENCHON,Jean-Luc MÉLENCHON,True
1641,2022,Jean-Luc MÉLENCHON,Jean-Luc MÉLENCHON,True
1642,2022,Marine LE PEN,Marine LE PEN,True
1643,2022,Jean-Luc MÉLENCHON,Jean-Luc MÉLENCHON,True
1644,2022,Marine LE PEN,Marine LE PEN,True
1645,2022,Marine LE PEN,Marine LE PEN,True
1646,2022,Marine LE PEN,Marine LE PEN,True
1647,2022,Marine LE PEN,Marine LE PEN,True
1648,2022,Jean-Luc MÉLENCHON,Jean-Luc MÉLENCHON,True
1649,2022,Emmanuel MACRON,Emmanuel MACRON,True
1650,2022,Marine LE PEN,Marine LE PEN,True
1651,2022,Marine LE PEN,Marine LE PEN,True
1652,2022,Marine LE PEN,Marine LE PEN,True
1653,2022,Marine LE PEN,Marine LE PEN,True
1654,2022,Marine LE PEN,Marine LE PEN,True
1655,2022,Emmanuel MACRON,Jean-Luc MÉLENCHON,False
1656,2022,Jean-Luc MÉLENCHON,Emmanuel MACRON,False
1657,2022,Jean-Luc MÉLENCHON,Jean-Luc MÉLENCHON,True
1658,2022,Jean-Luc MÉLENCHON,Jean-Luc MÉLENCHON,True
1659,2022,Marine LE PEN,Marine LE PEN,True
1660,2022,Jean-Luc MÉLENCHON,Jean-Luc MÉLENCHON,True
1661,2022,Marine LE PEN,Marine LE PEN,True
1662,2022,Marine LE PEN,Marine LE PEN,True
1663,2022,Emmanuel MACRON,François FILLON,False
1664,2022,Jean-Luc MÉLENCHON,François FILLON,False
1665,2022,Jean-Luc MÉLENCHON,François FILLON,False
1666,2022,Marine LE PEN,Marine LE PEN,True
1667,2022,Marine LE PEN,Marine LE PEN,True
1668,2022,Marine LE PEN,Marine LE PEN,True
1669,2022,Jean-Luc MÉLENCHON,Jean-Luc MÉLENCHON,True
1670,2022,Emmanuel MACRON,Jean-Luc MÉLENCHON,False
1671,2022,Emmanuel MACRON,François FILLON,False
1672,2022,Jean-Luc MÉLENCHON,Emmanuel MACRON,False
1673,2022,Jean-Luc MÉLENCHON,Jean-Luc MÉLENCHON,True
1674,2022,Marine LE PEN,Marine LE PEN,True
1675,2022,Emmanuel MACRON,François FILLON,False
1676,2022,Marine LE PEN,Marine LE PEN,True
1677,2022,Marine LE PEN,Marine LE PEN,True
1678,2022,Jean-Luc MÉLENCHON,Jean-Luc MÉLENCHON,True
1679,2022,Emmanuel MACRON,Jean-Luc MÉLENCHON,False
1680,2022,Jean-Luc MÉLENCHON,François FILLON,False
1681,2022,Jean-Luc MÉLENCHON,Jean-Luc MÉLENCHON,True
1682,2022,Marine LE PEN,Marine LE PEN,True
1683,2022,Jean-Luc MÉLENCHON,François FILLON,False
1684,2022,Emmanuel MACRON,François FILLON,False
1685,2022,Jean-Luc MÉLENCHON,Emmanuel MACRON,False
1686,2022,Jean-Luc MÉLENCHON,Jean-Luc MÉLENCHON,True
1687,2022,Marine LE PEN,Marine LE PEN,True
1688,2022,Marine LE PEN,Marine LE PEN,True
1689,2022,Marine LE PEN,Marine LE PEN,True
1690,2022,Marine LE PEN,Marine LE PEN,True
1691,2022,Marine LE PEN,Marine LE PEN,True
1692,2022,Jean-Luc MÉLENCHON,Jean-Luc MÉLENCHON,True
1693,2022,Marine LE PEN,Marine LE PEN,True
1694,2022,Marine LE PEN,Marine LE PEN,True
1695,2022,Marine LE PEN,Marine LE PEN,True
1696,2022,Marine LE PEN,Marine LE PEN,True
1697,2022,Jean-Luc MÉLENCHON,Jean-Luc MÉLENCHON,True
1698,2022,Marine LE PEN,Marine LE PEN,True
1699,2022,Emmanuel MACRON,Jean-Luc MÉLENCHON,False
1700,2022,Marine LE PEN,Marine LE PEN,True
1701,2022,Marine LE PEN,Marine LE PEN,True
1702,2022,Emmanuel MACRON,Jean-Luc MÉLENCHON,False
1703,2022,Marine LE PEN,Marine LE PEN,True
1704,2022,Marine LE PEN,Marine LE PEN,True
1705,2022,Jean-Luc MÉLENCHON,Jean-Luc MÉLENCHON,True
1706,2022,Jean-Luc MÉLENCHON,Jean-Luc MÉLENCHON,True
1707,2022,Marine LE PEN,Marine LE PEN,True
1708,2022,Marine LE PEN,Marine LE PEN,True
1709,2022,Emmanuel MACRON,François FILLON,False
1710,2022,Emmanuel MACRON,Jean-Luc MÉLENCHON,False
1711,2022,Marine LE PEN,Marine LE PEN,True
1712,2022,Jean-Luc MÉLENCHON,Jean-Luc MÉLENCHON,True
1713,2022,Jean-Luc MÉLENCHON,François FILLON,False
1714,2022,Jean-Luc MÉLENCHON,François FILLON,False
1715,2022,Marine LE PEN,Marine LE PEN,True
1716,2022,Marine LE PEN,Marine LE PEN,True
1717,2022,Marine LE PEN,Marine LE PEN,True
1718,2022,Marine LE PEN,Marine LE PEN,True
1719,2022,Jean-Luc MÉLENCHON,François FILLON,False
1720,2022,Emmanuel MACRON,Jean-Luc MÉLENCHON,False
1721,2022,Jean-Luc MÉLENCHON,François FILLON,False
1722,2022,Marine LE PEN,Marine LE PEN,True
1723,2022,Jean-Luc MÉLENCHON,François FILLON,False
1724,2022,Marine LE PEN,Marine LE PEN,True
1725,2022,Marine LE PEN,Marine LE PEN,True
1726,2022,Marine LE PEN,Marine LE PEN,True
1727,2022,Jean-Luc MÉLENCHON,François FILLON,False
1728,2022,Jean-Luc MÉLENCHON,François FILLON,False
1729,2022,Emmanuel MACRON,Emmanuel MACRON,True
1730,2022,Jean-Luc MÉLENCHON,Emmanuel MACRON,False
1731,2022,Emmanuel MACRON,François FILLON,False
1732,2022,Marine LE PEN,Marine LE PEN,True
1733,2022,Emmanuel MACRON,Jean-Luc MÉLENCHON,False
1734,2022,Marine LE PEN,Marine LE PEN,True
1735,2022,Marine LE PEN,Marine LE PEN,True
1736,2022,Jean-Luc MÉLENCHON,François FILLON,False
1737,2022,Jean-Luc MÉLENCHON,François FILLON,False
1738,2022,Jean-Luc MÉLENCHON,François FILLON,False
1739,2022,Jean-Luc MÉLENCHON,François FILLON,False
1740,2022,Marine LE PEN,Marine LE PEN,True
1741,2022,Emmanuel MACRON,François FILLON,False
1742,2022,Marine LE PEN,Marine LE PEN,True
1743,2022,Marine LE PEN,Marine LE PEN,True
1744,2022,Marine LE PEN,Marine LE PEN,True
1745,2022,Jean-Luc MÉLENCHON,Emmanuel MACRON,False
1746,2022,Marine LE PEN,Marine LE PEN,True
1747,2022,Jean-Luc MÉLENCHON,François FILLON,False
1748,2022,Emmanuel MACRON,François FILLON,False
1749,2022,Marine LE PEN,Marine LE PEN,True
1750,2022,Marine LE PEN,Marine LE PEN,True
1751,2022,Emmanuel MACRON,François FILLON,False
1752,2022,Jean-Luc MÉLENCHON,François FILLON,False
1753,2022,Marine LE PEN,Marine LE PEN,True
1754,2022,Jean-Luc MÉLENCHON,Jean-Luc MÉLENCHON,True
1755,2022,Jean-Luc MÉLENCHON,Jean-Luc MÉLENCHON,True
1756,2022,Jean-Luc MÉLENCHON,Emmanuel MACRON,False
1757,2022,Emmanuel MACRON,Jean-Luc MÉLENCHON,False
1758,2022,Jean-Luc MÉLENCHON,François FILLON,False
1759,2022,Marine LE PEN,Marine LE PEN,True
1760,2022,Marine LE PEN,Marine LE PEN,True
1762,2022,Emmanuel MACRON,François FILLON,False
1763,2022,Marine LE PEN,Marine LE PEN,True
1764,2022,Jean-Luc MÉLENCHON,Emmanuel MACRON,False
1765,2022,Jean-Luc MÉLENCHON,Jean-Luc MÉLENCHON,True
1766,2022,Emmanuel MACRON,François FILLON,False
1767,2022,Marine LE PEN,Marine LE PEN,True
1768,2022,Marine LE PEN,Marine LE PEN,True
1769,2022,Jean-Luc MÉLENCHON,Emmanuel MACRON,False
1770,2022,Jean-Luc MÉLENCHON,François FILLON,False
1771,2022,Marine LE PEN,Marine LE PEN,True
1772,2022,Marine LE PEN,Marine LE PEN,True
1773,2022,Jean-Luc MÉLENCHON,François FILLON,False
1774,2022,Emmanuel MACRON,Jean-Luc MÉLENCHON,False
1775,2022,Marine LE PEN,Marine LE PEN,True
1776,2022,Jean-Luc MÉLENCHON,François FILLON,False
1777,2022,Marine LE PEN,Marine LE PEN,True
1778,2022,Jean-Luc MÉLENCHON,François FILLON,False
1779,2022,Emmanuel MACRON,Emmanuel MACRON,True
1780,2022,Emmanuel MACRON,François FILLON,False
1781,2022,Emmanuel MACRON,François FILLON,False
1782,2022,Emmanuel MACRON,Jean-Luc MÉLENCHON,False
1783,2022,Jean-Luc MÉLENCHON,François FILLON,False
1784,2022,Jean-Luc MÉLENCHON,Emmanuel MACRON,False
1785,2022,Marine LE PEN,Marine LE PEN,True
1786,2022,Marine LE PEN,Marine LE PEN,True
1787,2022,Emmanuel MACRON,François FILLON,False
1788,2022,Emmanuel MACRON,Jean-Luc MÉLENCHON,False
1789,2022,Marine LE PEN,Marine LE PEN,True
1790,2022,Marine LE PEN,Marine LE PEN,True
1791,2022,Marine LE PEN,Marine LE PEN,True
1792,2022,Jean-Luc MÉLENCHON,Jean-Luc MÉLENCHON,True
1793,2022,Emmanuel MACRON,François FILLON,False
1794,2022,Marine LE PEN,Marine LE PEN,True
1795,2022,Emmanuel MACRON,François FILLON,False
1796,2022,Jean-Luc MÉLENCHON,François FILLON,False
1797,2022,Jean-Luc MÉLENCHON,François FILLON,False
1798,2022,Jean-Luc MÉLENCHON,François FILLON,False
1799,2022,Marine LE PEN,Marine LE PEN,True
1800,2022,Emmanuel MACRON,François FILLON,False
1801,2022,Emmanuel MACRON,Jean-Luc MÉLENCHON,False
1802,2022,Jean-Luc MÉLENCHON,François FILLON,False
1804,2022,Jean-Luc MÉLENCHON,François FILLON,False
1805,2022,Marine LE PEN,Marine LE PEN,True
1806,2022,Emmanuel MACRON,Jean-Luc MÉLENCHON,False
1807,2022,Emmanuel MACRON,François FILLON,False
1808,2022,Jean-Luc MÉLENCHON,François FILLON,False
1809,2022,Jean-Luc MÉLENCHON,Jean-Luc MÉLENCHON,True
1810,2022,Marine LE PEN,Marine LE PEN,True
1811,2022,Marine LE PEN,Marine LE PEN,True
1812,2022,Jean-Luc MÉLENCHON,Jean-Luc MÉLENCHON,True
1813,2022,Emmanuel MACRON,François FILLON,False
1814,2022,Emmanuel MACRON,François FILLON,False
1815,2022,Jean-Luc MÉLENCHON,François FILLON,False
1816,2022,Jean-Luc MÉLENCHON,François FILLON,False
1817,2022,Jean-Luc MÉLENCHON,François FILLON,False
1818,2022,Marine LE PEN,Marine LE PEN,True
1819,2022,Marine LE PEN,Marine LE PEN,True
1820,2022,Emmanuel MACRON,François FILLON,False
1821,2022,Jean-Luc MÉLENCHON,François FILLON,False
1822,2022,Jean-Luc MÉLENCHON,François FILLON,False
1823,2022,Jean-Luc MÉLENCHON,François FILLON,False
1824,2022,Emmanuel MACRON,François FILLON,False
1825,2022,Jean-Luc MÉLENCHON,Jean-Luc MÉLENCHON,True
1826,2022,Jean-Luc MÉLENCHON,Jean-Luc MÉLENCHON,True
1827,2022,Marine LE PEN,Marine LE PEN,True
1828,2022,Emmanuel MACRON,François FILLON,False
1829,2022,Marine LE PEN,Marine LE PEN,True
1830,2022,Jean-Luc MÉLENCHON,François FILLON,False
1831,2022,Jean-Luc MÉLENCHON,Jean-Luc MÉLENCHON,True
1832,2022,Marine LE PEN,Marine LE PEN,True
1833,2022,Marine LE PEN,Marine LE PEN,True
1835,2022,Marine LE PEN,Marine LE PEN,True
1836,2022,Jean-Luc MÉLENCHON,François FILLON,False
1837,2022,Marine LE PEN,Marine LE PEN,True
1838,2022,Marine LE PEN,Marine LE PEN,True
1839,2022,Jean-Luc MÉLENCHON,François FILLON,False
1840,2022,Marine LE PEN,Marine LE PEN,True
1841,2022,Jean-Luc MÉLENCHON,François FILLON,False
1842,2022,Emmanuel MACRON,Jean-Luc MÉLENCHON,False
1843,2022,Emmanuel MACRON,François FILLON,False
1844,2022,Jean-Luc MÉLENCHON,Jean-Luc MÉLENCHON,True
1845,2022,Emmanuel MACRON,Emmanuel MACRON,True
1846,2022,Emmanuel MACRON,François FILLON,False
1847,2022,Marine LE PEN,Marine LE PEN,True
1848,2022,Emmanuel MACRON,Jean-Luc MÉLENCHON,False
1849,2022,Marine LE PEN,Marine LE PEN,True
1850,2022,Emmanuel MACRON,Emmanuel MACRON,True
1851,2022,Marine LE PEN,Marine LE PEN,True
1853,2022,Marine LE PEN,Marine LE PEN,True
1854,2022,Marine LE PEN,Marine LE PEN,True
1855,2022,Emmanuel MACRON,Emmanuel MACRON,True
1856,2022,Jean-Luc MÉLENCHON,François FILLON,False
1857,2022,Emmanuel MACRON,François FILLON,False
1858,2022,Marine LE PEN,Marine LE PEN,True
1859,2022,Emmanuel MACRON,François FILLON,False
1861,2022,Jean-Luc MÉLENCHON,Emmanuel MACRON,False
1862,2022,Emmanuel MACRON,François FILLON,False
1863,2022,Emmanuel MACRON,François FILLON,False
1864,2022,Marine LE PEN,Marine LE PEN,True
1865,2022,Jean-Luc MÉLENCHON,Jean-Luc MÉLENCHON,True
1866,2022,Jean-Luc MÉLENCHON,François FILLON,False
1867,2022,Emmanuel MACRON,François FILLON,False
1868,2022,Jean-Luc MÉLENCHON,Jean-Luc MÉLENCHON,True
1869,2022,Emmanuel MACRON,Jean-Luc MÉLENCHON,False
1870,2022,Jean-Luc MÉLENCHON,Jean-Luc MÉLENCHON,True
1871,2022,Emmanuel MACRON,François FILLON,False
1872,2022,Marine LE PEN,Marine LE PEN,True
1873,2022,Emmanuel MACRON,François FILLON,False
1874,2022,Marine LE PEN,Marine LE PEN,True
1875,2022,Jean-Luc MÉLENCHON,François FILLON,False
1876,2022,Marine LE PEN,Marine LE PEN,True
1877,2022,Jean-Luc MÉLENCHON,Jean-Luc MÉLENCHON,True
1878,2022,Jean-Luc MÉLENCHON,Jean-Luc MÉLENCHON,True
1879,2022,Emmanuel MACRON,François FILLON,False
1880,2022,Marine LE PEN,Marine LE PEN,True
1881,2022,Marine LE PEN,Marine LE PEN,True
1882,2022,Emmanuel MACRON,François FILLON,False
1883,2022,Marine LE PEN,Marine LE PEN,True
1884,2022,Jean-Luc MÉLENCHON,François FILLON,False
1885,2022,Emmanuel MACRON,François FILLON,False
1886,2022,Emmanuel MACRON,François FILLON,False
1887,2022,Marine LE PEN,Marine LE PEN,True
1888,2022,Jean-Luc MÉLENCHON,François FILLON,False
1889,2022,Jean-Luc MÉLENCHON,François FILLON,False
1890,2022,Jean-Luc MÉLENCHON,François FILLON,False
1891,2022,Marine LE PEN,Marine LE PEN,True
1892,2022,Emmanuel MACRON,Emmanuel MACRON,True
1893,2022,Marine LE PEN,Marine LE PEN,True
1894,2022,Marine LE PEN,Marine LE PEN,True
1895,2022,Marine LE PEN,Marine LE PEN,True
1896,2022,Marine LE PEN,Marine LE PEN,True
1897,2022,Emmanuel MACRON,Emmanuel MACRON,True
1898,2022,Marine LE PEN,Marine LE PEN,True
1899,2022,Emmanuel MACRON,François FILLON,False
1900,2022,Marine LE PEN,Marine LE PEN,True
1901,2022,Marine LE PEN,Marine LE PEN,True
1902,2022,Marine LE PEN,Marine LE PEN,True
1903,2022,Emmanuel MACRON,François FILLON,False
1904,2022,Marine LE PEN,Marine LE PEN,True
1905,2022,Marine LE PEN,Marine LE PEN,True
1906,2022,Marine LE PEN,Marine LE PEN,True
1907,2022,Marine LE PEN,Marine LE PEN,True
1908,2022,Marine LE PEN,Marine LE PEN,True
1909,2022,Marine LE PEN,Marine LE PEN,True
1910,2022,Marine LE PEN,Marine LE PEN,True
1911,2022,Emmanuel MACRON,Emmanuel MACRON,True
1912,2022,Marine LE PEN,Marine LE PEN,True
1913,2022,Marine LE PEN,Marine LE PEN,True
1914,2022,Marine LE PEN,Marine LE PEN,True
1915,2022,Marine LE PEN,Marine LE PEN,True
1916,2022,Marine LE PEN,Marine LE PEN,True
1917,2022,Emmanuel MACRON,François FILLON,False
1918,2022,Marine LE PEN,Marine LE PEN,True
1919,2022,Emmanuel MACRON,François FILLON,False
1920,2022,Marine LE PEN,Marine LE PEN,True
1921,2022,Marine LE PEN,Marine LE PEN,True
1922,2022,Emmanuel MACRON,François FILLON,False
1923,2022,Marine LE PEN,Marine LE PEN,True
1924,2022,Marine LE PEN,Marine LE PEN,True
1925,2022,Marine LE PEN,Marine LE PEN,True
1926,2022,Marine LE PEN,Marine LE PEN,True
1927,2022,Marine LE PEN,Marine LE PEN,True
1928,2022,Marine LE PEN,Marine LE PEN,True
1929,2022,Marine LE PEN,Marine LE PEN,True
1930,2022,Marine LE PEN,Marine LE PEN,True
1931,2022,Emmanuel MACRON,François FILLON,False
1932,2022,Marine LE PEN,Marine LE PEN,True
1933,2022,Emmanuel MACRON,François FILLON,False
1934,2022,Marine LE PEN,Marine LE PEN,True
1935,2022,Marine LE PEN,Marine LE PEN,True
1936,2022,Marine LE PEN,Marine LE PEN,True
1937,2022,Emmanuel MACRON,Emmanuel MACRON,True
1938,2022,Marine LE PEN,Marine LE PEN,True
1939,2022,Marine LE PEN,Marine LE PEN,True
1940,2022,Marine LE PEN,Marine LE PEN,True
1941,2022,Marine LE PEN,Marine LE PEN,True
1942,2022,Marine LE PEN,Marine LE PEN,True
1943,2022,Marine LE PEN,Marine LE PEN,True
1944,2022,Marine LE PEN,Marine LE PEN,True
1945,2022,Marine LE PEN,Marine LE PEN,True
1946,2022,Marine LE PEN,Marine LE PEN,True
1947,2022,Marine LE PEN,Marine LE PEN,True
1948,2022,Marine LE PEN,Marine LE PEN,True
1949,2022,Emmanuel MACRON,François FILLON,False
1950,2022,Marine LE PEN,Marine LE PEN,True
1951,2022,Marine LE PEN,Marine LE PEN,True
1952,2022,Emmanuel MACRON,François FILLON,False
1953,2022,Marine LE PEN,Marine LE PEN,True
1954,2022,Marine LE PEN,Marine LE PEN,True
1955,2022,Marine LE PEN,Marine LE PEN,True
1956,2022,Jean-Luc MÉLENCHON,François FILLON,False
1957,2022,Marine LE PEN,Marine LE PEN,True
1958,2022,Marine LE PEN,Marine LE PEN,True
1959,2022,Marine LE PEN,Marine LE PEN,True
1960,2022,Marine LE PEN,Marine LE PEN,True
1961,2022,Marine LE PEN,Marine LE PEN,True
1962,2022,Marine LE PEN,Marine LE PEN,True
1963,2022,Marine LE PEN,Marine LE PEN,True
1964,2022,Marine LE PEN,Marine LE PEN,True
1965,2022,Marine LE PEN,Marine LE PEN,True
1966,2022,Emmanuel MACRON,François FILLON,False
1967,2022,Marine LE PEN,Marine LE PEN,True
1968,2022,Marine LE PEN,Marine LE PEN,True
1969,2022,Jean-Luc MÉLENCHON,François FILLON,False
1970,2022,Marine LE PEN,Marine LE PEN,True
1971,2022,Marine LE PEN,Marine LE PEN,True
1972,2022,Marine LE PEN,Marine LE PEN,True
1973,2022,Emmanuel MACRON,François FILLON,False
1974,2022,Marine LE PEN,Marine LE PEN,True
1975,2022,Marine LE PEN,Marine LE PEN,True
1976,2022,Marine LE PEN,Marine LE PEN,True
1977,2022,Emmanuel MACRON,Emmanuel MACRON,True
1978,2022,Emmanuel MACRON,Jean-Luc MÉLENCHON,False
1979,2022,Emmanuel MACRON,François FILLON,False
1980,2022,Emmanuel MACRON,François FILLON,False
1981,2022,Emmanuel MACRON,François FILLON,False
1982,2022,Emmanuel MACRON,François FILLON,False
1983,2022,Marine LE PEN,Marine LE PEN,True
1984,2022,Marine LE PEN,Marine LE PEN,True
1985,2022,Marine LE PEN,Marine LE PEN,True
1986,2022,Marine LE PEN,Marine LE PEN,True
1987,2022,Marine LE PEN,Marine LE PEN,True
1988,2022,Marine LE PEN,Marine LE PEN,True
1989,2022,Emmanuel MACRON,François FILLON,False
1990,2022,Marine LE PEN,Marine LE PEN,True
1991,2022,Marine LE PEN,Marine LE PEN,True
1992,2022,Marine LE PEN,Marine LE PEN,True
1993,2022,Marine LE PEN,Marine LE PEN,True
1994,2022,Marine LE PEN,Marine LE PEN,True
1995,2022,Marine LE PEN,Marine LE PEN,True
1996,2022,Marine LE PEN,Marine LE PEN,True
1997,2022,Marine LE PEN,Marine LE PEN,True
1998,2022,Emmanuel MACRON,Emmanuel MACRON,True
1999,2022,Marine LE PEN,Marine LE PEN,True
2000,2022,Marine LE PEN,Marine LE PEN,True
2001,2022,Marine LE PEN,Marine LE PEN,True
2002,2022,Marine LE PEN,Marine LE PEN,True
2003,2022,Marine LE PEN,Marine LE PEN,True
2004,2022,Emmanuel MACRON,François FILLON,False
2005,2022,Emmanuel MACRON,Emmanuel MACRON,True
2006,2022,Marine LE PEN,Marine LE PEN,True
2007,2022,Marine LE PEN,Marine LE PEN,True
2008,2022,Marine LE PEN,Marine LE PEN,True
2009,2022,Emmanuel MACRON,François FILLON,False
2010,2022,Marine LE PEN,Marine LE PEN,True
2011,2022,Marine LE PEN,Marine LE PEN,True
2012,2022,Jean-Luc MÉLENCHON,François FILLON,False
2013,2022,Marine LE PEN,Marine LE PEN,True
2014,2022,Marine LE PEN,Marine LE PEN,True
2015,2022,Marine LE PEN,Marine LE PEN,True
2016,2022,Marine LE PEN,Marine LE PEN,True
2017,2022,Marine LE PEN,Marine LE PEN,True
2018,2022,Marine LE PEN,Marine LE PEN,True
2019,2022,Marine LE PEN,Marine LE PEN,True
2020,2022,Marine LE PEN,Marine LE PEN,True
2021,2022,Emmanuel MACRON,François FILLON,False
2022,2022,Marine LE PEN,Marine LE PEN,True
2023,2022,Marine LE PEN,Marine LE PEN,True
2024,2022,Jean-Luc MÉLENCHON,François FILLON,False
2025,2022,Jean-Luc MÉLENCHON,François FILLON,False
2026,2022,Marine LE PEN,Marine LE PEN,True
2027,2022,Marine LE PEN,Marine LE PEN,True
2028,2022,Marine LE PEN,Marine LE PEN,True
2029,2022,Marine LE PEN,Marine LE PEN,True
2030,2022,Marine LE PEN,Marine LE PEN,True
2031,2022,Marine LE PEN,Marine LE PEN,True
2032,2022,Emmanuel MACRON,François FILLON,False
2033,2022,Marine LE PEN,Marine LE PEN,True
2034,2022,Marine LE PEN,Marine LE PEN,True
2035,2022,Marine LE PEN,Marine LE PEN,True
2036,2022,Marine LE PEN,Marine LE PEN,True
2037,2022,Marine LE PEN,Marine LE PEN,True
2038,2022,Marine LE PEN,Marine LE PEN,True
2039,2022,Marine LE PEN,Marine LE PEN,True
2040,2022,Marine LE PEN,Marine LE PEN,True
2041,2022,Emmanuel MACRON,Emmanuel MACRON,True
2042,2022,Marine LE PEN,Marine LE PEN,True
2043,2022,Marine LE PEN,Marine LE PEN,True
2044,2022,Marine LE PEN,Marine LE PEN,True
2045,2022,Emmanuel MACRON,Emmanuel MACRON,True
2046,2022,Marine LE PEN,Marine LE PEN,True
2047,2022,Marine LE PEN,Marine LE PEN,True
2048,2022,Marine LE PEN,Marine LE PEN,True
2049,2022,Marine LE PEN,Marine LE PEN,True
2050,2022,Emmanuel MACRON,Emmanuel MACRON,True
2051,2022,Marine LE PEN,Marine LE PEN,True
2052,2022,Emmanuel MACRON,François FILLON,False
2053,2022,Emmanuel MACRON,François FILLON,False
2054,2022,Marine LE PEN,Marine LE PEN,True
2055,2022,Marine LE PEN,Marine LE PEN,True
2056,2022,Marine LE PEN,Marine LE PEN,True
2057,2022,Marine LE PEN,Marine LE PEN,True
2058,2022,Jean-Luc MÉLENCHON,Jean-Luc MÉLENCHON,True
2059,2022,Jean-Luc MÉLENCHON,François FILLON,False
2060,2022,Jean-Luc MÉLENCHON,François FILLON,False
2061,2022,Jean-Luc MÉLENCHON,Emmanuel MACRON,False
2062,2022,Jean-Luc MÉLENCHON,François FILLON,False
2063,2022,Emmanuel MACRON,Jean-Luc MÉLENCHON,False
2064,2022,Marine LE PEN,Marine LE PEN,True
2065,2022,Marine LE PEN,Marine LE PEN,True
2066,2022,Jean-Luc MÉLENCHON,François FILLON,False
2067,2022,Jean-Luc MÉLENCHON,François FILLON,False
2068,2022,Marine LE PEN,Marine LE PEN,True
2069,2022,Marine LE PEN,Marine LE PEN,True
2070,2022,Emmanuel MACRON,Jean-Luc MÉLENCHON,False
2071,2022,Marine LE PEN,Marine LE PEN,True
2073,2022,Jean-Luc MÉLENCHON,Jean-Luc MÉLENCHON,True
2074,2022,Marine LE PEN,Marine LE PEN,True
2075,2022,Jean-Luc MÉLENCHON,Jean-Luc MÉLENCHON,True
2076,2022,Marine LE PEN,Marine LE PEN,True
2077,2022,Marine LE PEN,Marine LE PEN,True
2078,2022,Emmanuel MACRON,Jean-Luc MÉLENCHON,False
2079,2022,Jean-Luc MÉLENCHON,Jean-Luc MÉLENCHON,True
2080,2022,Jean-Luc MÉLENCHON,François FILLON,False
2081,2022,Emmanuel MACRON,Jean-Luc MÉLENCHON,False
2082,2022,Marine LE PEN,Marine LE PEN,True
2083,2022,Jean-Luc MÉLENCHON,Jean-Luc MÉLENCHON,True
2084,2022,Jean-Luc MÉLENCHON,François FILLON,False
2085,2022,Jean-Luc MÉLENCHON,Jean-Luc MÉLENCHON,True
2086,2022,Jean-Luc MÉLENCHON,Jean-Luc MÉLENCHON,True
2087,2022,Emmanuel MACRON,François FILLON,False
2088,2022,Marine LE PEN,Marine LE PEN,True
2089,2022,Marine LE PEN,Marine LE PEN,True
2090,2022,Jean-Luc MÉLENCHON,Jean-Luc MÉLENCHON,True
2091,2022,Marine LE PEN,Marine LE PEN,True
2092,2022,Emmanuel MACRON,François FILLON,False
2093,2022,Emmanuel MACRON,François FILLON,False
2094,2022,Marine LE PEN,Marine LE PEN,True
2095,2022,Marine LE PEN,Marine LE PEN,True
2096,2022,Emmanuel MACRON,Emmanuel MACRON,True
2097,2022,Marine LE PEN,Marine LE PEN,True
2098,2022,Marine LE PEN,Marine LE PEN,True
2099,2022,Marine LE PEN,Marine LE PEN,True
2100,2022,Emmanuel MACRON,Jean-Luc MÉLENCHON,False
2101,2022,Jean-Luc MÉLENCHON,Jean-Luc MÉLENCHON,True
2102,2022,Jean-Luc MÉLENCHON,François FILLON,False
2103,2022,Jean-Luc MÉLENCHON,François FILLON,False
2104,2022,Marine LE PEN,Marine LE PEN,True
2105,2022,Marine LE PEN,Marine LE PEN,True
2106,2022,Jean-Luc MÉLENCHON,François FILLON,False
2107,2022,Emmanuel MACRON,François FILLON,False
2108,2022,Emmanuel MACRON,Emmanuel MACRON,True
2109,2022,Marine LE PEN,Marine LE PEN,True
2110,2022,Jean-Luc MÉLENCHON,François FILLON,False
2111,2022,Marine LE PEN,Marine LE PEN,True
2112,2022,Jean-Luc MÉLENCHON,Jean-Luc MÉLENCHON,True
2113,2022,Emmanuel MACRON,Jean-Luc MÉLENCHON,False
2114,2022,Jean-Luc MÉLENCHON,Jean-Luc MÉLENCHON,True
2115,2022,Marine LE PEN,Marine LE PEN,True
2116,2022,Emmanuel MACRON,Jean-Luc MÉLENCHON,False
2117,2022,Jean-Luc MÉLENCHON,François FILLON,False
2118,2022,Marine LE PEN,Marine LE PEN,True
2119,2022,Emmanuel MACRON,François FILLON,False
2120,2022,Marine LE PEN,Marine LE PEN,True
2121,2022,Emmanuel MACRON,Jean-Luc MÉLENCHON,False
2122,2022,Marine LE PEN,Marine LE PEN,True
2123,2022,Marine LE PEN,Marine LE PEN,True
2124,2022,Jean-Luc MÉLENCHON,Emmanuel MACRON,False
2125,2022,Marine LE PEN,Marine LE PEN,True
2126,2022,Jean-Luc MÉLENCHON,François FILLON,False
2127,2022,Marine LE PEN,Marine LE PEN,True
2128,2022,Marine LE PEN,Marine LE PEN,True
2129,2022,Jean-Luc MÉLENCHON,François FILLON,False
2130,2022,Emmanuel MACRON,Emmanuel MACRON,True
2131,2022,Jean-Luc MÉLENCHON,Jean-Luc MÉLENCHON,True
2132,2022,Jean-Luc MÉLENCHON,Jean-Luc MÉLENCHON,True
2133,2022,Jean-Luc MÉLENCHON,François FILLON,False
2134,2022,Marine LE PEN,Marine LE PEN,True
2135,2022,Jean-Luc MÉLENCHON,Jean-Luc MÉLENCHON,True
2136,2022,Marine LE PEN,Marine LE PEN,True
2137,2022,Emmanuel MACRON,Jean-Luc MÉLENCHON,False
2138,2022,Marine LE PEN,Marine LE PEN,True
2139,2022,Jean-Luc MÉLENCHON,Jean-Luc MÉLENCHON,True
2140,2022,Jean-Luc MÉLENCHON,François FILLON,False
2141,2022,Marine LE PEN,Marine LE PEN,True
2142,2022,Marine LE PEN,Marine LE PEN,True
2143,2022,Emmanuel MACRON,François FILLON,False
2144,2022,Emmanuel MACRON,François FILLON,False
2145,2022,Jean-Luc MÉLENCHON,François FILLON,False
2146,2022,Jean-Luc MÉLENCHON,Jean-Luc MÉLENCHON,True
2147,2022,Marine LE PEN,Marine LE PEN,True
2148,2022,Jean-Luc MÉLENCHON,Jean-Luc MÉLENCHON,True
2149,2022,Emmanuel MACRON,Jean-Luc MÉLENCHON,False
2150,2022,Jean-Luc MÉLENCHON,François FILLON,False
2151,2022,Jean-Luc MÉLENCHON,Jean-Luc MÉLENCHON,True
2152,2022,Jean-Luc MÉLENCHON,Jean-Luc MÉLENCHON,True
2153,2022,Jean-Luc MÉLENCHON,François FILLON,False
2154,2022,Emmanuel MACRON,Emmanuel MACRON,True
2155,2022,Emmanuel MACRON,Jean-Luc MÉLENCHON,False
2156,2022,Marine LE PEN,Marine LE PEN,True
2157,2022,Marine LE PEN,Marine LE PEN,True
2158,2022,Marine LE PEN,Marine LE PEN,True
2159,2022,Jean-Luc MÉLENCHON,Emmanuel MACRON,False
2160,2022,Marine LE PEN,Marine LE PEN,True
2161,2022,Jean-Luc MÉLENCHON,Jean-Luc MÉLENCHON,True
2162,2022,Jean-Luc MÉLENCHON,François FILLON,False
2163,2022,Jean-Luc MÉLENCHON,François FILLON,False
2164,2022,Jean-Luc MÉLENCHON,François FILLON,False
2165,2022,Emmanuel MACRON,Jean-Luc MÉLENCHON,False
2166,2022,Emmanuel MACRON,François FILLON,False
2167,2022,Emmanuel MACRON,Jean-Luc MÉLENCHON,False
2168,2022,Marine LE PEN,Marine LE PEN,True
2169,2022,Jean-Luc MÉLENCHON,Emmanuel MACRON,False
2170,2022,Jean-Luc MÉLENCHON,Jean-Luc MÉLENCHON,True
2171,2022,Marine LE PEN,Marine LE PEN,True
2172,2022,Emmanuel MACRON,François FILLON,False
2173,2022,Marine LE PEN,Marine LE PEN,True
2174,2022,Marine LE PEN,Marine LE PEN,True
2175,2022,Marine LE PEN,Marine LE PEN,True
2176,2022,Emmanuel MACRON,François FILLON,False
2177,2022,Jean-Luc MÉLENCHON,François FILLON,False
2178,2022,Marine LE PEN,Marine LE PEN,True
2179,2022,Emmanuel MACRON,Jean-Luc MÉLENCHON,False
2180,2022,Emmanuel MACRON,Emmanuel MACRON,True
2181,2022,Marine LE PEN,Marine LE PEN,True
2182,2022,Jean-Luc MÉLENCHON,Jean-Luc MÉLENCHON,True
2183,2022,Jean-Luc MÉLENCHON,Jean-Luc MÉLENCHON,True
2184,2022,Jean-Luc MÉLENCHON,François FILLON,False
2185,2022,Jean-Luc MÉLENCHON,François FILLON,False
2187,2022,Marine LE PEN,Marine LE PEN,True
2189,2022,Marine LE PEN,Marine LE PEN,True
2190,2022,Jean-Luc MÉLENCHON,Jean-Luc MÉLENCHON,True
2191,2022,Marine LE PEN,Marine LE PEN,True
2192,2022,Jean-Luc MÉLENCHON,François FILLON,False
2193,2022,Marine LE PEN,Marine LE PEN,True
2194,2022,Marine LE PEN,Marine LE PEN,True
2195,2022,Emmanuel MACRON,François FILLON,False
2196,2022,Jean-Luc MÉLENCHON,François FILLON,False
2197,2022,Jean-Luc MÉLENCHON,Jean-Luc MÉLENCHON,True
2198,2022,Jean-Luc MÉLENCHON,François FILLON,False
2199,2022,Jean-Luc MÉLENCHON,François FILLON,False
2200,2022,Jean-Luc MÉLENCHON,François FILLON,False
2201,2022,Emmanuel MACRON,Jean-Luc MÉLENCHON,False
2202,2022,Emmanuel MACRON,François FILLON,False
2203,2022,Emmanuel MACRON,Jean-Luc MÉLENCHON,False
2204,2022,Marine LE PEN,Marine LE PEN,True
2205,2022,Marine LE PEN,Marine LE PEN,True
2206,2022,Jean-Luc MÉLENCHON,Emmanuel MACRON,False
2207,2022,Marine LE PEN,Marine LE PEN,True
2208,2022,Marine LE PEN,Marine LE PEN,True
2209,2022,Emmanuel MACRON,François FILLON,False
2210,2022,Jean-Luc MÉLENCHON,Jean-Luc MÉLENCHON,True
2211,2022,Jean-Luc MÉLENCHON,François FILLON,False
2212,2022,Marine LE PEN,Marine LE PEN,True
2213,2022,Emmanuel MACRON,Jean-Luc MÉLENCHON,False
2214,2022,Jean-Luc MÉLENCHON,François FILLON,False
2215,2022,Marine LE PEN,Marine LE PEN,True
2216,2022,Jean-Luc MÉLENCHON,François FILLON,False
2217,2022,Jean-Luc MÉLENCHON,Jean-Luc MÉLENCHON,True
2218,2022,Marine LE PEN,Marine LE PEN,True
2219,2022,Marine LE PEN,Marine LE PEN,True
2220,2022,Jean-Luc MÉLENCHON,Jean-Luc MÉLENCHON,True
2221,2022,Jean-Luc MÉLENCHON,Jean-Luc MÉLENCHON,True
2222,2022,Marine LE PEN,Marine LE PEN,True
2223,2022,Emmanuel MACRON,François FILLON,False
2224,2022,Marine LE PEN,Marine LE PEN,True
2225,2022,Jean LASSALLE,François FILLON,False
2226,2022,Jean-Luc MÉLENCHON,François FILLON,False
2227,2022,Marine LE PEN,Marine LE PEN,True
2228,2022,Marine LE PEN,Marine LE PEN,True
2229,2022,Jean-Luc MÉLENCHON,Jean-Luc MÉLENCHON,True
2230,2022,Marine LE PEN,Marine LE PEN,True
2231,2022,Marine LE PEN,Marine LE PEN,True
2232,2022,Marine LE PEN,Marine LE PEN,True
2233,2022,Marine LE PEN,Marine LE PEN,True
2234,2022,Jean-Luc MÉLENCHON,Jean-Luc MÉLENCHON,True
2235,2022,Jean-Luc MÉLENCHON,Emmanuel MACRON,False
2236,2022,Jean-Luc MÉLENCHON,François FILLON,False
2237,2022,Marine LE PEN,Marine LE PEN,True
2238,2022,Emmanuel MACRON,François FILLON,False
2239,2022,Marine LE PEN,Marine LE PEN,True
2240,2022,Marine LE PEN,Marine LE PEN,True
2241,2022,Marine LE PEN,Marine LE PEN,True
2242,2022,Jean-Luc MÉLENCHON,François FILLON,False
2243,2022,Jean-Luc MÉLENCHON,Jean-Luc MÉLENCHON,True
2244,2022,Emmanuel MACRON,François FILLON,False
2245,2022,Jean-Luc MÉLENCHON,François FILLON,False
2246,2022,Marine LE PEN,Marine LE PEN,True
2247,2022,Marine LE PEN,Marine LE PEN,True
2248,2022,Marine LE PEN,Marine LE PEN,True
2249,2022,Marine LE PEN,Marine LE PEN,True
2250,2022,Marine LE PEN,Marine LE PEN,True
2251,2022,Jean-Luc MÉLENCHON,François FILLON,False
2252,2022,Emmanuel MACRON,Jean-Luc MÉLENCHON,False
2253,2022,Emmanuel MACRON,Jean-Luc MÉLENCHON,False
2254,2022,Marine LE PEN,Marine LE PEN,True
2255,2022,Marine LE PEN,Marine LE PEN,True
2256,2022,Marine LE PEN,Marine LE PEN,True
2257,2022,Jean-Luc MÉLENCHON,François FILLON,False
2258,2022,Marine LE PEN,Marine LE PEN,True
2259,2022,Jean-Luc MÉLENCHON,Jean-Luc MÉLENCHON,True
2260,2022,Jean-Luc MÉLENCHON,Jean-Luc MÉLENCHON,True
2261,2022,Marine LE PEN,Marine LE PEN,True
2262,2022,Jean-Luc MÉLENCHON,Jean-Luc MÉLENCHON,True
2263,2022,Marine LE PEN,Marine LE PEN,True
2264,2022,Marine LE PEN,Marine LE PEN,True
2265,2022,Emmanuel MACRON,Jean-Luc MÉLENCHON,False
2266,2022,Marine LE PEN,Marine LE PEN,True
2267,2022,Marine LE PEN,Marine LE PEN,True
2268,2022,Marine LE PEN,Marine LE PEN,True
2269,2022,Emmanuel MACRON,François FILLON,False
2270,2022,Marine LE PEN,Marine LE PEN,True
2271,2022,Emmanuel MACRON,François FILLON,False
2272,2022,Jean-Luc MÉLENCHON,Jean-Luc MÉLENCHON,True
2273,2022,Marine LE PEN,Marine LE PEN,True
2274,2022,Emmanuel MACRON,Emmanuel MACRON,True
2275,2022,Marine LE PEN,Marine LE PEN,True
2276,2022,Marine LE PEN,Marine LE PEN,True
2277,2022,Emmanuel MACRON,Jean-Luc MÉLENCHON,False
2278,2022,Marine LE PEN,Marine LE PEN,True
2279,2022,Jean-Luc MÉLENCHON,François FILLON,False
2280,2022,Marine LE PEN,Marine LE PEN,True
2281,2022,Marine LE PEN,Marine LE PEN,True
2282,2022,Jean-Luc MÉLENCHON,Jean-Luc MÉLENCHON,True
2283,2022,Emmanuel MACRON,François FILLON,False
2284,2022,Emmanuel MACRON,François FILLON,False
2285,2022,Emmanuel MACRON,Jean-Luc MÉLENCHON,False
2286,2022,Emmanuel MACRON,Jean-Luc MÉLENCHON,False
2287,2022,Jean-Luc MÉLENCHON,Jean-Luc MÉLENCHON,True
2288,2022,Jean-Luc MÉLENCHON,François FILLON,False
2289,2022,Emmanuel MACRON,Emmanuel MACRON,True
2290,2022,Marine LE PEN,Marine LE PEN,True
2291,2022,Emmanuel MACRON,François FILLON,False
2292,2022,Marine LE PEN,Marine LE PEN,True
2293,2022,Jean-Luc MÉLENCHON,François FILLON,False
2294,2022,Emmanuel MACRON,Emmanuel MACRON,True
2295,2022,Jean-Luc MÉLENCHON,François FILLON,False
2296,2022,Marine LE PEN,Marine LE PEN,True
2297,2022,Marine LE PEN,Marine LE PEN,True
2298,2022,Marine LE PEN,Marine LE PEN,True
2299,2022,Marine LE PEN,Marine LE PEN,True
2301,2022,Jean-Luc MÉLENCHON,François FILLON,False
2302,2022,Jean-Luc MÉLENCHON,Emmanuel MACRON,False
2303,2022,Marine LE PEN,Marine LE PEN,True
2305,2022,Marine LE PEN,Marine LE PEN,True
2306,2022,Emmanuel MACRON,François FILLON,False
2307,2022,Marine LE PEN,Marine LE PEN,True
2308,2022,Marine LE PEN,Marine LE PEN,True
2309,2022,Emmanuel MACRON,Emmanuel MACRON,True
2310,2022,Emmanuel MACRON,François FILLON,False
2311,2022,Jean-Luc MÉLENCHON,François FILLON,False
2312,2022,Marine LE PEN,Marine LE PEN,True
2313,2022,Marine LE PEN,Marine LE PEN,True
2314,2022,Jean-Luc MÉLENCHON,François FILLON,False
2315,2022,Marine LE PEN,Marine LE PEN,True
2316,2022,Marine LE PEN,Marine LE PEN,True
2317,2022,Emmanuel MACRON,Emmanuel MACRON,True
2318,2022,Jean-Luc MÉLENCHON,Jean-Luc MÉLENCHON,True
2319,2022,Emmanuel MACRON,Jean-Luc MÉLENCHON,False
2320,2022,Jean-Luc MÉLENCHON,François FILLON,False
2321,2022,Jean-Luc MÉLENCHON,François FILLON,False
2322,2022,Jean-Luc MÉLENCHON,François FILLON,False
2323,2022,Marine LE PEN,Marine LE PEN,True
2324,2022,Jean-Luc MÉLENCHON,François FILLON,False
2325,2022,Jean-Luc MÉLENCHON,Jean-Luc MÉLENCHON,True
2326,2022,Marine LE PEN,Marine LE PEN,True
2327,2022,Jean-Luc MÉLENCHON,François FILLON,False
2328,2022,Emmanuel MACRON,Emmanuel MACRON,True
2330,2022,Marine LE PEN,Marine LE PEN,True
2331,2022,Jean-Luc MÉLENCHON,Jean-Luc MÉLENCHON,True
2332,2022,Marine LE PEN,Marine LE PEN,True
2333,2022,Jean-Luc MÉLENCHON,Jean-Luc MÉLENCHON,True
2334,2022,Emmanuel MACRON,François FILLON,False
2335,2022,Emmanuel MACRON,Emmanuel MACRON,True
2336,2022,Marine LE PEN,Marine LE PEN,True
2337,2022,Jean-Luc MÉLENCHON,Jean-Luc MÉLENCHON,True
2338,2022,Marine LE PEN,Marine LE PEN,True
2339,2022,Marine LE PEN,Marine LE PEN,True
2340,2022,Marine LE PEN,Marine LE PEN,True
2341,2022,Marine LE PEN,Marine LE PEN,True
2342,2022,Marine LE PEN,Marine LE PEN,True
2343,2022,Marine LE PEN,Marine LE PEN,True
2344,2022,Marine LE PEN,Marine LE PEN,True
2345,2022,Marine LE PEN,Marine LE PEN,True
2346,2022,Jean-Luc MÉLENCHON,François FILLON,False
2347,2022,Marine LE PEN,Marine LE PEN,True
2348,2022,Marine LE PEN,Marine LE PEN,True
2349,2022,Marine LE PEN,Marine LE PEN,True
2350,2022,Jean-Luc MÉLENCHON,François FILLON,False
2351,2022,Jean-Luc MÉLENCHON,Jean-Luc MÉLENCHON,True
2352,2022,Jean-Luc MÉLENCHON,Jean-Luc MÉLENCHON,True
2353,2022,Marine LE PEN,Marine LE PEN,True
2354,2022,Jean-Luc MÉLENCHON,Jean-Luc MÉLENCHON,True
2355,2022,Marine LE PEN,Marine LE PEN,True
2356,2022,Marine LE PEN,Marine LE PEN,True
2357,2022,Marine LE PEN,Marine LE PEN,True
2358,2022,Jean-Luc MÉLENCHON,François FILLON,False
2359,2022,Marine LE PEN,Marine LE PEN,True
2360,2022,Marine LE PEN,Marine LE PEN,True
2361,2022,Jean-Luc MÉLENCHON,Jean-Luc MÉLENCHON,True
2362,2022,Jean-Luc MÉLENCHON,Jean-Luc MÉLENCHON,True
2363,2022,Emmanuel MACRON,Emmanuel MACRON,True
2364,2022,Marine LE PEN,Marine LE PEN,True
2365,2022,Jean-Luc MÉLENCHON,Jean-Luc MÉLENCHON,True
2366,2022,Marine LE PEN,Marine LE PEN,True
2367,2022,Marine LE PEN,Marine LE PEN,True
2368,2022,Marine LE PEN,Marine LE PEN,True
2369,2022,Emmanuel MACRON,Emmanuel MACRON,True
2370,2022,Emmanuel MACRON,Emmanuel MACRON,True
2371,2022,Marine LE PEN,Marine LE PEN,True
2372,2022,Marine LE PEN,Marine LE PEN,True
2373,2022,Jean-Luc MÉLENCHON,Jean-Luc MÉLENCHON,True
2374,2022,Jean-Luc MÉLENCHON,Jean-Luc MÉLENCHON,True
2375,2022,Jean-Luc MÉLENCHON,Jean-Luc MÉLENCHON,True
2376,2022,Marine LE PEN,Marine LE PEN,True
2377,2022,Marine LE PEN,Marine LE PEN,True
2378,2022,Emmanuel MACRON,Jean-Luc MÉLENCHON,False
2379,2022,Marine LE PEN,Marine LE PEN,True
2380,2022,Jean-Luc MÉLENCHON,François FILLON,False
2381,2022,Emmanuel MACRON,Jean-Luc MÉLENCHON,False
2382,2022,Jean-Luc MÉLENCHON,François FILLON,False
2383,2022,Marine LE PEN,Marine LE PEN,True
2384,2022,Marine LE PEN,Marine LE PEN,True
2385,2022,Marine LE PEN,Marine LE PEN,True
2386,2022,Jean-Luc MÉLENCHON,Emmanuel MACRON,False
2387,2022,Marine LE PEN,Marine LE PEN,True
2388,2022,Marine LE PEN,Marine LE PEN,True
2389,2022,Jean-Luc MÉLENCHON,Emmanuel MACRON,False
2390,2022,Marine LE PEN,Marine LE PEN,True
2391,2022,Emmanuel MACRON,Jean-Luc MÉLENCHON,False
2392,2022,Marine LE PEN,Marine LE PEN,True
2393,2022,Marine LE PEN,Marine LE PEN,True
2394,2022,Jean-Luc MÉLENCHON,Emmanuel MACRON,False
2395,2022,Marine LE PEN,Marine LE PEN,True
2396,2022,Marine LE PEN,Marine LE PEN,True
2397,2022,Marine LE PEN,Marine LE PEN,True
2398,2022,Marine LE PEN,Marine LE PEN,True
2399,2022,Emmanuel MACRON,François FILLON,False
2400,2022,Marine LE PEN,Marine LE PEN,True
2401,2022,Marine LE PEN,Marine LE PEN,True
2402,2022,Marine LE PEN,Marine LE PEN,True
2403,2022,Marine LE PEN,Marine LE PEN,True
2404,2022,Marine LE PEN,Marine LE PEN,True
2405,2022,Emmanuel MACRON,François FILLON,False
2406,2022,Marine LE PEN,Marine LE PEN,True
2407,2022,Marine LE PEN,Marine LE PEN,True
2408,2022,Marine LE PEN,Marine LE PEN,True
2409,2022,Marine LE PEN,Marine LE PEN,True
2410,2022,Marine LE PEN,Marine LE PEN,True
2411,2022,Emmanuel MACRON,François FILLON,False
2412,2022,Emmanuel MACRON,François FILLON,False
2413,2022,Marine LE PEN,Marine LE PEN,True
2414,2022,Marine LE PEN,Marine LE PEN,True
2415,2022,Marine LE PEN,Marine LE PEN,True
2416,2022,Marine LE PEN,Marine LE PEN,True
2417,2022,Marine LE PEN,Marine LE PEN,True
2418,2022,Emmanuel MACRON,François FILLON,False
2419,2022,Marine LE PEN,Marine LE PEN,True
2420,2022,Marine LE PEN,Marine LE PEN,True
2421,2022,Marine LE PEN,Marine LE PEN,True
2422,2022,Emmanuel MACRON,François FILLON,False
2423,2022,Marine LE PEN,Marine LE PEN,True
2424,2022,Emmanuel MACRON,François FILLON,False
2425,2022,Marine LE PEN,Marine LE PEN,True
2426,2022,Emmanuel MACRON,François FILLON,False
2427,2022,Marine LE PEN,Marine LE PEN,True
2428,2022,Marine LE PEN,Marine LE PEN,True
2429,2022,Marine LE PEN,Marine LE PEN,True
2430,2022,Marine LE PEN,Marine LE PEN,True
2431,2022,Marine LE PEN,Marine LE PEN,True
2432,2022,Marine LE PEN,Marine LE PEN,True
2434,2022,Marine LE PEN,Marine LE PEN,True
2435,2022,Marine LE PEN,Marine LE PEN,True
2436,2022,Marine LE PEN,Marine LE PEN,True
2437,2022,Marine LE PEN,Marine LE PEN,True
2438,2022,Marine LE PEN,Marine LE PEN,True
2439,2022,Marine LE PEN,Marine LE PEN,True
2440,2022,Marine LE PEN,Marine LE PEN,True
2441,2022,Emmanuel MACRON,François FILLON,False
2442,2022,Marine LE PEN,Marine LE PEN,True
2443,2022,Marine LE PEN,Marine LE PEN,True
2444,2022,Marine LE PEN,Marine LE PEN,True
2445,2022,Marine LE PEN,Marine LE PEN,True
2446,2022,Marine LE PEN,Marine LE PEN,True
2447,2022,Emmanuel MACRON,François FILLON,False
2448,2022,Marine LE PEN,Marine LE PEN,True
2449,2022,Emmanuel MACRON,François FILLON,False
2450,2022,Emmanuel MACRON,François FILLON,False
2451,2022,Marine LE PEN,Marine LE PEN,True
2452,2022,Emmanuel MACRON,François FILLON,False
2453,2022,Marine LE PEN,Marine LE PEN,True
2454,2022,Marine LE PEN,Marine LE PEN,True
2455,2022,Marine LE PEN,Marine LE PEN,True
2456,2022,Marine LE PEN,Marine LE PEN,True
2457,2022,Marine LE PEN,Marine LE PEN,True
2458,2022,Marine LE PEN,Marine LE PEN,True
2459,2022,Marine LE PEN,Marine LE PEN,True
2460,2022,Marine LE PEN,Marine LE PEN,True
2461,2022,Jean-Luc MÉLENCHON,François FILLON,False
2462,2022,Marine LE PEN,Marine LE PEN,True
2463,2022,Marine LE PEN,Marine LE PEN,True
2464,2022,Marine LE PEN,Marine LE PEN,True
2466,2022,Marine LE PEN,Marine LE PEN,True
2467,2022,Marine LE PEN,Marine LE PEN,True
2468,2022,Emmanuel MACRON,François FILLON,False
2469,2022,Marine LE PEN,Marine LE PEN,True
2470,2022,Marine LE PEN,Marine LE PEN,True
2471,2022,Marine LE PEN,Marine LE PEN,True
2472,2022,Marine LE PEN,Marine LE PEN,True
2473,2022,Marine LE PEN,Marine LE PEN,True
2474,2022,Marine LE PEN,Marine LE PEN,True
2475,2022,Marine LE PEN,Marine LE PEN,True
2476,2022,Marine LE PEN,Marine LE PEN,True
2477,2022,Marine LE PEN,Marine LE PEN,True
2478,2022,Marine LE PEN,Marine LE PEN,True
2479,2022,Emmanuel MACRON,François FILLON,False
2480,2022,Emmanuel MACRON,François FILLON,False
2481,2022,Marine LE PEN,Marine LE PEN,True
2482,2022,Marine LE PEN,Marine LE PEN,True
2483,2022,Marine LE PEN,Marine LE PEN,True
2484,2022,Emmanuel MACRON,François FILLON,False
2485,2022,Marine LE PEN,Marine LE PEN,True
2486,2022,Marine LE PEN,Marine LE PEN,True
2487,2022,Marine LE PEN,Marine LE PEN,True
2488,2022,Emmanuel MACRON,François FILLON,False
2489,2022,Marine LE PEN,Marine LE PEN,True
2490,2022,Marine LE PEN,Marine LE PEN,True
2491,2022,Marine LE PEN,Marine LE PEN,True
2492,2022,Emmanuel MACRON,François FILLON,False
2493,2022,Marine LE PEN,Marine LE PEN,True
2494,2022,Marine LE PEN,Marine LE PEN,True
2495,2022,Marine LE PEN,Marine LE PEN,True
2496,2022,Marine LE PEN,Marine LE PEN,True
2497,2022,Marine LE PEN,Marine LE PEN,True
2498,2022,Marine LE PEN,Marine LE PEN,True
2499,2022,Marine LE PEN,Marine LE PEN,True
2500,2022,Marine LE PEN,Marine LE PEN,True
2501,2022,Emmanuel MACRON,François FILLON,False
2502,2022,Marine LE PEN,Marine LE PEN,True
2503,2022,Marine LE PEN,Marine LE PEN,True
2504,2022,Marine LE PEN,Marine LE PEN,True
2505,2022,Marine LE PEN,Marine LE PEN,True
2506,2022,Marine LE PEN,Marine LE PEN,True
2507,2022,Marine LE PEN,Marine LE PEN,True
2508,2022,Emmanuel MACRON,François FILLON,False
2509,2022,Emmanuel MACRON,François FILLON,False
2510,2022,Marine LE PEN,Marine LE PEN,True
2511,2022,Marine LE PEN,Marine LE PEN,True
2512,2022,Emmanuel MACRON,François FILLON,False
2513,2022,Marine LE PEN,Marine LE PEN,True
2514,2022,Marine LE PEN,Marine LE PEN,True
2515,2022,Marine LE PEN,Marine LE PEN,True
2516,2022,Marine LE PEN,Marine LE PEN,True
2517,2022,Marine LE PEN,Marine LE PEN,True
2518,2022,Marine LE PEN,Marine LE PEN,True
2519,2022,Marine LE PEN,Marine LE PEN,True
2520,2022,Marine LE PEN,Marine LE PEN,True
2521,2022,Emmanuel MACRON,François FILLON,False
2522,2022,Marine LE PEN,Marine LE PEN,True
2523,2022,Marine LE PEN,Marine LE PEN,True
2524,2022,Marine LE PEN,Marine LE PEN,True
2525,2022,Marine LE PEN,Marine LE PEN,True
2526,2022,Marine LE PEN,Marine LE PEN,True
2527,2022,Marine LE PEN,Marine LE PEN,True
2528,2022,Emmanuel MACRON,François FILLON,False
2529,2022,Emmanuel MACRON,François FILLON,False
2531,2022,Marine LE PEN,Marine LE PEN,True
2532,2022,Emmanuel MACRON,François FILLON,False
2533,2022,Marine LE PEN,Marine LE PEN,True
2534,2022,Marine LE PEN,Marine LE PEN,True
2535,2022,Marine LE PEN,Marine LE PEN,True
2536,2022,Emmanuel MACRON,François FILLON,False
2537,2022,Emmanuel MACRON,François FILLON,False
2538,2022,Jean LASSALLE,François FILLON,False
2539,2022,Marine LE PEN,Marine LE PEN,True
2540,2022,Marine LE PEN,Marine LE PEN,True
2541,2022,Marine LE PEN,Marine LE PEN,True
2542,2022,Marine LE PEN,Marine LE PEN,True
2543,2022,Marine LE PEN,Marine LE PEN,True
2544,2022,Marine LE PEN,Marine LE PEN,True
2545,2022,Marine LE PEN,Marine LE PEN,True
2546,2022,Marine LE PEN,Marine LE PEN,True
2547,2022,Marine LE PEN,Marine LE PEN,True
2548,2022,Marine LE PEN,Marine LE PEN,True
2549,2022,Marine LE PEN,Marine LE PEN,True
2550,2022,Marine LE PEN,Marine LE PEN,True
2551,2022,Marine LE PEN,Marine LE PEN,True
2552,2022,Marine LE PEN,Marine LE PEN,True
2553,2022,Emmanuel MACRON,François FILLON,False
2554,2022,Marine LE PEN,Marine LE PEN,True
2555,2022,Marine LE PEN,Marine LE PEN,True
2556,2022,Marine LE PEN,Marine LE PEN,True
2557,2022,Marine LE PEN,Marine LE PEN,True
2558,2022,Marine LE PEN,Marine LE PEN,True
2559,2022,Marine LE PEN,Marine LE PEN,True
2560,2022,Marine LE PEN,Marine LE PEN,True
2561,2022,Marine LE PEN,Marine LE PEN,True
2562,2022,Marine LE PEN,Marine LE PEN,True
2563,2022,Marine LE PEN,Marine LE PEN,True
2564,2022,Marine LE PEN,Marine LE PEN,True
2565,2022,Jean-Luc MÉLENCHON,Jean-Luc MÉLENCHON,True
2566,2022,Marine LE PEN,Marine LE PEN,True
2567,2022,Marine LE PEN,Marine LE PEN,True
2568,2022,Marine LE PEN,Marine LE PEN,True
2569,2022,Marine LE PEN,Marine LE PEN,True
2570,2022,Marine LE PEN,Marine LE PEN,True
2571,2022,Marine LE PEN,Marine LE PEN,True
2572,2022,Emmanuel MACRON,François FILLON,False
2573,2022,Marine LE PEN,Marine LE PEN,True
2574,2022,Marine LE PEN,Marine LE PEN,True
2575,2022,Marine LE PEN,Marine LE PEN,True
2576,2022,Emmanuel MACRON,François FILLON,False
2577,2022,Marine LE PEN,Marine LE PEN,True
2578,2022,Marine LE PEN,Marine LE PEN,True
2579,2022,Marine LE PEN,Marine LE PEN,True
2580,2022,Marine LE PEN,Marine LE PEN,True
2581,2022,Marine LE PEN,Marine LE PEN,True
2582,2022,Marine LE PEN,Marine LE PEN,True
2583,2022,Marine LE PEN,Marine LE PEN,True
2584,2022,Marine LE PEN,Marine LE PEN,True
2585,2022,Marine LE PEN,Marine LE PEN,True
2586,2022,Marine LE PEN,Marine LE PEN,True
2587,2022,Marine LE PEN,Marine LE PEN,True
2588,2022,Marine LE PEN,Marine LE PEN,True
2589,2022,Marine LE PEN,Marine LE PEN,True
2590,2022,Marine LE PEN,Marine LE PEN,True
2591,2022,Marine LE PEN,Marine LE PEN,True
2592,2022,Marine LE PEN,Marine LE PEN,True
2593,2022,Marine LE PEN,Marine LE PEN,True
2594,2022,Marine LE PEN,Marine LE PEN,True
2595,2022,Marine LE PEN,Marine LE PEN,True
2596,2022,Emmanuel MACRON,François FILLON,False
2597,2022,Emmanuel MACRON,François FILLON,False
2598,2022,Marine LE PEN,Marine LE PEN,True
2599,2022,Marine LE PEN,Marine LE PEN,True
2600,2022,Marine LE PEN,Marine LE PEN,True
2601,2022,Marine LE PEN,Marine LE PEN,True
2602,2022,Marine LE PEN,Marine LE PEN,True
2603,2022,Marine LE PEN,Marine LE PEN,True
2604,2022,Marine LE PEN,Marine LE PEN,True
2605,2022,Marine LE PEN,Marine LE PEN,True
2606,2022,Emmanuel MACRON,François FILLON,False
2607,2022,Marine LE PEN,Marine LE PEN,True
2608,2022,Marine LE PEN,Marine LE PEN,True
2609,2022,Marine LE PEN,Marine LE PEN,True
2610,2022,Marine LE PEN,Marine LE PEN,True
2611,2022,Marine LE PEN,Marine LE PEN,True
2612,2022,Marine LE PEN,Marine LE PEN,True
2613,2022,Emmanuel MACRON,François FILLON,False
2614,2022,Marine LE PEN,Marine LE PEN,True
2615,2022,Emmanuel MACRON,François FILLON,False
2616,2022,Jean-Luc MÉLENCHON,François FILLON,False
2617,2022,Marine LE PEN,Marine LE PEN,True
2618,2022,Marine LE PEN,Marine LE PEN,True
2619,2022,Marine LE PEN,Marine LE PEN,True
2620,2022,Marine LE PEN,Marine LE PEN,True
2621,2022,Marine LE PEN,Marine LE PEN,True
2622,2022,Marine LE PEN,Marine LE PEN,True
2623,2022,Marine LE PEN,Marine LE PEN,True
2624,2022,Marine LE PEN,Marine LE PEN,True
2625,2022,Marine LE PEN,Marine LE PEN,True
2626,2022,Marine LE PEN,Marine LE PEN,True
2627,2022,Marine LE PEN,Marine LE PEN,True
2628,2022,Marine LE PEN,Marine LE PEN,True
2629,2022,Marine LE PEN,Marine LE PEN,True
2630,2022,Marine LE PEN,Marine LE PEN,True
2631,2022,Marine LE PEN,Marine LE PEN,True
2632,2022,Marine LE PEN,Marine LE PEN,True
2633,2022,Marine LE PEN,Marine LE PEN,True
2634,2022,Marine LE PEN,Marine LE PEN,True
2635,2022,Marine LE PEN,Marine LE PEN,True
2636,2022,Marine LE PEN,Marine LE PEN,True
2637,2022,Emmanuel MACRON,François FILLON,False
2638,2022,Marine LE PEN,Marine LE PEN,True
2639,2022,Marine LE PEN,Marine LE PEN,True
2640,2022,Marine LE PEN,Marine LE PEN,True
2641,2022,Marine LE PEN,Marine LE PEN,True
2642,2022,Marine LE PEN,Marine LE PEN,True
2643,2022,Marine LE PEN,Marine LE PEN,True
2644,2022,Marine LE PEN,Marine LE PEN,True
2645,2022,Marine LE PEN,Marine LE PEN,True
2646,2022,Marine LE PEN,Marine LE PEN,True
2647,2022,Marine LE PEN,Marine LE PEN,True
2648,2022,Emmanuel MACRON,François FILLON,False
2649,2022,Marine LE PEN,Marine LE PEN,True
2650,2022,Marine LE PEN,Marine LE PEN,True
2651,2022,Emmanuel MACRON,François FILLON,False
2652,2022,Marine LE PEN,Marine LE PEN,True
2653,2022,Emmanuel MACRON,François FILLON,False
2654,2022,Marine LE PEN,Marine LE PEN,True
2655,2022,Emmanuel MACRON,François FILLON,False
2656,2022,Marine LE PEN,Marine LE PEN,True
2657,2022,Emmanuel MACRON,François FILLON,False
2658,2022,Emmanuel MACRON,François FILLON,False
2659,2022,Emmanuel MACRON,François FILLON,False
2660,2022,Marine LE PEN,Marine LE PEN,True
2661,2022,Marine LE PEN,Marine LE PEN,True
2662,2022,Marine LE PEN,Marine LE PEN,True
2663,2022,Marine LE PEN,Marine LE PEN,True
2664,2022,Marine LE PEN,Marine LE PEN,True
2665,2022,Marine LE PEN,Marine LE PEN,True
2666,2022,Marine LE PEN,Marine LE PEN,True
2667,2022,Marine LE PEN,Marine LE PEN,True
2668,2022,Marine LE PEN,Marine LE PEN,True
2669,2022,Marine LE PEN,Marine LE PEN,True
2670,2022,Emmanuel MACRON,François FILLON,False
2671,2022,Emmanuel MACRON,François FILLON,False
2672,2022,Marine LE PEN,Marine LE PEN,True
2673,2022,Marine LE PEN,Marine LE PEN,True
2674,2022,Marine LE PEN,Marine LE PEN,True
2675,2022,Emmanuel MACRON,François FILLON,False
2676,2022,Marine LE PEN,Marine LE PEN,True
2677,2022,Marine LE PEN,Marine LE PEN,True
2678,2022,Marine LE PEN,Marine LE PEN,True
2679,2022,Marine LE PEN,Marine LE PEN,True
2680,2022,Marine LE PEN,Marine LE PEN,True
2681,2022,Marine LE PEN,Marine LE PEN,True
2682,2022,Marine LE PEN,Marine LE PEN,True
2683,2022,Marine LE PEN,Marine LE PEN,True
2684,2022,Marine LE PEN,Marine LE PEN,True
2685,2022,Marine LE PEN,Marine LE PEN,True
2686,2022,Marine LE PEN,Marine LE PEN,True
2687,2022,Marine LE PEN,Marine LE PEN,True
2688,2022,Marine LE PEN,Marine LE PEN,True
2689,2022,Marine LE PEN,Marine LE PEN,True
2690,2022,Jean LASSALLE,François FILLON,False
2691,2022,Marine LE PEN,Marine LE PEN,True
2692,2022,Marine LE PEN,Marine LE PEN,True
2693,2022,Emmanuel MACRON,François FILLON,False
2694,2022,Marine LE PEN,Marine LE PEN,True
2695,2022,Marine LE PEN,Marine LE PEN,True
2696,2022,Emmanuel MACRON,François FILLON,False
2697,2022,Marine LE PEN,Marine LE PEN,True
2698,2022,Marine LE PEN,Marine LE PEN,True
2699,2022,Marine LE PEN,Marine LE PEN,True
2700,2022,Marine LE PEN,Marine LE PEN,True
2701,2022,Marine LE PEN,Marine LE PEN,True
2702,2022,Emmanuel MACRON,François FILLON,False
2703,2022,Marine LE PEN,Marine LE PEN,True
2704,2022,Marine LE PEN,Marine LE PEN,True
2705,2022,Marine LE PEN,Marine LE PEN,True
2706,2022,Marine LE PEN,Marine LE PEN,True
2707,2022,Emmanuel MACRON,François FILLON,False
2708,2022,Marine LE PEN,Marine LE PEN,True
2709,2022,Marine LE PEN,Marine LE PEN,True
2710,2022,Marine LE PEN,Marine LE PEN,True
2711,2022,Marine LE PEN,Marine LE PEN,True
2712,2022,Marine LE PEN,Marine LE PEN,True
2713,2022,Marine LE PEN,Marine LE PEN,True
2714,2022,Marine LE PEN,Marine LE PEN,True
2715,2022,Marine LE PEN,Marine LE PEN,True
2716,2022,Marine LE PEN,Marine LE PEN,True
2717,2022,Marine LE PEN,Marine LE PEN,True
2718,2022,Marine LE PEN,Marine LE PEN,True
2719,2022,Marine LE PEN,Marine LE PEN,True
2720,2022,Marine LE PEN,Marine LE PEN,True
2721,2022,Marine LE PEN,Marine LE PEN,True
2722,2022,Marine LE PEN,Marine LE PEN,True
2723,2022,Marine LE PEN,Marine LE PEN,True
2724,2022,Marine LE PEN,Marine LE PEN,True
2725,2022,Marine LE PEN,Marine LE PEN,True
2726,2022,Marine LE PEN,Marine LE PEN,True
2727,2022,Marine LE PEN,Marine LE PEN,True
2728,2022,Marine LE PEN,Marine LE PEN,True
2729,2022,Marine LE PEN,Marine LE PEN,True
2730,2022,Marine LE PEN,Marine LE PEN,True
2731,2022,Marine LE PEN,Marine LE PEN,True
2732,2022,Marine LE PEN,Marine LE PEN,True
2733,2022,Emmanuel MACRON,François FILLON,False
2734,2022,Marine LE PEN,Marine LE PEN,True
2735,2022,Marine LE PEN,Marine LE PEN,True
2736,2022,Marine LE PEN,Marine LE PEN,True
2737,2022,Marine LE PEN,Marine LE PEN,True
2738,2022,Emmanuel MACRON,François FILLON,False
2739,2022,Emmanuel MACRON,François FILLON,False
2740,2022,Marine LE PEN,Marine LE PEN,True
2741,2022,Marine LE PEN,Marine LE PEN,True
2742,2022,Emmanuel MACRON,François FILLON,False
2743,2022,Marine LE PEN,Marine LE PEN,True
2744,2022,Marine LE PEN,Marine LE PEN,True
2745,2022,Marine LE PEN,Marine LE PEN,True
2746,2022,Marine LE PEN,Marine LE PEN,True
2747,2022,Marine LE PEN,Marine LE PEN,True
2748,2022,Marine LE PEN,Marine LE PEN,True
2749,2022,Marine LE PEN,Marine LE PEN,True
2750,2022,Marine LE PEN,Marine LE PEN,True
2751,2022,Marine LE PEN,Marine LE PEN,True
2752,2022,Emmanuel MACRON,François FILLON,False
2753,2022,Marine LE PEN,Marine LE PEN,True
2754,2022,Marine LE PEN,Marine LE PEN,True
2755,2022,Marine LE PEN,Marine LE PEN,True
2756,2022,Marine LE PEN,Marine LE PEN,True
2757,2022,Marine LE PEN,Marine LE PEN,True
2758,2022,Marine LE PEN,Marine LE PEN,True
2759,2022,Marine LE PEN,Marine LE PEN,True
2760,2022,Marine LE PEN,Marine LE PEN,True
2761,2022,Emmanuel MACRON,François FILLON,False
2762,2022,Marine LE PEN,Marine LE PEN,True
2763,2022,Marine LE PEN,Marine LE PEN,True
2764,2022,Emmanuel MACRON,François FILLON,False
2765,2022,Marine LE PEN,Marine LE PEN,True
2766,2022,Marine LE PEN,Marine LE PEN,True
2767,2022,Marine LE PEN,Marine LE PEN,True
2768,2022,Marine LE PEN,Marine LE PEN,True
2769,2022,Marine LE PEN,Marine LE PEN,True
2770,2022,Marine LE PEN,Marine LE PEN,True
2771,2022,Marine LE PEN,Marine LE PEN,True
2772,2022,Marine LE PEN,Marine LE PEN,True
2773,2022,Marine LE PEN,Marine LE PEN,True
2774,2022,Marine LE PEN,Marine LE PEN,True
2775,2022,Emmanuel MACRON,François FILLON,False
2776,2022,Marine LE PEN,Marine LE PEN,True
2777,2022,Marine LE PEN,Marine LE PEN,True
2778,2022,Emmanuel MACRON,François FILLON,False
2779,2022,Emmanuel MACRON,François FILLON,False
2780,2022,Marine LE PEN,Marine LE PEN,True
2781,2022,Marine LE PEN,Marine LE PEN,True
2782,2022,Marine LE PEN,Marine LE PEN,True
2783,2022,Marine LE PEN,Marine LE PEN,True
2784,2022,Emmanuel MACRON,François FILLON,False
2785,2022,Marine LE PEN,Marine LE PEN,True
2786,2022,Emmanuel MACRON,François FILLON,False
2787,2022,Marine LE PEN,Marine LE PEN,True
2788,2022,Marine LE PEN,Marine LE PEN,True
2789,2022,Marine LE PEN,Marine LE PEN,True
2790,2022,Marine LE PEN,Marine LE PEN,True
2791,2022,Emmanuel MACRON,François FILLON,False
2792,2022,Marine LE PEN,Marine LE PEN,True
2793,2022,Emmanuel MACRON,François FILLON,False
2794,2022,Marine LE PEN,Marine LE PEN,True
2795,2022,Emmanuel MACRON,François FILLON,False
2796,2022,Marine LE PEN,Marine LE PEN,True
2797,2022,Marine LE PEN,Marine LE PEN,True
2798,2022,Marine LE PEN,Marine LE PEN,True
2799,2022,Marine LE PEN,Marine LE PEN,True
2800,2022,Marine LE PEN,Marine LE PEN,True
2801,2022,Marine LE PEN,Marine LE PEN,True
2802,2022,Marine LE PEN,Marine LE PEN,True
2803,2022,Marine LE PEN,Marine LE PEN,True
2804,2022,Marine LE PEN,Marine LE PEN,True
2805,2022,Marine LE PEN,Marine LE PEN,True
2806,2022,Marine LE PEN,Marine LE PEN,True
2807,2022,Marine LE PEN,Marine LE PEN,True
2808,2022,Marine LE PEN,Marine LE PEN,True
2809,2022,Marine LE PEN,Marine LE PEN,True
2810,2022,Marine LE PEN,Marine LE PEN,True
2811,2022,Marine LE PEN,Marine LE PEN,True
2812,2022,Marine LE PEN,Marine LE PEN,True
2813,2022,Marine LE PEN,Marine LE PEN,True
2814,2022,Marine LE PEN,Marine LE PEN,True
2815,2022,Marine LE PEN,Marine LE PEN,True
2816,2022,Marine LE PEN,Marine LE PEN,True
2817,2022,Marine LE PEN,Marine LE PEN,True
2818,2022,Marine LE PEN,Marine LE PEN,True
2819,2022,Marine LE PEN,Marine LE PEN,True
2820,2022,Marine LE PEN,Marine LE PEN,True
2821,2022,Marine LE PEN,Marine LE PEN,True
2822,2022,Marine LE PEN,Marine LE PEN,True
2823,2022,Marine LE PEN,Marine LE PEN,True
2824,2022,Marine LE PEN,Marine LE PEN,True
2825,2022,Marine LE PEN,Marine LE PEN,True
2826,2022,Marine LE PEN,Marine LE PEN,True
2827,2022,Marine LE PEN,Marine LE PEN,True
2828,2022,Emmanuel MACRON,François FILLON,False
2829,2022,Marine LE PEN,Marine LE PEN,True
2830,2022,Marine LE PEN,Marine LE PEN,True
2831,2022,Marine LE PEN,Marine LE PEN,True
2832,2022,Marine LE PEN,Marine LE PEN,True
2833,2022,Marine LE PEN,Marine LE PEN,True
2834,2022,Marine LE PEN,Marine LE PEN,True
2835,2022,Marine LE PEN,Marine LE PEN,True
2836,2022,Marine LE PEN,Marine LE PEN,True
2837,2022,Marine LE PEN,Marine LE PEN,True
2838,2022,Marine LE PEN,Marine LE PEN,True
2839,2022,Marine LE PEN,Marine LE PEN,True
2840,2022,Marine LE PEN,Marine LE PEN,True
2841,2022,Marine LE PEN,Marine LE PEN,True
2842,2022,Emmanuel MACRON,François FILLON,False
2843,2022,Marine LE PEN,Marine LE PEN,True
2844,2022,Marine LE PEN,Marine LE PEN,True
2845,2022,Emmanuel MACRON,François FILLON,False
2846,2022,Marine LE PEN,Marine LE PEN,True
2847,2022,Marine LE PEN,Marine LE PEN,True
2848,2022,Jean-Luc MÉLENCHON,François FILLON,False
2849,2022,Marine LE PEN,Marine LE PEN,True
2850,2022,Marine LE PEN,Marine LE PEN,True
2851,2022,Jean-Luc MÉLENCHON,François FILLON,False
2852,2022,Jean-Luc MÉLENCHON,François FILLON,False
2853,2022,Jean-Luc MÉLENCHON,François FILLON,False
2854,2022,Jean-Luc MÉLENCHON,François FILLON,False
2855,2022,Jean-Luc MÉLENCHON,François FILLON,False
2856,2022,Jean-Luc MÉLENCHON,François FILLON,False
2857,2022,Jean-Luc MÉLENCHON,François FILLON,False
2858,2022,Jean-Luc MÉLENCHON,François FILLON,False
2859,2022,Emmanuel MACRON,François FILLON,False
2860,2022,Jean-Luc MÉLENCHON,François FILLON,False
2861,2022,Marine LE PEN,Marine LE PEN,True
2862,2022,Marine LE PEN,Marine LE PEN,True
2863,2022,Emmanuel MACRON,François FILLON,False
2864,2022,Jean-Luc MÉLENCHON,François FILLON,False
2865,2022,Jean-Luc MÉLENCHON,François FILLON,False
2866,2022,Jean-Luc MÉLENCHON,François FILLON,False
2867,2022,Marine LE PEN,Marine LE PEN,True
2868,2022,Marine LE PEN,Marine LE PEN,True
2869,2022,Jean-Luc MÉLENCHON,François FILLON,False
2870,2022,Marine LE PEN,Marine LE PEN,True
2871,2022,Jean-Luc MÉLENCHON,François FILLON,False
2872,2022,Jean LASSALLE,François FILLON,False
2873,2022,Jean-Luc MÉLENCHON,François FILLON,False
2875,2022,Emmanuel MACRON,François FILLON,False
2876,2022,Jean-Luc MÉLENCHON,François FILLON,False
2877,2022,Emmanuel MACRON,François FILLON,False
2878,2022,Emmanuel MACRON,Jean-Luc MÉLENCHON,False
2879,2022,Marine LE PEN,Marine LE PEN,True
2880,2022,Jean-Luc MÉLENCHON,François FILLON,False
2881,2022,Jean-Luc MÉLENCHON,François FILLON,False
2882,2022,Jean-Luc MÉLENCHON,François FILLON,False
2883,2022,Jean-Luc MÉLENCHON,François FILLON,False
2884,2022,Marine LE PEN,Marine LE PEN,True
2885,2022,Marine LE PEN,Marine LE PEN,True
2886,2022,Jean-Luc MÉLENCHON,François FILLON,False
2887,2022,Jean-Luc MÉLENCHON,François FILLON,False
2888,2022,Jean-Luc MÉLENCHON,François FILLON,False
2889,2022,Jean-Luc MÉLENCHON,François FILLON,False
2890,2022,Marine LE PEN,Marine LE PEN,True
2891,2022,Jean-Luc MÉLENCHON,François FILLON,False
2892,2022,Marine LE PEN,Marine LE PEN,True
2893,2022,Jean-Luc MÉLENCHON,François FILLON,False
2894,2022,Jean-Luc MÉLENCHON,François FILLON,False
2895,2022,Marine LE PEN,Marine LE PEN,True
2896,2022,Jean-Luc MÉLENCHON,François FILLON,False
2897,2022,Emmanuel MACRON,François FILLON,False
2898,2022,Jean-Luc MÉLENCHON,François FILLON,False
2899,2022,Jean-Luc MÉLENCHON,François FILLON,False
2900,2022,Jean-Luc MÉLENCHON,François FILLON,False
2901,2022,Marine LE PEN,Marine LE PEN,True
2902,2022,Jean-Luc MÉLENCHON,François FILLON,False
2903,2022,Marine LE PEN,Marine LE PEN,True
2904,2022,Jean-Luc MÉLENCHON,François FILLON,False
2905,2022,Marine LE PEN,Marine LE PEN,True
2906,2022,Jean-Luc MÉLENCHON,François FILLON,False
2907,2022,Jean-Luc MÉLENCHON,François FILLON,False
2908,2022,Jean-Luc MÉLENCHON,François FILLON,False
2909,2022,Jean-Luc MÉLENCHON,François FILLON,False
2910,2022,Jean-Luc MÉLENCHON,François FILLON,False
2911,2022,Jean-Luc MÉLENCHON,François FILLON,False
2912,2022,Jean-Luc MÉLENCHON,François FILLON,False
2913,2022,Jean-Luc MÉLENCHON,François FILLON,False
2914,2022,Jean-Luc MÉLENCHON,François FILLON,False
2915,2022,Jean-Luc MÉLENCHON,François FILLON,False
2916,2022,Jean-Luc MÉLENCHON,François FILLON,False
2917,2022,Marine LE PEN,Marine LE PEN,True
2918,2022,Jean-Luc MÉLENCHON,François FILLON,False
2919,2022,Emmanuel MACRON,François FILLON,False
2920,2022,Jean-Luc MÉLENCHON,François FILLON,False
2921,2022,Marine LE PEN,Marine LE PEN,True
2922,2022,Marine LE PEN,Marine LE PEN,True
2923,2022,Emmanuel MACRON,François FILLON,False
2924,2022,Jean-Luc MÉLENCHON,François FILLON,False
2925,2022,Jean-Luc MÉLENCHON,François FILLON,False
2926,2022,Marine LE PEN,Marine LE PEN,True
2927,2022,Jean-Luc MÉLENCHON,François FILLON,False
2928,2022,Jean-Luc MÉLENCHON,François FILLON,False
2929,2022,Jean-Luc MÉLENCHON,François FILLON,False
2930,2022,Jean-Luc MÉLENCHON,François FILLON,False
2931,2022,Marine LE PEN,Marine LE PEN,True
2932,2022,Emmanuel MACRON,François FILLON,False
2933,2022,Marine LE PEN,Marine LE PEN,True
2934,2022,Jean-Luc MÉLENCHON,François FILLON,False
2935,2022,Marine LE PEN,Marine LE PEN,True
2936,2022,Jean-Luc MÉLENCHON,François FILLON,False
2937,2022,Jean-Luc MÉLENCHON,François FILLON,False
2938,2022,Marine LE PEN,Marine LE PEN,True
2939,2022,Jean-Luc MÉLENCHON,François FILLON,False
2940,2022,Jean-Luc MÉLENCHON,François FILLON,False
2941,2022,Marine LE PEN,Marine LE PEN,True
2942,2022,Jean-Luc MÉLENCHON,François FILLON,False
2943,2022,Marine LE PEN,Marine LE PEN,True
2944,2022,Emmanuel MACRON,François FILLON,False
2945,2022,Jean-Luc MÉLENCHON,François FILLON,False
2946,2022,Marine LE PEN,Marine LE PEN,True
2947,2022,Emmanuel MACRON,François FILLON,False
2948,2022,Jean-Luc MÉLENCHON,François FILLON,False
2949,2022,Marine LE PEN,Marine LE PEN,True
2950,2022,Jean-Luc MÉLENCHON,François FILLON,False
2951,2022,Marine LE PEN,Marine LE PEN,True
2952,2022,Jean-Luc MÉLENCHON,François FILLON,False
2953,2022,Jean-Luc MÉLENCHON,François FILLON,False
2954,2022,Marine LE PEN,Marine LE PEN,True
2955,2022,Jean-Luc MÉLENCHON,François FILLON,False
2956,2022,Jean-Luc MÉLENCHON,François FILLON,False
2957,2022,Jean-Luc MÉLENCHON,François FILLON,False
2958,2022,Jean-Luc MÉLENCHON,François FILLON,False
2959,2022,Marine LE PEN,Marine LE PEN,True
2960,2022,Marine LE PEN,Marine LE PEN,True
2961,2022,Marine LE PEN,Marine LE PEN,True
2962,2022,Jean-Luc MÉLENCHON,François FILLON,False
2963,2022,Jean-Luc MÉLENCHON,François FILLON,False
2964,2022,Jean-Luc MÉLENCHON,François FILLON,False
2965,2022,Jean-Luc MÉLENCHON,François FILLON,False
2966,2022,Jean-Luc MÉLENCHON,Jean-Luc MÉLENCHON,True
2967,2022,Jean-Luc MÉLENCHON,François FILLON,False
2968,2022,Marine LE PEN,Marine LE PEN,True
2969,2022,Marine LE PEN,Marine LE PEN,True
2970,2022,Jean-Luc MÉLENCHON,François FILLON,False
2971,2022,Jean-Luc MÉLENCHON,François FILLON,False
2972,2022,Marine LE PEN,Marine LE PEN,True
2973,2022,Jean-Luc MÉLENCHON,François FILLON,False
2974,2022,Jean-Luc MÉLENCHON,Jean-Luc MÉLENCHON,True
2975,2022,Marine LE PEN,Marine LE PEN,True
2976,2022,Jean-Luc MÉLENCHON,François FILLON,False
2977,2022,Marine LE PEN,Marine LE PEN,True
2978,2022,Jean-Luc MÉLENCHON,François FILLON,False
2980,2022,Jean-Luc MÉLENCHON,François FILLON,False
2981,2022,Jean-Luc MÉLENCHON,François FILLON,False
2982,2022,Jean-Luc MÉLENCHON,François FILLON,False
2983,2022,Marine LE PEN,Marine LE PEN,True
2984,2022,Emmanuel MACRON,François FILLON,False
2985,2022,Marine LE PEN,Marine LE PEN,True
2986,2022,Marine LE PEN,Marine LE PEN,True
2987,2022,Emmanuel MACRON,François FILLON,False
2988,2022,Jean-Luc MÉLENCHON,François FILLON,False
2989,2022,Marine LE PEN,Marine LE PEN,True
2990,2022,Marine LE PEN,Marine LE PEN,True
2991,2022,Jean-Luc MÉLENCHON,François FILLON,False
2992,2022,Jean-Luc MÉLENCHON,François FILLON,False
2993,2022,Jean-Luc MÉLENCHON,François FILLON,False
2994,2022,Jean-Luc MÉLENCHON,François FILLON,False
2995,2022,Jean-Luc MÉLENCHON,François FILLON,False
2996,2022,Jean-Luc MÉLENCHON,François FILLON,False
2997,2022,Jean-Luc MÉLENCHON,François FILLON,False
2998,2022,Jean-Luc MÉLENCHON,François FILLON,False
2999,2022,Emmanuel MACRON,François FILLON,False
3000,2022,Jean-Luc MÉLENCHON,Jean-Luc MÉLENCHON,True
3001,2022,Jean-Luc MÉLENCHON,François FILLON,False
3002,2022,Marine LE PEN,Marine LE PEN,True
3003,2022,Marine LE PEN,Marine LE PEN,True
3004,2022,Marine LE PEN,Marine LE PEN,True
3005,2022,Emmanuel MACRON,François FILLON,False
3006,2022,Marine LE PEN,Marine LE PEN,True
3007,2022,Jean-Luc MÉLENCHON,François FILLON,False
3008,2022,Marine LE PEN,Marine LE PEN,True
3009,2022,Jean-Luc MÉLENCHON,François FILLON,False
3010,2022,Emmanuel MACRON,François FILLON,False
3011,2022,Jean-Luc MÉLENCHON,François FILLON,False
3012,2022,Jean-Luc MÉLENCHON,François FILLON,False
3013,2022,Jean-Luc MÉLENCHON,François FILLON,False
3014,2022,Marine LE PEN,Marine LE PEN,True
3015,2022,Jean-Luc MÉLENCHON,François FILLON,False
3016,2022,Jean-Luc MÉLENCHON,François FILLON,False
3017,2022,Marine LE PEN,Marine LE PEN,True
3018,2022,Jean-Luc MÉLENCHON,François FILLON,False
3019,2022,Marine LE PEN,Marine LE PEN,True
3020,2022,Jean-Luc MÉLENCHON,François FILLON,False
3021,2022,Emmanuel MACRON,François FILLON,False
3022,2022,Jean-Luc MÉLENCHON,François FILLON,False
3023,2022,Jean-Luc MÉLENCHON,François FILLON,False
3024,2022,Jean-Luc MÉLENCHON,François FILLON,False
3025,2022,Jean-Luc MÉLENCHON,Jean-Luc MÉLENCHON,True
3026,2022,Marine LE PEN,Marine LE PEN,True
3027,2022,Jean-Luc MÉLENCHON,François FILLON,False
3028,2022,Marine LE PEN,Marine LE PEN,True
3029,2022,Jean-Luc MÉLENCHON,François FILLON,False
3030,2022,Jean-Luc MÉLENCHON,François FILLON,False
3031,2022,Jean-Luc MÉLENCHON,François FILLON,False
3032,2022,Jean-Luc MÉLENCHON,François FILLON,False
3033,2022,Marine LE PEN,Marine LE PEN,True
3034,2022,Emmanuel MACRON,François FILLON,False
3035,2022,Jean-Luc MÉLENCHON,François FILLON,False
3036,2022,Jean-Luc MÉLENCHON,François FILLON,False
3037,2022,Jean LASSALLE,François FILLON,False
3038,2022,Jean-Luc MÉLENCHON,François FILLON,False
3039,2022,Jean-Luc MÉLENCHON,François FILLON,False
3040,2022,Jean-Luc MÉLENCHON,François FILLON,False
3041,2022,Marine LE PEN,Marine LE PEN,True
3042,2022,Jean-Luc MÉLENCHON,François FILLON,False
3043,2022,Jean-Luc MÉLENCHON,François FILLON,False
3044,2022,Jean-Luc MÉLENCHON,François FILLON,False
3045,2022,Jean-Luc MÉLENCHON,François FILLON,False
3046,2022,Jean-Luc MÉLENCHON,François FILLON,False
3047,2022,Jean-Luc MÉLENCHON,François FILLON,False
3048,2022,Marine LE PEN,Marine LE PEN,True
3049,2022,Marine LE PEN,Marine LE PEN,True
3050,2022,Emmanuel MACRON,François FILLON,False
3051,2022,Marine LE PEN,Marine LE PEN,True
3052,2022,Jean-Luc MÉLENCHON,François FILLON,False
3053,2022,Emmanuel MACRON,François FILLON,False
3054,2022,Jean-Luc MÉLENCHON,François FILLON,False
3055,2022,Marine LE PEN,Marine LE PEN,True
3056,2022,Jean-Luc MÉLENCHON,François FILLON,False
3057,2022,Emmanuel MACRON,François FILLON,False
3058,2022,Jean-Luc MÉLENCHON,François FILLON,False
3059,2022,Marine LE PEN,Marine LE PEN,True
3060,2022,Marine LE PEN,Marine LE PEN,True
3061,2022,Jean-Luc MÉLENCHON,François FILLON,False
3062,2022,Emmanuel MACRON,François FILLON,False
3063,2022,Jean-Luc MÉLENCHON,François FILLON,False
3064,2022,Emmanuel MACRON,François FILLON,False
3065,2022,Jean-Luc MÉLENCHON,François FILLON,False
3066,2022,Jean-Luc MÉLENCHON,François FILLON,False
3067,2022,Marine LE PEN,Marine LE PEN,True
3068,2022,Emmanuel MACRON,François FILLON,False
3069,2022,Emmanuel MACRON,François FILLON,False
3070,2022,Jean-Luc MÉLENCHON,François FILLON,False
3071,2022,Marine LE PEN,Marine LE PEN,True
3072,2022,Jean-Luc MÉLENCHON,François FILLON,False
3073,2022,Jean-Luc MÉLENCHON,François FILLON,False
3074,2022,Emmanuel MACRON,François FILLON,False
3075,2022,Marine LE PEN,Marine LE PEN,True
3076,2022,Jean-Luc MÉLENCHON,François FILLON,False
3077,2022,Jean-Luc MÉLENCHON,François FILLON,False
3078,2022,Jean-Luc MÉLENCHON,François FILLON,False
3079,2022,Emmanuel MACRON,François FILLON,False
3080,2022,Marine LE PEN,Marine LE PEN,True
3081,2022,Marine LE PEN,Marine LE PEN,True
3082,2022,Marine LE PEN,Marine LE PEN,True
3083,2022,Jean-Luc MÉLENCHON,François FILLON,False
3084,2022,Marine LE PEN,Marine LE PEN,True
3085,2022,Marine LE PEN,Marine LE PEN,True
3086,2022,Marine LE PEN,Marine LE PEN,True
3087,2022,Marine LE PEN,Marine LE PEN,True
3088,2022,Jean-Luc MÉLENCHON,François FILLON,False
3089,2022,Jean-Luc MÉLENCHON,François FILLON,False
3090,2022,Emmanuel MACRON,François FILLON,False
3091,2022,Marine LE PEN,Marine LE PEN,True
3092,2022,Jean-Luc MÉLENCHON,François FILLON,False
3094,2022,Marine LE PEN,Marine LE PEN,True
3095,2022,Marine LE PEN,Marine LE PEN,True
3096,2022,Emmanuel MACRON,François FILLON,False
3097,2022,Jean LASSALLE,François FILLON,False
3098,2022,Jean-Luc MÉLENCHON,François FILLON,False
3099,2022,Marine LE PEN,Marine LE PEN,True
3100,2022,Jean-Luc MÉLENCHON,François FILLON,False
3101,2022,Marine LE PEN,Marine LE PEN,True
3102,2022,Jean-Luc MÉLENCHON,Jean-Luc MÉLENCHON,True
3103,2022,Marine LE PEN,Marine LE PEN,True
3104,2022,Emmanuel MACRON,François FILLON,False
3105,2022,Marine LE PEN,Marine LE PEN,True
3106,2022,Marine LE PEN,Marine LE PEN,True
3107,2022,Marine LE PEN,Marine LE PEN,True
3108,2022,Marine LE PEN,Marine LE PEN,True
3109,2022,Jean-Luc MÉLENCHON,François FILLON,False
3110,2022,Jean-Luc MÉLENCHON,François FILLON,False
3111,2022,Marine LE PEN,Marine LE PEN,True
3112,2022,Marine LE PEN,Marine LE PEN,True
3113,2022,Marine LE PEN,Marine LE PEN,True
3114,2022,Jean-Luc MÉLENCHON,François FILLON,False
3115,2022,Emmanuel MACRON,François FILLON,False
3116,2022,Jean-Luc MÉLENCHON,François FILLON,False
3117,2022,Marine LE PEN,Marine LE PEN,True
3118,2022,Marine LE PEN,Marine LE PEN,True
3119,2022,Emmanuel MACRON,François FILLON,False
3120,2022,Jean-Luc MÉLENCHON,François FILLON,False
3121,2022,Marine LE PEN,Marine LE PEN,True
3122,2022,Marine LE PEN,Marine LE PEN,True
3123,2022,Marine LE PEN,Marine LE PEN,True
3124,2022,Marine LE PEN,Marine LE PEN,True
3125,2022,Jean-Luc MÉLENCHON,Jean-Luc MÉLENCHON,True
3127,2022,Jean-Luc MÉLENCHON,François FILLON,False
3128,2022,Marine LE PEN,Marine LE PEN,True
3129,2022,Jean-Luc MÉLENCHON,François FILLON,False
3130,2022,Jean-Luc MÉLENCHON,François FILLON,False
3131,2022,Jean-Luc MÉLENCHON,François FILLON,False
3132,2022,Jean-Luc MÉLENCHON,François FILLON,False
3133,2022,Jean-Luc MÉLENCHON,François FILLON,False
3134,2022,Emmanuel MACRON,François FILLON,False
3135,2022,Marine LE PEN,Marine LE PEN,True
3136,2022,Jean-Luc MÉLENCHON,François FILLON,False
3137,2022,Jean-Luc MÉLENCHON,François FILLON,False
3138,2022,Jean-Luc MÉLENCHON,François FILLON,False
3139,2022,Jean-Luc MÉLENCHON,François FILLON,False
3140,2022,Jean-Luc MÉLENCHON,François FILLON,False
3142,2022,Emmanuel MACRON,François FILLON,False
3143,2022,Jean-Luc MÉLENCHON,François FILLON,False
3144,2022,Marine LE PEN,Marine LE PEN,True
3145,2022,Jean-Luc MÉLENCHON,François FILLON,False
3146,2022,Marine LE PEN,Marine LE PEN,True
3147,2022,Emmanuel MACRON,François FILLON,False
3148,2022,Marine LE PEN,Marine LE PEN,True
3149,2022,Marine LE PEN,Marine LE PEN,True
3150,2022,Jean-Luc MÉLENCHON,François FILLON,False
3151,2022,Marine LE PEN,Marine LE PEN,True
3152,2022,Jean-Luc MÉLENCHON,François FILLON,False
3153,2022,Jean-Luc MÉLENCHON,François FILLON,False
3154,2022,Marine LE PEN,Marine LE PEN,True
3155,2022,Marine LE PEN,Marine LE PEN,True
3156,2022,Marine LE PEN,Marine LE PEN,True
3157,2022,Jean-Luc MÉLENCHON,François FILLON,False
3158,2022,Marine LE PEN,Marine LE PEN,True
3159,2022,Emmanuel MACRON,François FILLON,False
3160,2022,Marine LE PEN,Marine LE PEN,True
3161,2022,Marine LE PEN,Marine LE PEN,True
3162,2022,Marine LE PEN,Marine LE PEN,True
3163,2022,Jean LASSALLE,François FILLON,False
3164,2022,Jean-Luc MÉLENCHON,François FILLON,False
3165,2022,Jean-Luc MÉLENCHON,François FILLON,False
3166,2022,Jean-Luc MÉLENCHON,François FILLON,False
3167,2022,Emmanuel MACRON,François FILLON,False
3168,2022,Jean-Luc MÉLENCHON,François FILLON,False
3169,2022,Marine LE PEN,Marine LE PEN,True
3170,2022,Marine LE PEN,Marine LE PEN,True
3171,2022,Emmanuel MACRON,François FILLON,False
3172,2022,Jean-Luc MÉLENCHON,François FILLON,False
3173,2022,Marine LE PEN,Marine LE PEN,True
3174,2022,Jean-Luc MÉLENCHON,François FILLON,False
3175,2022,Marine LE PEN,Marine LE PEN,True
3176,2022,Marine LE PEN,Marine LE PEN,True
3177,2022,Jean-Luc MÉLENCHON,François FILLON,False
3178,2022,Marine LE PEN,Marine LE PEN,True
3179,2022,Marine LE PEN,Marine LE PEN,True
3180,2022,Marine LE PEN,Marine LE PEN,True
3181,2022,Marine LE PEN,Marine LE PEN,True
3182,2022,Marine LE PEN,Marine LE PEN,True
3183,2022,Marine LE PEN,Marine LE PEN,True
3184,2022,Marine LE PEN,Marine LE PEN,True
3185,2022,Marine LE PEN,Marine LE PEN,True
3186,2022,Marine LE PEN,Marine LE PEN,True
3187,2022,Marine LE PEN,Marine LE PEN,True
3188,2022,Marine LE PEN,Marine LE PEN,True
3189,2022,Marine LE PEN,Marine LE PEN,True
3190,2022,Marine LE PEN,Marine LE PEN,True
3191,2022,Marine LE PEN,Marine LE PEN,True
3192,2022,Marine LE PEN,Marine LE PEN,True
3193,2022,Emmanuel MACRON,François FILLON,False
3194,2022,Marine LE PEN,Marine LE PEN,True
3195,2022,Marine LE PEN,Marine LE PEN,True
3196,2022,Marine LE PEN,Marine LE PEN,True
3197,2022,Marine LE PEN,Marine LE PEN,True
3198,2022,Marine LE PEN,Marine LE PEN,True
3199,2022,Marine LE PEN,Marine LE PEN,True
3200,2022,Marine LE PEN,Marine LE PEN,True
3201,2022,Emmanuel MACRON,François FILLON,False
3202,2022,Emmanuel MACRON,François FILLON,False
3203,2022,Emmanuel MACRON,François FILLON,False
3204,2022,Marine LE PEN,Marine LE PEN,True
3205,2022,Marine LE PEN,Marine LE PEN,True
3206,2022,Marine LE PEN,Marine LE PEN,True
3207,2022,Marine LE PEN,Marine LE PEN,True
3208,2022,Marine LE PEN,Marine LE PEN,True
3209,2022,Marine LE PEN,Marine LE PEN,True
3210,2022,Marine LE PEN,Marine LE PEN,True
3211,2022,Marine LE PEN,Marine LE PEN,True
3212,2022,Marine LE PEN,Marine LE PEN,True
3213,2022,Marine LE PEN,Marine LE PEN,True
3214,2022,Marine LE PEN,Marine LE PEN,True
3215,2022,Marine LE PEN,Marine LE PEN,True
3216,2022,Marine LE PEN,Marine LE PEN,True
3217,2022,Marine LE PEN,Marine LE PEN,True
3218,2022,Marine LE PEN,Marine LE PEN,True
3219,2022,Marine LE PEN,Marine LE PEN,True
3220,2022,Emmanuel MACRON,François FILLON,False
3221,2022,Marine LE PEN,Marine LE PEN,True
3223,2022,Marine LE PEN,Marine LE PEN,True
3224,2022,Marine LE PEN,Marine LE PEN,True
3225,2022,Marine LE PEN,Marine LE PEN,True
3226,2022,Marine LE PEN,Marine LE PEN,True
3227,2022,Marine LE PEN,Marine LE PEN,True
3228,2022,Marine LE PEN,Marine LE PEN,True
3229,2022,Marine LE PEN,Marine LE PEN,True
3230,2022,Marine LE PEN,Marine LE PEN,True
3231,2022,Marine LE PEN,Marine LE PEN,True
3232,2022,Marine LE PEN,Marine LE PEN,True
3233,2022,Marine LE PEN,Marine LE PEN,True
3234,2022,Marine LE PEN,Marine LE PEN,True
3235,2022,Emmanuel MACRON,François FILLON,False
3236,2022,Marine LE PEN,Marine LE PEN,True
3237,2022,Marine LE PEN,Marine LE PEN,True
3238,2022,Marine LE PEN,Marine LE PEN,True
3239,2022,Marine LE PEN,Marine LE PEN,True
3240,2022,Marine LE PEN,Marine LE PEN,True
3241,2022,Marine LE PEN,Marine LE PEN,True
3242,2022,Marine LE PEN,Marine LE PEN,True
3243,2022,Marine LE PEN,Marine LE PEN,True
3244,2022,Emmanuel MACRON,François FILLON,False
3245,2022,Emmanuel MACRON,François FILLON,False
3246,2022,Marine LE PEN,Marine LE PEN,True
3247,2022,Marine LE PEN,Marine LE PEN,True
3248,2022,Marine LE PEN,Marine LE PEN,True
3249,2022,Marine LE PEN,Marine LE PEN,True
3250,2022,Marine LE PEN,Marine LE PEN,True
3251,2022,Marine LE PEN,Marine LE PEN,True
3252,2022,Marine LE PEN,Marine LE PEN,True
3253,2022,Marine LE PEN,Marine LE PEN,True
3254,2022,Emmanuel MACRON,François FILLON,False
3255,2022,Marine LE PEN,Marine LE PEN,True
3256,2022,Jean-Luc MÉLENCHON,François FILLON,False
3257,2022,Marine LE PEN,Marine LE PEN,True
3258,2022,Marine LE PEN,Marine LE PEN,True
3259,2022,Marine LE PEN,Marine LE PEN,True
3260,2022,Marine LE PEN,Marine LE PEN,True
3261,2022,Marine LE PEN,Marine LE PEN,True
3262,2022,Marine LE PEN,Marine LE PEN,True
3263,2022,Marine LE PEN,Marine LE PEN,True
3264,2022,Marine LE PEN,Marine LE PEN,True
3265,2022,Marine LE PEN,Marine LE PEN,True
3266,2022,Marine LE PEN,Marine LE PEN,True
3267,2022,Marine LE PEN,Marine LE PEN,True
3268,2022,Marine LE PEN,Marine LE PEN,True
3269,2022,Marine LE PEN,Marine LE PEN,True
3270,2022,Marine LE PEN,Marine LE PEN,True
3271,2022,Marine LE PEN,Marine LE PEN,True
3272,2022,Marine LE PEN,Marine LE PEN,True
3273,2022,Marine LE PEN,Marine LE PEN,True
3274,2022,Marine LE PEN,Marine LE PEN,True
3275,2022,Marine LE PEN,Marine LE PEN,True
3276,2022,Emmanuel MACRON,François FILLON,False
3277,2022,Marine LE PEN,Marine LE PEN,True
3278,2022,Marine LE PEN,Marine LE PEN,True
3279,2022,Marine LE PEN,Marine LE PEN,True
3280,2022,Marine LE PEN,Marine LE PEN,True
3281,2022,Marine LE PEN,Marine LE PEN,True
3282,2022,Emmanuel MACRON,François FILLON,False
3283,2022,Marine LE PEN,Marine LE PEN,True
3284,2022,Marine LE PEN,Marine LE PEN,True
3285,2022,Emmanuel MACRON,François FILLON,False
3286,2022,Marine LE PEN,Marine LE PEN,True
3287,2022,Marine LE PEN,Marine LE PEN,True
3288,2022,Marine LE PEN,Marine LE PEN,True
3289,2022,Marine LE PEN,Marine LE PEN,True
3290,2022,Emmanuel MACRON,François FILLON,False
3291,2022,Marine LE PEN,Marine LE PEN,True
3292,2022,Marine LE PEN,Marine LE PEN,True
3293,2022,Marine LE PEN,Marine LE PEN,True
3294,2022,Marine LE PEN,Marine LE PEN,True
3295,2022,Marine LE PEN,Marine LE PEN,True
3296,2022,Marine LE PEN,Marine LE PEN,True
3297,2022,Marine LE PEN,Marine LE PEN,True
3298,2022,Marine LE PEN,Marine LE PEN,True
3299,2022,Marine LE PEN,Marine LE PEN,True
3300,2022,Marine LE PEN,Marine LE PEN,True
3301,2022,Marine LE PEN,Marine LE PEN,True
3302,2022,Emmanuel MACRON,François FILLON,False
3303,2022,Emmanuel MACRON,François FILLON,False
3304,2022,Marine LE PEN,Marine LE PEN,True
3305,2022,Marine LE PEN,Marine LE PEN,True
3306,2022,Marine LE PEN,Marine LE PEN,True
3307,2022,Emmanuel MACRON,François FILLON,False
3308,2022,Emmanuel MACRON,François FILLON,False
3309,2022,Marine LE PEN,Marine LE PEN,True
3310,2022,Emmanuel MACRON,François FILLON,False
3311,2022,Emmanuel MACRON,François FILLON,False
3312,2022,Marine LE PEN,Marine LE PEN,True
3313,2022,Marine LE PEN,Marine LE PEN,True
3314,2022,Marine LE PEN,Marine LE PEN,True
3315,2022,Marine LE PEN,Marine LE PEN,True
3316,2022,Marine LE PEN,Marine LE PEN,True
3317,2022,Marine LE PEN,Marine LE PEN,True
3318,2022,Marine LE PEN,Marine LE PEN,True
3319,2022,Emmanuel MACRON,François FILLON,False
3320,2022,Marine LE PEN,Marine LE PEN,True
3321,2022,Marine LE PEN,Marine LE PEN,True
3322,2022,Marine LE PEN,Marine LE PEN,True
3323,2022,Emmanuel MACRON,François FILLON,False
3324,2022,Marine LE PEN,Marine LE PEN,True
3325,2022,Marine LE PEN,Marine LE PEN,True
3326,2022,Marine LE PEN,Marine LE PEN,True
3327,2022,Marine LE PEN,Marine LE PEN,True
3328,2022,Marine LE PEN,Marine LE PEN,True
3329,2022,Marine LE PEN,Marine LE PEN,True
3330,2022,Marine LE PEN,Marine LE PEN,True
3331,2022,Marine LE PEN,Marine LE PEN,True
3332,2022,Marine LE PEN,Marine LE PEN,True
3333,2022,Marine LE PEN,Marine LE PEN,True
3334,2022,Emmanuel MACRON,François FILLON,False
3335,2022,Marine LE PEN,Marine LE PEN,True
3336,2022,Emmanuel MACRON,François FILLON,False
3337,2022,Marine LE PEN,Marine LE PEN,True
3338,2022,Marine LE PEN,Marine LE PEN,True
3339,2022,Marine LE PEN,Marine LE PEN,True
3340,2022,Marine LE PEN,Marine LE PEN,True
3341,2022,Marine LE PEN,Marine LE PEN,True
3342,2022,Emmanuel MACRON,François FILLON,False
3343,2022,Marine LE PEN,Marine LE PEN,True
3344,2022,Marine LE PEN,Marine LE PEN,True
3345,2022,Marine LE PEN,Marine LE PEN,True
3346,2022,Marine LE PEN,Marine LE PEN,True
3347,2022,Marine LE PEN,Marine LE PEN,True
3348,2022,Emmanuel MACRON,François FILLON,False
3349,2022,Marine LE PEN,Marine LE PEN,True
3350,2022,Marine LE PEN,Marine LE PEN,True
3351,2022,Marine LE PEN,Marine LE PEN,True
3352,2022,Marine LE PEN,Marine LE PEN,True
3353,2022,Marine LE PEN,Marine LE PEN,True
3354,2022,Marine LE PEN,Marine LE PEN,True
3355,2022,Marine LE PEN,Marine LE PEN,True
3356,2022,Emmanuel MACRON,François FILLON,False
3357,2022,Marine LE PEN,Marine LE PEN,True
3358,2022,Marine LE PEN,Marine LE PEN,True
3359,2022,Emmanuel MACRON,François FILLON,False
3360,2022,Marine LE PEN,Marine LE PEN,True
3361,2022,Emmanuel MACRON,François FILLON,False
3362,2022,Marine LE PEN,Marine LE PEN,True
3363,2022,Marine LE PEN,Marine LE PEN,True
3364,2022,Marine LE PEN,Marine LE PEN,True
3365,2022,Marine LE PEN,Marine LE PEN,True
3366,2022,Marine LE PEN,Marine LE PEN,True
3367,2022,Marine LE PEN,Marine LE PEN,True
3368,2022,Marine LE PEN,Marine LE PEN,True
3369,2022,Marine LE PEN,Marine LE PEN,True
3370,2022,Marine LE PEN,Marine LE PEN,True
3371,2022,Jean-Luc MÉLENCHON,François FILLON,False
3372,2022,Marine LE PEN,Marine LE PEN,True
3373,2022,Marine LE PEN,Marine LE PEN,True
3374,2022,Marine LE PEN,Marine LE PEN,True
3375,2022,Marine LE PEN,Marine LE PEN,True
3376,2022,Marine LE PEN,Marine LE PEN,True
3377,2022,Marine LE PEN,Marine LE PEN,True
3378,2022,Emmanuel MACRON,François FILLON,False
3379,2022,Emmanuel MACRON,François FILLON,False
3380,2022,Marine LE PEN,Marine LE PEN,True
3381,2022,Marine LE PEN,Marine LE PEN,True
3382,2022,Marine LE PEN,Marine LE PEN,True
3383,2022,Emmanuel MACRON,François FILLON,False
3384,2022,Marine LE PEN,Marine LE PEN,True
3385,2022,Marine LE PEN,Marine LE PEN,True
3386,2022,Marine LE PEN,Marine LE PEN,True
3387,2022,Marine LE PEN,Marine LE PEN,True
3388,2022,Marine LE PEN,Marine LE PEN,True
3389,2022,Marine LE PEN,Marine LE PEN,True
3390,2022,Marine LE PEN,Marine LE PEN,True
3391,2022,Marine LE PEN,Marine LE PEN,True
3392,2022,Emmanuel MACRON,Emmanuel MACRON,True
3393,2022,Marine LE PEN,Marine LE PEN,True
3394,2022,Marine LE PEN,Marine LE PEN,True
3395,2022,Marine LE PEN,Marine LE PEN,True
3396,2022,Marine LE PEN,Marine LE PEN,True
3397,2022,Marine LE PEN,Marine LE PEN,True
3398,2022,Marine LE PEN,Marine LE PEN,True
3399,2022,Marine LE PEN,Marine LE PEN,True
3400,2022,Marine LE PEN,Marine LE PEN,True
3401,2022,Marine LE PEN,Marine LE PEN,True
3402,2022,Marine LE PEN,Marine LE PEN,True
3403,2022,Marine LE PEN,Marine LE PEN,True
3404,2022,Marine LE PEN,Marine LE PEN,True
3405,2022,Marine LE PEN,Marine LE PEN,True
3406,2022,Marine LE PEN,Marine LE PEN,True
3407,2022,Marine LE PEN,Marine LE PEN,True
3408,2022,Marine LE PEN,Marine LE PEN,True
3409,2022,Marine LE PEN,Marine LE PEN,True
3410,2022,Emmanuel MACRON,François FILLON,False
3411,2022,Marine LE PEN,Marine LE PEN,True
3412,2022,Marine LE PEN,Marine LE PEN,True
3413,2022,Marine LE PEN,Marine LE PEN,True
3414,2022,Marine LE PEN,Marine LE PEN,True
3415,2022,Marine LE PEN,Marine LE PEN,True
3416,2022,Emmanuel MACRON,François FILLON,False
3417,2022,Marine LE PEN,Marine LE PEN,True
3418,2022,Marine LE PEN,Marine LE PEN,True
3419,2022,Marine LE PEN,Marine LE PEN,True
3420,2022,Emmanuel MACRON,François FILLON,False
3421,2022,Marine LE PEN,Marine LE PEN,True
3422,2022,Marine LE PEN,Marine LE PEN,True
3423,2022,Marine LE PEN,Marine LE PEN,True
3424,2022,Marine LE PEN,Marine LE PEN,True
3425,2022,Marine LE PEN,Marine LE PEN,True
3426,2022,Marine LE PEN,Marine LE PEN,True
3427,2022,Marine LE PEN,Marine LE PEN,True
3428,2022,Marine LE PEN,Marine LE PEN,True
3429,2022,Marine LE PEN,Marine LE PEN,True
3430,2022,Marine LE PEN,Marine LE PEN,True
3431,2022,Marine LE PEN,Marine LE PEN,True
3432,2022,Marine LE PEN,Marine LE PEN,True
3433,2022,Marine LE PEN,Marine LE PEN,True
3434,2022,Marine LE PEN,Marine LE PEN,True
3435,2022,Marine LE PEN,Marine LE PEN,True
3436,2022,Marine LE PEN,Marine LE PEN,True
3437,2022,Marine LE PEN,Marine LE PEN,True
3438,2022,Emmanuel MACRON,François FILLON,False
3439,2022,Marine LE PEN,Marine LE PEN,True
3440,2022,Marine LE PEN,Marine LE PEN,True
3441,2022,Marine LE PEN,Marine LE PEN,True
3442,2022,Emmanuel MACRON,François FILLON,False
3443,2022,Marine LE PEN,Marine LE PEN,True
3444,2022,Marine LE PEN,Marine LE PEN,True
3445,2022,Marine LE PEN,Marine LE PEN,True
3446,2022,Marine LE PEN,Marine LE PEN,True
3447,2022,Marine LE PEN,Marine LE PEN,True
3448,2022,Marine LE PEN,Marine LE PEN,True
3449,2022,Marine LE PEN,Marine LE PEN,True
3450,2022,Marine LE PEN,Marine LE PEN,True
3451,2022,Marine LE PEN,Marine LE PEN,True
3452,2022,Marine LE PEN,Marine LE PEN,True
3453,2022,Marine LE PEN,Marine LE PEN,True
3454,2022,Marine LE PEN,Marine LE PEN,True
3455,2022,Marine LE PEN,Marine LE PEN,True
3456,2022,Emmanuel MACRON,François FILLON,False
3457,2022,Marine LE PEN,Marine LE PEN,True
3458,2022,Marine LE PEN,Marine LE PEN,True
3459,2022,Marine LE PEN,Marine LE PEN,True
3460,2022,Marine LE PEN,Marine LE PEN,True
3461,2022,Marine LE PEN,Marine LE PEN,True
3462,2022,Marine LE PEN,Marine LE PEN,True
3463,2022,Marine LE PEN,Marine LE PEN,True
3464,2022,Marine LE PEN,Marine LE PEN,True
3465,2022,Marine LE PEN,Marine LE PEN,True
3466,2022,Emmanuel MACRON,François FILLON,False
3467,2022,Emmanuel MACRON,François FILLON,False
3468,2022,Marine LE PEN,Marine LE PEN,True
3469,2022,Marine LE PEN,Marine LE PEN,True
3470,2022,Marine LE PEN,Marine LE PEN,True
3471,2022,Marine LE PEN,Marine LE PEN,True
3472,2022,Marine LE PEN,Marine LE PEN,True
3473,2022,Emmanuel MACRON,François FILLON,False
3474,2022,Marine LE PEN,Marine LE PEN,True
3475,2022,Marine LE PEN,Marine LE PEN,True
3476,2022,Emmanuel MACRON,François FILLON,False
3477,2022,Marine LE PEN,Marine LE PEN,True
3478,2022,Emmanuel MACRON,François FILLON,False
3479,2022,Emmanuel MACRON,François FILLON,False
3480,2022,Marine LE PEN,Marine LE PEN,True
3481,2022,Marine LE PEN,Marine LE PEN,True
3482,2022,Marine LE PEN,Marine LE PEN,True
3483,2022,Marine LE PEN,Marine LE PEN,True
3485,2022,Marine LE PEN,Marine LE PEN,True
3486,2022,Marine LE PEN,Marine LE PEN,True
3487,2022,Marine LE PEN,Marine LE PEN,True
3488,2022,Marine LE PEN,Marine LE PEN,True
3489,2022,Emmanuel MACRON,François FILLON,False
3490,2022,Emmanuel MACRON,François FILLON,False
3491,2022,Marine LE PEN,Marine LE PEN,True
3492,2022,Marine LE PEN,Marine LE PEN,True
3493,2022,Marine LE PEN,Marine LE PEN,True
3494,2022,Marine LE PEN,Marine LE PEN,True
3495,2022,Emmanuel MACRON,François FILLON,False
3496,2022,Marine LE PEN,Marine LE PEN,True
3497,2022,Marine LE PEN,Marine LE PEN,True
3498,2022,Marine LE PEN,Marine LE PEN,True
3499,2022,Marine LE PEN,Marine LE PEN,True
3500,2022,Emmanuel MACRON,François FILLON,False
3501,2022,Emmanuel MACRON,François FILLON,False
3502,2022,Marine LE PEN,Marine LE PEN,True
3503,2022,Marine LE PEN,Marine LE PEN,True
3504,2022,Marine LE PEN,Marine LE PEN,True
3505,2022,Emmanuel MACRON,François FILLON,False
3506,2022,Marine LE PEN,Marine LE PEN,True
3507,2022,Marine LE PEN,Marine LE PEN,True
3508,2022,Emmanuel MACRON,François FILLON,False
3509,2022,Marine LE PEN,Marine LE PEN,True
3510,2022,Marine LE PEN,Marine LE PEN,True
3511,2022,Emmanuel MACRON,François FILLON,False
3512,2022,Emmanuel MACRON,François FILLON,False
3513,2022,Marine LE PEN,Marine LE PEN,True
3514,2022,Marine LE PEN,Marine LE PEN,True
3515,2022,Marine LE PEN,Marine LE PEN,True
3516,2022,Marine LE PEN,Marine LE PEN,True
3517,2022,Marine LE PEN,Marine LE PEN,True
3518,2022,Marine LE PEN,Marine LE PEN,True
3519,2022,Marine LE PEN,Marine LE PEN,True
3520,2022,Marine LE PEN,Marine LE PEN,True
3521,2022,Marine LE PEN,Marine LE PEN,True
3522,2022,Marine LE PEN,Marine LE PEN,True
3523,2022,Emmanuel MACRON,François FILLON,False
3524,2022,Marine LE PEN,Marine LE PEN,True
3525,2022,Emmanuel MACRON,François FILLON,False
3526,2022,Marine LE PEN,Marine LE PEN,True
3527,2022,Marine LE PEN,Marine LE PEN,True
3528,2022,Emmanuel MACRON,François FILLON,False
3529,2022,Marine LE PEN,Marine LE PEN,True
3530,2022,Emmanuel MACRON,François FILLON,False
3531,2022,Marine LE PEN,Marine LE PEN,True
3532,2022,Marine LE PEN,Marine LE PEN,True
3533,2022,Marine LE PEN,Marine LE PEN,True
3534,2022,Marine LE PEN,Marine LE PEN,True
3535,2022,Marine LE PEN,Marine LE PEN,True
3536,2022,Marine LE PEN,Marine LE PEN,True
3537,2022,Marine LE PEN,Marine LE PEN,True
3538,2022,Marine LE PEN,Marine LE PEN,True
3539,2022,Marine LE PEN,Marine LE PEN,True
3540,2022,Marine LE PEN,Marine LE PEN,True
3541,2022,Marine LE PEN,Marine LE PEN,True
3542,2022,Marine LE PEN,Marine LE PEN,True
3543,2022,Marine LE PEN,Marine LE PEN,True
3544,2022,Marine LE PEN,Marine LE PEN,True
3545,2022,Emmanuel MACRON,François FILLON,False
3546,2022,Marine LE PEN,Marine LE PEN,True
3547,2022,Marine LE PEN,Marine LE PEN,True
3548,2022,Marine LE PEN,Marine LE PEN,True
3549,2022,Emmanuel MACRON,François FILLON,False
3550,2022,Marine LE PEN,Marine LE PEN,True
3551,2022,Marine LE PEN,Marine LE PEN,True
3552,2022,Marine LE PEN,Marine LE PEN,True
3553,2022,Marine LE PEN,Marine LE PEN,True
3554,2022,Emmanuel MACRON,Emmanuel MACRON,True
3555,2022,Marine LE PEN,Marine LE PEN,True
3556,2022,Marine LE PEN,Marine LE PEN,True
3557,2022,Emmanuel MACRON,François FILLON,False
3558,2022,Marine LE PEN,Marine LE PEN,True
3559,2022,Marine LE PEN,Marine LE PEN,True
3560,2022,Marine LE PEN,Marine LE PEN,True
3561,2022,Marine LE PEN,Marine LE PEN,True
3562,2022,Marine LE PEN,Marine LE PEN,True
3563,2022,Marine LE PEN,Marine LE PEN,True
3564,2022,Marine LE PEN,Marine LE PEN,True
3565,2022,Marine LE PEN,Marine LE PEN,True
3566,2022,Marine LE PEN,Marine LE PEN,True
3567,2022,Marine LE PEN,Marine LE PEN,True
3568,2022,Marine LE PEN,Marine LE PEN,True
3569,2022,Marine LE PEN,Marine LE PEN,True
3570,2022,Marine LE PEN,Marine LE PEN,True
3571,2022,Emmanuel MACRON,François FILLON,False
3572,2022,Marine LE PEN,Marine LE PEN,True
3573,2022,Marine LE PEN,Marine LE PEN,True
3574,2022,Marine LE PEN,Marine LE PEN,True
3575,2022,Marine LE PEN,Marine LE PEN,True
3576,2022,Emmanuel MACRON,François FILLON,False
3577,2022,Marine LE PEN,Marine LE PEN,True
3578,2022,Emmanuel MACRON,François FILLON,False
3579,2022,Marine LE PEN,Marine LE PEN,True
3580,2022,Marine LE PEN,Marine LE PEN,True
3581,2022,Marine LE PEN,Marine LE PEN,True
3582,2022,Marine LE PEN,Marine LE PEN,True
3583,2022,Marine LE PEN,Marine LE PEN,True
3584,2022,Marine LE PEN,Marine LE PEN,True
3585,2022,Marine LE PEN,Marine LE PEN,True
3586,2022,Marine LE PEN,Marine LE PEN,True
3587,2022,Marine LE PEN,Marine LE PEN,True
3588,2022,Marine LE PEN,Marine LE PEN,True
3589,2022,Marine LE PEN,Marine LE PEN,True
3590,2022,Marine LE PEN,Marine LE PEN,True
3591,2022,Marine LE PEN,Marine LE PEN,True
3592,2022,Marine LE PEN,Marine LE PEN,True
3593,2022,Marine LE PEN,Marine LE PEN,True
3594,2022,Marine LE PEN,Marine LE PEN,True
3595,2022,Marine LE PEN,Marine LE PEN,True
3596,2022,Marine LE PEN,Marine LE PEN,True
3597,2022,Marine LE PEN,Marine LE PEN,True
3598,2022,Marine LE PEN,Marine LE PEN,True
3599,2022,Marine LE PEN,Marine LE PEN,True
3600,2022,Marine LE PEN,Marine LE PEN,True
3601,2022,Marine LE PEN,Marine LE PEN,True
3602,2022,Marine LE PEN,Marine LE PEN,True
3603,2022,Marine LE PEN,Marine LE PEN,True
3604,2022,Marine LE PEN,Marine LE PEN,True
3605,2022,Marine LE PEN,Marine LE PEN,True
3606,2022,Marine LE PEN,Marine LE PEN,True
3607,2022,Marine LE PEN,Marine LE PEN,True
3608,2022,Marine LE PEN,Marine LE PEN,True
3609,2022,Marine LE PEN,Marine LE PEN,True
3610,2022,Marine LE PEN,Marine LE PEN,True
3611,2022,Marine LE PEN,Marine LE PEN,True
3612,2022,Emmanuel MACRON,François FILLON,False
3613,2022,Marine LE PEN,Marine LE PEN,True
3614,2022,Marine LE PEN,Marine LE PEN,True
3615,2022,Jean-Luc MÉLENCHON,François FILLON,False
3616,2022,Jean-Luc MÉLENCHON,François FILLON,False
3617,2022,Jean-Luc MÉLENCHON,François FILLON,False
3618,2022,Marine LE PEN,Marine LE PEN,True
3619,2022,Marine LE PEN,Marine LE PEN,True
3620,2022,Marine LE PEN,Marine LE PEN,True
3621,2022,Marine LE PEN,Marine LE PEN,True
3622,2022,Marine LE PEN,Marine LE PEN,True
3623,2022,Marine LE PEN,Marine LE PEN,True
3624,2022,Marine LE PEN,Marine LE PEN,True
3625,2022,Marine LE PEN,Marine LE PEN,True
3626,2022,Marine LE PEN,Marine LE PEN,True
3627,2022,Marine LE PEN,Marine LE PEN,True
3628,2022,Jean-Luc MÉLENCHON,François FILLON,False
3629,2022,Jean-Luc MÉLENCHON,François FILLON,False
3630,2022,Marine LE PEN,Marine LE PEN,True
3631,2022,Marine LE PEN,Marine LE PEN,True
3632,2022,Marine LE PEN,Marine LE PEN,True
3633,2022,Marine LE PEN,Marine LE PEN,True
3634,2022,Marine LE PEN,Marine LE PEN,True
3635,2022,Marine LE PEN,Marine LE PEN,True
3636,2022,Marine LE PEN,Marine LE PEN,True
3637,2022,Marine LE PEN,Marine LE PEN,True
3638,2022,Emmanuel MACRON,François FILLON,False
3639,2022,Emmanuel MACRON,François FILLON,False
3640,2022,Jean LASSALLE,François FILLON,False
3641,2022,Emmanuel MACRON,François FILLON,False
3642,2022,Marine LE PEN,Marine LE PEN,True
3643,2022,Marine LE PEN,Marine LE PEN,True
3644,2022,Marine LE PEN,Marine LE PEN,True
3645,2022,Jean-Luc MÉLENCHON,François FILLON,False
3646,2022,Marine LE PEN,Marine LE PEN,True
3647,2022,Emmanuel MACRON,François FILLON,False
3648,2022,Jean-Luc MÉLENCHON,François FILLON,False
3649,2022,Marine LE PEN,Marine LE PEN,True
3650,2022,Marine LE PEN,Marine LE PEN,True
3651,2022,Marine LE PEN,Marine LE PEN,True
3652,2022,Marine LE PEN,Marine LE PEN,True
3654,2022,Jean-Luc MÉLENCHON,François FILLON,False
3655,2022,Emmanuel MACRON,François FILLON,False
3657,2022,Marine LE PEN,Marine LE PEN,True
3658,2022,Marine LE PEN,Marine LE PEN,True
3659,2022,Marine LE PEN,Marine LE PEN,True
3660,2022,Jean-Luc MÉLENCHON,Emmanuel MACRON,False
3661,2022,Marine LE PEN,Marine LE PEN,True
3662,2022,Marine LE PEN,Marine LE PEN,True
3663,2022,Jean-Luc MÉLENCHON,François FILLON,False
3664,2022,Jean-Luc MÉLENCHON,François FILLON,False
3665,2022,Marine LE PEN,Marine LE PEN,True
3666,2022,Emmanuel MACRON,François FILLON,False
3667,2022,Marine LE PEN,Marine LE PEN,True
3668,2022,Jean-Luc MÉLENCHON,François FILLON,False
3669,2022,Marine LE PEN,Marine LE PEN,True
3670,2022,Jean-Luc MÉLENCHON,Emmanuel MACRON,False
3671,2022,Marine LE PEN,Marine LE PEN,True
3672,2022,Marine LE PEN,Marine LE PEN,True
3673,2022,Jean-Luc MÉLENCHON,François FILLON,False
3674,2022,Emmanuel MACRON,François FILLON,False
3675,2022,Marine LE PEN,Marine LE PEN,True
3676,2022,Marine LE PEN,Marine LE PEN,True
3677,2022,Marine LE PEN,Marine LE PEN,True
3678,2022,Marine LE PEN,Marine LE PEN,True
3679,2022,Marine LE PEN,Marine LE PEN,True
3680,2022,Marine LE PEN,Marine LE PEN,True
3681,2022,Jean-Luc MÉLENCHON,François FILLON,False
3682,2022,Jean-Luc MÉLENCHON,François FILLON,False
3683,2022,Jean-Luc MÉLENCHON,François FILLON,False
3684,2022,Marine LE PEN,Marine LE PEN,True
3685,2022,Marine LE PEN,Marine LE PEN,True
3686,2022,Marine LE PEN,Marine LE PEN,True
3687,2022,Jean-Luc MÉLENCHON,François FILLON,False
3688,2022,Marine LE PEN,Marine LE PEN,True
3689,2022,Marine LE PEN,Marine LE PEN,True
3690,2022,Jean-Luc MÉLENCHON,François FILLON,False
3691,2022,Jean-Luc MÉLENCHON,François FILLON,False
3692,2022,Marine LE PEN,Marine LE PEN,True
3693,2022,Marine LE PEN,Marine LE PEN,True
3694,2022,Marine LE PEN,Marine LE PEN,True
3695,2022,Jean-Luc MÉLENCHON,François FILLON,False
3696,2022,Marine LE PEN,Marine LE PEN,True
3697,2022,Jean-Luc MÉLENCHON,François FILLON,False
3698,2022,Marine LE PEN,Marine LE PEN,True
3699,2022,Marine LE PEN,Marine LE PEN,True
3700,2022,Emmanuel MACRON,François FILLON,False
3702,2022,Jean-Luc MÉLENCHON,François FILLON,False
3703,2022,Marine LE PEN,Marine LE PEN,True
3704,2022,Jean-Luc MÉLENCHON,François FILLON,False
3706,2022,Marine LE PEN,Marine LE PEN,True
3707,2022,Marine LE PEN,Marine LE PEN,True
3708,2022,Jean LASSALLE,François FILLON,False
3709,2022,Marine LE PEN,Marine LE PEN,True
3710,2022,Emmanuel MACRON,François FILLON,False
3711,2022,Marine LE PEN,Marine LE PEN,True
3712,2022,Jean-Luc MÉLENCHON,François FILLON,False
3713,2022,Marine LE PEN,Marine LE PEN,True
3714,2022,Marine LE PEN,Marine LE PEN,True
3715,2022,Jean-Luc MÉLENCHON,François FILLON,False
3717,2022,Jean-Luc MÉLENCHON,François FILLON,False
3718,2022,Emmanuel MACRON,François FILLON,False
3719,2022,Marine LE PEN,Marine LE PEN,True
3720,2022,Jean-Luc MÉLENCHON,François FILLON,False
3721,2022,Jean-Luc MÉLENCHON,François FILLON,False
3722,2022,Marine LE PEN,Marine LE PEN,True
3723,2022,Marine LE PEN,Marine LE PEN,True
3724,2022,Marine LE PEN,Marine LE PEN,True
3725,2022,Jean-Luc MÉLENCHON,François FILLON,False
3726,2022,Jean-Luc MÉLENCHON,François FILLON,False
3727,2022,Marine LE PEN,Marine LE PEN,True
3728,2022,Marine LE PEN,Marine LE PEN,True
3729,2022,Marine LE PEN,Marine LE PEN,True
3730,2022,Marine LE PEN,Marine LE PEN,True
3731,2022,Jean-Luc MÉLENCHON,François FILLON,False
3732,2022,Marine LE PEN,Marine LE PEN,True
3733,2022,Emmanuel MACRON,François FILLON,False
3734,2022,Marine LE PEN,Marine LE PEN,True
3735,2022,Emmanuel MACRON,François FILLON,False
3736,2022,Marine LE PEN,Marine LE PEN,True
3737,2022,Marine LE PEN,Marine LE PEN,True
3739,2022,Jean-Luc MÉLENCHON,François FILLON,False
3740,2022,Marine LE PEN,Marine LE PEN,True
3741,2022,Emmanuel MACRON,François FILLON,False
3742,2022,Jean-Luc MÉLENCHON,François FILLON,False
3743,2022,Marine LE PEN,Marine LE PEN,True
3744,2022,Jean-Luc MÉLENCHON,François FILLON,False
3745,2022,Marine LE PEN,Marine LE PEN,True
3746,2022,Marine LE PEN,Marine LE PEN,True
3747,2022,Emmanuel MACRON,François FILLON,False
3748,2022,Marine LE PEN,Marine LE PEN,True
3749,2022,Jean-Luc MÉLENCHON,François FILLON,False
3750,2022,Jean-Luc MÉLENCHON,François FILLON,False
3751,2022,Jean-Luc MÉLENCHON,François FILLON,False
3752,2022,Marine LE PEN,Marine LE PEN,True
3753,2022,Marine LE PEN,Marine LE PEN,True
3754,2022,Marine LE PEN,Marine LE PEN,True
3756,2022,Marine LE PEN,Marine LE PEN,True
3757,2022,Marine LE PEN,Marine LE PEN,True
3758,2022,Jean-Luc MÉLENCHON,François FILLON,False
3759,2022,Marine LE PEN,Marine LE PEN,True
3760,2022,Marine LE PEN,Marine LE PEN,True
3761,2022,Marine LE PEN,Marine LE PEN,True
3763,2022,Jean-Luc MÉLENCHON,François FILLON,False
3764,2022,Emmanuel MACRON,François FILLON,False
3765,2022,Jean-Luc MÉLENCHON,François FILLON,False
3766,2022,Marine LE PEN,Marine LE PEN,True
3767,2022,Marine LE PEN,Marine LE PEN,True
3768,2022,Jean-Luc MÉLENCHON,François FILLON,False
3769,2022,Emmanuel MACRON,François FILLON,False
3770,2022,Emmanuel MACRON,François FILLON,False
3771,2022,Marine LE PEN,Marine LE PEN,True
3772,2022,Marine LE PEN,Marine LE PEN,True
3773,2022,Emmanuel MACRON,François FILLON,False
3774,2022,Emmanuel MACRON,François FILLON,False
3775,2022,Jean-Luc MÉLENCHON,François FILLON,False
3776,2022,Marine LE PEN,Marine LE PEN,True
3777,2022,Jean-Luc MÉLENCHON,François FILLON,False
3778,2022,Marine LE PEN,Marine LE PEN,True
3779,2022,Marine LE PEN,Marine LE PEN,True
3780,2022,Jean-Luc MÉLENCHON,François FILLON,False
3781,2022,Marine LE PEN,Marine LE PEN,True
3782,2022,Marine LE PEN,Marine LE PEN,True
3783,2022,Jean-Luc MÉLENCHON,François FILLON,False
3784,2022,Jean-Luc MÉLENCHON,Emmanuel MACRON,False
3785,2022,Marine LE PEN,Marine LE PEN,True
3786,2022,Jean-Luc MÉLENCHON,François FILLON,False
3787,2022,Jean-Luc MÉLENCHON,François FILLON,False
3788,2022,Marine LE PEN,Marine LE PEN,True
3789,2022,Marine LE PEN,Marine LE PEN,True
3790,2022,Jean-Luc MÉLENCHON,François FILLON,False
3791,2022,Marine LE PEN,Marine LE PEN,True
3792,2022,Jean-Luc MÉLENCHON,François FILLON,False
3793,2022,Jean-Luc MÉLENCHON,François FILLON,False
3794,2022,Jean-Luc MÉLENCHON,François FILLON,False
3795,2022,Marine LE PEN,Marine LE PEN,True
3796,2022,Emmanuel MACRON,Emmanuel MACRON,True
3797,2022,Marine LE PEN,Marine LE PEN,True
3798,2022,Marine LE PEN,Marine LE PEN,True
3799,2022,Marine LE PEN,Marine LE PEN,True
3800,2022,Marine LE PEN,Marine LE PEN,True
3801,2022,Jean-Luc MÉLENCHON,François FILLON,False
3802,2022,Marine LE PEN,Marine LE PEN,True
3803,2022,Jean-Luc MÉLENCHON,François FILLON,False
3804,2022,Marine LE PEN,Marine LE PEN,True
3805,2022,Marine LE PEN,Marine LE PEN,True
3806,2022,Marine LE PEN,Marine LE PEN,True
3807,2022,Jean-Luc MÉLENCHON,François FILLON,False
3808,2022,Marine LE PEN,Marine LE PEN,True
3809,2022,Marine LE PEN,Marine LE PEN,True
3810,2022,Marine LE PEN,Marine LE PEN,True
3811,2022,Jean-Luc MÉLENCHON,François FILLON,False
3812,2022,Marine LE PEN,Marine LE PEN,True
3813,2022,Marine LE PEN,Marine LE PEN,True
3814,2022,Marine LE PEN,Marine LE PEN,True
3815,2022,Marine LE PEN,Marine LE PEN,True
3816,2022,Jean-Luc MÉLENCHON,François FILLON,False
3817,2022,Marine LE PEN,Marine LE PEN,True
3818,2022,Marine LE PEN,Marine LE PEN,True
3819,2022,Marine LE PEN,Marine LE PEN,True
3820,2022,Jean-Luc MÉLENCHON,François FILLON,False
3821,2022,Marine LE PEN,Marine LE PEN,True
3822,2022,Marine LE PEN,Marine LE PEN,True
3823,2022,Marine LE PEN,Marine LE PEN,True
3824,2022,Marine LE PEN,Marine LE PEN,True
3825,2022,Emmanuel MACRON,François FILLON,False
3826,2022,Jean LASSALLE,François FILLON,False
3827,2022,Marine LE PEN,Marine LE PEN,True
3828,2022,Marine LE PEN,Marine LE PEN,True
3829,2022,Marine LE PEN,Marine LE PEN,True
3830,2022,Marine LE PEN,Marine LE PEN,True
3831,2022,Marine LE PEN,Marine LE PEN,True
3832,2022,Marine LE PEN,Marine LE PEN,True
3833,2022,Emmanuel MACRON,François FILLON,False
3834,2022,Jean-Luc MÉLENCHON,François FILLON,False
3835,2022,Marine LE PEN,Marine LE PEN,True
3836,2022,Jean-Luc MÉLENCHON,François FILLON,False
3837,2022,Marine LE PEN,Marine LE PEN,True
3838,2022,Jean-Luc MÉLENCHON,François FILLON,False
3839,2022,Marine LE PEN,Marine LE PEN,True
3840,2022,Marine LE PEN,Marine LE PEN,True
3841,2022,Emmanuel MACRON,Emmanuel MACRON,True
3842,2022,Jean-Luc MÉLENCHON,François FILLON,False
3843,2022,Emmanuel MACRON,François FILLON,False
3844,2022,Jean-Luc MÉLENCHON,François FILLON,False
3845,2022,Jean LASSALLE,François FILLON,False
3846,2022,Marine LE PEN,Marine LE PEN,True
3847,2022,Marine LE PEN,Marine LE PEN,True
3848,2022,Jean-Luc MÉLENCHON,Emmanuel MACRON,False
3849,2022,Marine LE PEN,Marine LE PEN,True
3850,2022,Marine LE PEN,Marine LE PEN,True
3851,2022,Jean-Luc MÉLENCHON,François FILLON,False
3852,2022,Marine LE PEN,Marine LE PEN,True
3853,2022,Emmanuel MACRON,François FILLON,False
3854,2022,Marine LE PEN,Marine LE PEN,True
3855,2022,Jean-Luc MÉLENCHON,François FILLON,False
3856,2022,Jean-Luc MÉLENCHON,François FILLON,False
3857,2022,Marine LE PEN,Marine LE PEN,True
3858,2022,Emmanuel MACRON,François FILLON,False
3859,2022,Emmanuel MACRON,François FILLON,False
3860,2022,Marine LE PEN,Marine LE PEN,True
3861,2022,Marine LE PEN,Marine LE PEN,True
3862,2022,Marine LE PEN,Marine LE PEN,True
3863,2022,Marine LE PEN,Marine LE PEN,True
3864,2022,Marine LE PEN,Marine LE PEN,True
3865,2022,Marine LE PEN,Marine LE PEN,True
3866,2022,Jean-Luc MÉLENCHON,François FILLON,False
3867,2022,Marine LE PEN,Marine LE PEN,True
3868,2022,Marine LE PEN,Marine LE PEN,True
3869,2022,Marine LE PEN,Marine LE PEN,True
3870,2022,Marine LE PEN,Marine LE PEN,True
3871,2022,Marine LE PEN,Marine LE PEN,True
3872,2022,Marine LE PEN,Marine LE PEN,True
3873,2022,Marine LE PEN,Marine LE PEN,True
3874,2022,Marine LE PEN,Marine LE PEN,True
3875,2022,Marine LE PEN,Marine LE PEN,True
3876,2022,Jean-Luc MÉLENCHON,François FILLON,False
3877,2022,Jean LASSALLE,François FILLON,False
3878,2022,Marine LE PEN,Marine LE PEN,True
3879,2022,Marine LE PEN,Marine LE PEN,True
3880,2022,Marine LE PEN,Marine LE PEN,True
3881,2022,Emmanuel MACRON,Emmanuel MACRON,True
3882,2022,Jean-Luc MÉLENCHON,François FILLON,False
3883,2022,Jean-Luc MÉLENCHON,François FILLON,False
3884,2022,Marine LE PEN,Marine LE PEN,True
3885,2022,Marine LE PEN,Marine LE PEN,True
3886,2022,Marine LE PEN,Marine LE PEN,True
3887,2022,Marine LE PEN,Marine LE PEN,True
3888,2022,Jean-Luc MÉLENCHON,François FILLON,False
3889,2022,Jean-Luc MÉLENCHON,François FILLON,False
3890,2022,Marine LE PEN,Marine LE PEN,True
3891,2022,Marine LE PEN,Marine LE PEN,True
3892,2022,Marine LE PEN,Marine LE PEN,True
3893,2022,Jean-Luc MÉLENCHON,François FILLON,False
3894,2022,Marine LE PEN,Marine LE PEN,True
3895,2022,Marine LE PEN,Marine LE PEN,True
3896,2022,Jean LASSALLE,François FILLON,False
3897,2022,Emmanuel MACRON,François FILLON,False
3898,2022,Emmanuel MACRON,François FILLON,False
3899,2022,Marine LE PEN,Marine LE PEN,True
3900,2022,Jean-Luc MÉLENCHON,François FILLON,False
3901,2022,Marine LE PEN,Marine LE PEN,True
3902,2022,Marine LE PEN,Marine LE PEN,True
3903,2022,Jean-Luc MÉLENCHON,François FILLON,False
3905,2022,Marine LE PEN,Marine LE PEN,True
3906,2022,Marine LE PEN,Marine LE PEN,True
3907,2022,Marine LE PEN,Marine LE PEN,True
3908,2022,Marine LE PEN,Marine LE PEN,True
3909,2022,Emmanuel MACRON,François FILLON,False
3910,2022,Marine LE PEN,Marine LE PEN,True
3911,2022,Jean-Luc MÉLENCHON,François FILLON,False
3912,2022,Jean-Luc MÉLENCHON,Emmanuel MACRON,False
3913,2022,Marine LE PEN,Marine LE PEN,True
3914,2022,Marine LE PEN,Marine LE PEN,True
3915,2022,Jean-Luc MÉLENCHON,François FILLON,False
3916,2022,Jean-Luc MÉLENCHON,François FILLON,False
3917,2022,Jean-Luc MÉLENCHON,François FILLON,False
3918,2022,Marine LE PEN,Marine LE PEN,True
3919,2022,Marine LE PEN,Marine LE PEN,True
3920,2022,Marine LE PEN,Marine LE PEN,True
3921,2022,Marine LE PEN,Marine LE PEN,True
3922,2022,Emmanuel MACRON,François FILLON,False
3923,2022,Jean-Luc MÉLENCHON,François FILLON,False
3924,2022,Marine LE PEN,Marine LE PEN,True
3925,2022,Jean-Luc MÉLENCHON,François FILLON,False
3926,2022,Marine LE PEN,Marine LE PEN,True
3927,2022,Emmanuel MACRON,Emmanuel MACRON,True
3928,2022,Marine LE PEN,Marine LE PEN,True
3929,2022,Marine LE PEN,Marine LE PEN,True
3930,2022,Marine LE PEN,Marine LE PEN,True
3931,2022,Marine LE PEN,Marine LE PEN,True
3932,2022,Jean-Luc MÉLENCHON,François FILLON,False
3933,2022,Marine LE PEN,Marine LE PEN,True
3934,2022,Jean-Luc MÉLENCHON,Emmanuel MACRON,False
3936,2022,Marine LE PEN,Marine LE PEN,True
3937,2022,Marine LE PEN,Marine LE PEN,True
3938,2022,Marine LE PEN,Marine LE PEN,True
3939,2022,Jean-Luc MÉLENCHON,Emmanuel MACRON,False
3940,2022,Jean LASSALLE,Emmanuel MACRON,False
3941,2022,Marine LE PEN,Marine LE PEN,True
3942,2022,Marine LE PEN,Marine LE PEN,True
3943,2022,Marine LE PEN,Marine LE PEN,True
3944,2022,Marine LE PEN,Marine LE PEN,True
3945,2022,Marine LE PEN,Marine LE PEN,True
3946,2022,Marine LE PEN,Marine LE PEN,True
3947,2022,Jean-Luc MÉLENCHON,François FILLON,False
3948,2022,Marine LE PEN,Marine LE PEN,True
3949,2022,Jean-Luc MÉLENCHON,François FILLON,False
3950,2022,Marine LE PEN,Marine LE PEN,True
3951,2022,Marine LE PEN,Marine LE PEN,True
3952,2022,Jean-Luc MÉLENCHON,François FILLON,False
3953,2022,Emmanuel MACRON,Emmanuel MACRON,True
3954,2022,Jean-Luc MÉLENCHON,François FILLON,False
3955,2022,Jean-Luc MÉLENCHON,François FILLON,False
3956,2022,Marine LE PEN,Marine LE PEN,True
3957,2022,Jean-Luc MÉLENCHON,François FILLON,False
3958,2022,Marine LE PEN,Marine LE PEN,True
3959,2022,Emmanuel MACRON,Emmanuel MACRON,True
3960,2022,Marine LE PEN,Marine LE PEN,True
3961,2022,Marine LE PEN,Marine LE PEN,True
3962,2022,Emmanuel MACRON,Emmanuel MACRON,True
3963,2022,Marine LE PEN,Marine LE PEN,True
3964,2022,Marine LE PEN,Marine LE PEN,True
3965,2022,Marine LE PEN,Marine LE PEN,True
3966,2022,Marine LE PEN,Marine LE PEN,True
3967,2022,Emmanuel MACRON,François FILLON,False
3968,2022,Jean-Luc MÉLENCHON,Emmanuel MACRON,False
3969,2022,Marine LE PEN,Marine LE PEN,True
3970,2022,Marine LE PEN,Marine LE PEN,True
3971,2022,Marine LE PEN,Marine LE PEN,True
3972,2022,Marine LE PEN,Marine LE PEN,True
3973,2022,Marine LE PEN,Marine LE PEN,True
3974,2022,Marine LE PEN,Marine LE PEN,True
3975,2022,Marine LE PEN,Marine LE PEN,True
3976,2022,Marine LE PEN,Marine LE PEN,True
3977,2022,Marine LE PEN,Marine LE PEN,True
3978,2022,Jean-Luc MÉLENCHON,François FILLON,False
3979,2022,Jean-Luc MÉLENCHON,Emmanuel MACRON,False
3980,2022,Marine LE PEN,Marine LE PEN,True
3981,2022,Jean-Luc MÉLENCHON,François FILLON,False
3982,2022,Jean-Luc MÉLENCHON,François FILLON,False
3983,2022,Emmanuel MACRON,François FILLON,False
3984,2022,Marine LE PEN,Marine LE PEN,True
3985,2022,Marine LE PEN,Marine LE PEN,True
3986,2022,Jean-Luc MÉLENCHON,François FILLON,False
3987,2022,Marine LE PEN,Marine LE PEN,True
3988,2022,Marine LE PEN,Marine LE PEN,True
3989,2022,Jean-Luc MÉLENCHON,Emmanuel MACRON,False
3990,2022,Marine LE PEN,Marine LE PEN,True
3991,2022,Marine LE PEN,Marine LE PEN,True
3992,2022,Marine LE PEN,Marine LE PEN,True
3993,2022,Jean-Luc MÉLENCHON,François FILLON,False
3994,2022,Emmanuel MACRON,François FILLON,False
3995,2022,Marine LE PEN,Marine LE PEN,True
3996,2022,Jean-Luc MÉLENCHON,François FILLON,False
3997,2022,Marine LE PEN,Marine LE PEN,True
3998,2022,Marine LE PEN,Marine LE PEN,True
3999,2022,Marine LE PEN,Marine LE PEN,True
4000,2022,Emmanuel MACRON,François FILLON,False
4001,2022,Marine LE PEN,Marine LE PEN,True
4002,2022,Marine LE PEN,Marine LE PEN,True
4003,2022,Jean-Luc MÉLENCHON,Emmanuel MACRON,False
4004,2022,Marine LE PEN,Marine LE PEN,True
4005,2022,Jean-Luc MÉLENCHON,François FILLON,False
4006,2022,Jean-Luc MÉLENCHON,François FILLON,False
4007,2022,Jean-Luc MÉLENCHON,François FILLON,False
4008,2022,Marine LE PEN,Marine LE PEN,True
4009,2022,Marine LE PEN,Marine LE PEN,True
4010,2022,Jean LASSALLE,François FILLON,False
4011,2022,Marine LE PEN,Marine LE PEN,True
4012,2022,Marine LE PEN,Marine LE PEN,True
4013,2022,Jean-Luc MÉLENCHON,François FILLON,False
4014,2022,Marine LE PEN,Marine LE PEN,True
4015,2022,Marine LE PEN,Marine LE PEN,True
4016,2022,Jean-Luc MÉLENCHON,François FILLON,False
4017,2022,Jean-Luc MÉLENCHON,Emmanuel MACRON,False
4018,2022,Jean-Luc MÉLENCHON,Emmanuel MACRON,False
4019,2022,Marine LE PEN,Marine LE PEN,True
4020,2022,Marine LE PEN,Marine LE PEN,True
4021,2022,Marine LE PEN,Marine LE PEN,True
4022,2022,Marine LE PEN,Marine LE PEN,True
4023,2022,Jean LASSALLE,François FILLON,False
4024,2022,Emmanuel MACRON,François FILLON,False
4025,2022,Marine LE PEN,Marine LE PEN,True
4026,2022,Marine LE PEN,Marine LE PEN,True
4027,2022,Marine LE PEN,Marine LE PEN,True
4028,2022,Marine LE PEN,Marine LE PEN,True
4029,2022,Marine LE PEN,Marine LE PEN,True
4030,2022,Marine LE PEN,Marine LE PEN,True
4031,2022,Jean-Luc MÉLENCHON,François FILLON,False
4032,2022,Marine LE PEN,Marine LE PEN,True
4033,2022,Marine LE PEN,Marine LE PEN,True
4034,2022,Marine LE PEN,Marine LE PEN,True
4035,2022,Marine LE PEN,Marine LE PEN,True
4036,2022,Marine LE PEN,Marine LE PEN,True
4037,2022,Marine LE PEN,Marine LE PEN,True
4038,2022,Marine LE PEN,Marine LE PEN,True
4039,2022,Jean-Luc MÉLENCHON,Emmanuel MACRON,False
4040,2022,Marine LE PEN,Marine LE PEN,True
4041,2022,Marine LE PEN,Marine LE PEN,True
4042,2022,Marine LE PEN,Marine LE PEN,True
4043,2022,Marine LE PEN,Marine LE PEN,True
4044,2022,Jean-Luc MÉLENCHON,Emmanuel MACRON,False
4045,2022,Marine LE PEN,Marine LE PEN,True
4046,2022,Emmanuel MACRON,Emmanuel MACRON,True
4047,2022,Emmanuel MACRON,François FILLON,False
4048,2022,Marine LE PEN,Marine LE PEN,True
4049,2022,Emmanuel MACRON,François FILLON,False
4050,2022,Emmanuel MACRON,François FILLON,False
4051,2022,Jean-Luc MÉLENCHON,François FILLON,False
4052,2022,Emmanuel MACRON,François FILLON,False
4053,2022,Marine LE PEN,Marine LE PEN,True
4054,2022,Emmanuel MACRON,François FILLON,False
4055,2022,Emmanuel MACRON,Emmanuel MACRON,True
4056,2022,Marine LE PEN,Marine LE PEN,True
4057,2022,Jean-Luc MÉLENCHON,François FILLON,False
4058,2022,Emmanuel MACRON,François FILLON,False
4059,2022,Emmanuel MACRON,François FILLON,False
4060,2022,Emmanuel MACRON,François FILLON,False
4061,2022,Jean-Luc MÉLENCHON,François FILLON,False
4062,2022,Emmanuel MACRON,François FILLON,False
4063,2022,Jean-Luc MÉLENCHON,Emmanuel MACRON,False
4064,2022,Jean-Luc MÉLENCHON,François FILLON,False
4065,2022,Emmanuel MACRON,François FILLON,False
4066,2022,Emmanuel MACRON,François FILLON,False
4067,2022,Emmanuel MACRON,François FILLON,False
4068,2022,Emmanuel MACRON,François FILLON,False
4069,2022,Marine LE PEN,Marine LE PEN,True
4070,2022,Marine LE PEN,Marine LE PEN,True
4071,2022,Jean-Luc MÉLENCHON,François FILLON,False
4072,2022,Marine LE PEN,Marine LE PEN,True
4073,2022,Emmanuel MACRON,Emmanuel MACRON,True
4074,2022,Emmanuel MACRON,Emmanuel MACRON,True
4075,2022,Emmanuel MACRON,Emmanuel MACRON,True
4076,2022,Emmanuel MACRON,François FILLON,False
4077,2022,Emmanuel MACRON,François FILLON,False
4078,2022,Emmanuel MACRON,François FILLON,False
4079,2022,Emmanuel MACRON,François FILLON,False
4080,2022,Jean-Luc MÉLENCHON,François FILLON,False
4081,2022,Emmanuel MACRON,François FILLON,False
4082,2022,Emmanuel MACRON,François FILLON,False
4083,2022,Emmanuel MACRON,François FILLON,False
4084,2022,Emmanuel MACRON,Emmanuel MACRON,True
4085,2022,Emmanuel MACRON,François FILLON,False
4086,2022,Emmanuel MACRON,François FILLON,False
4087,2022,Emmanuel MACRON,François FILLON,False
4088,2022,Marine LE PEN,Marine LE PEN,True
4089,2022,Marine LE PEN,Marine LE PEN,True
4090,2022,Emmanuel MACRON,François FILLON,False
4091,2022,Emmanuel MACRON,François FILLON,False
4092,2022,Emmanuel MACRON,François FILLON,False
4093,2022,Jean-Luc MÉLENCHON,Emmanuel MACRON,False
4094,2022,Emmanuel MACRON,François FILLON,False
4095,2022,Emmanuel MACRON,François FILLON,False
4096,2022,Jean LASSALLE,François FILLON,False
4097,2022,Emmanuel MACRON,Emmanuel MACRON,True
4098,2022,Emmanuel MACRON,Emmanuel MACRON,True
4099,2022,Emmanuel MACRON,François FILLON,False
4100,2022,Emmanuel MACRON,François FILLON,False
4101,2022,Emmanuel MACRON,François FILLON,False
4102,2022,Emmanuel MACRON,François FILLON,False
4103,2022,Emmanuel MACRON,Emmanuel MACRON,True
4104,2022,Marine LE PEN,Marine LE PEN,True
4105,2022,Marine LE PEN,Marine LE PEN,True
4106,2022,Emmanuel MACRON,François FILLON,False
4107,2022,Emmanuel MACRON,Emmanuel MACRON,True
4108,2022,Marine LE PEN,Marine LE PEN,True
4109,2022,Emmanuel MACRON,Emmanuel MACRON,True
4110,2022,Emmanuel MACRON,François FILLON,False
4111,2022,Jean-Luc MÉLENCHON,François FILLON,False
4112,2022,Emmanuel MACRON,François FILLON,False
4113,2022,Jean-Luc MÉLENCHON,François FILLON,False
4114,2022,Emmanuel MACRON,Emmanuel MACRON,True
4115,2022,Emmanuel MACRON,François FILLON,False
4116,2022,Jean-Luc MÉLENCHON,François FILLON,False
4117,2022,Emmanuel MACRON,Emmanuel MACRON,True
4118,2022,Marine LE PEN,Marine LE PEN,True
4119,2022,Emmanuel MACRON,François FILLON,False
4120,2022,Emmanuel MACRON,Emmanuel MACRON,True
4121,2022,Emmanuel MACRON,François FILLON,False
4122,2022,Jean-Luc MÉLENCHON,François FILLON,False
4123,2022,Jean-Luc MÉLENCHON,Emmanuel MACRON,False
4124,2022,Marine LE PEN,Marine LE PEN,True
4125,2022,Emmanuel MACRON,François FILLON,False
4126,2022,Emmanuel MACRON,François FILLON,False
4127,2022,Emmanuel MACRON,François FILLON,False
4128,2022,Jean-Luc MÉLENCHON,François FILLON,False
4129,2022,Emmanuel MACRON,Emmanuel MACRON,True
4130,2022,Marine LE PEN,Marine LE PEN,True
4131,2022,Emmanuel MACRON,François FILLON,False
4132,2022,Emmanuel MACRON,François FILLON,False
4133,2022,Emmanuel MACRON,Emmanuel MACRON,True
4134,2022,Emmanuel MACRON,François FILLON,False
4135,2022,Emmanuel MACRON,Emmanuel MACRON,True
4136,2022,Jean-Luc MÉLENCHON,François FILLON,False
4137,2022,Emmanuel MACRON,François FILLON,False
4138,2022,Emmanuel MACRON,François FILLON,False
4139,2022,Jean-Luc MÉLENCHON,Emmanuel MACRON,False
4140,2022,Emmanuel MACRON,Emmanuel MACRON,True
4141,2022,Emmanuel MACRON,Emmanuel MACRON,True
4142,2022,Emmanuel MACRON,François FILLON,False
4143,2022,Jean-Luc MÉLENCHON,Emmanuel MACRON,False
4144,2022,Emmanuel MACRON,François FILLON,False
4145,2022,Emmanuel MACRON,François FILLON,False
4146,2022,Marine LE PEN,Marine LE PEN,True
4147,2022,Emmanuel MACRON,François FILLON,False
4148,2022,Emmanuel MACRON,François FILLON,False
4149,2022,Emmanuel MACRON,François FILLON,False
4150,2022,Emmanuel MACRON,François FILLON,False
4151,2022,Emmanuel MACRON,François FILLON,False
4152,2022,Marine LE PEN,Marine LE PEN,True
4153,2022,Emmanuel MACRON,François FILLON,False
4154,2022,Emmanuel MACRON,François FILLON,False
4155,2022,Emmanuel MACRON,Emmanuel MACRON,True
4156,2022,Emmanuel MACRON,Emmanuel MACRON,True
4157,2022,Emmanuel MACRON,Emmanuel MACRON,True
4158,2022,Emmanuel MACRON,François FILLON,False
4159,2022,Emmanuel MACRON,François FILLON,False
4160,2022,Emmanuel MACRON,François FILLON,False
4161,2022,Marine LE PEN,Marine LE PEN,True
4162,2022,Jean-Luc MÉLENCHON,François FILLON,False
4163,2022,Marine LE PEN,Marine LE PEN,True
4164,2022,Emmanuel MACRON,Emmanuel MACRON,True
4165,2022,Emmanuel MACRON,Emmanuel MACRON,True
4166,2022,Emmanuel MACRON,Emmanuel MACRON,True
4167,2022,Jean-Luc MÉLENCHON,François FILLON,False
4168,2022,Emmanuel MACRON,François FILLON,False
4169,2022,Marine LE PEN,Marine LE PEN,True
4170,2022,Emmanuel MACRON,Emmanuel MACRON,True
4171,2022,Emmanuel MACRON,Emmanuel MACRON,True
4172,2022,Jean-Luc MÉLENCHON,François FILLON,False
4173,2022,Emmanuel MACRON,François FILLON,False
4174,2022,Jean-Luc MÉLENCHON,François FILLON,False
4175,2022,Emmanuel MACRON,François FILLON,False
4176,2022,Jean LASSALLE,François FILLON,False
4177,2022,Emmanuel MACRON,François FILLON,False
4178,2022,Emmanuel MACRON,Emmanuel MACRON,True
4179,2022,Emmanuel MACRON,Emmanuel MACRON,True
4180,2022,Marine LE PEN,Marine LE PEN,True
4181,2022,Emmanuel MACRON,Emmanuel MACRON,True
4182,2022,Emmanuel MACRON,François FILLON,False
4183,2022,Emmanuel MACRON,François FILLON,False
4184,2022,Marine LE PEN,Marine LE PEN,True
4185,2022,Marine LE PEN,Marine LE PEN,True
4186,2022,Emmanuel MACRON,François FILLON,False
4187,2022,Emmanuel MACRON,François FILLON,False
4188,2022,Marine LE PEN,Marine LE PEN,True
4189,2022,Marine LE PEN,Marine LE PEN,True
4190,2022,Emmanuel MACRON,Emmanuel MACRON,True
4191,2022,Emmanuel MACRON,François FILLON,False
4192,2022,Emmanuel MACRON,François FILLON,False
4193,2022,Jean-Luc MÉLENCHON,François FILLON,False
4194,2022,Emmanuel MACRON,François FILLON,False
4195,2022,Emmanuel MACRON,François FILLON,False
4196,2022,Jean LASSALLE,François FILLON,False
4197,2022,Emmanuel MACRON,François FILLON,False
4198,2022,Marine LE PEN,Marine LE PEN,True
4199,2022,Emmanuel MACRON,François FILLON,False
4200,2022,Jean-Luc MÉLENCHON,François FILLON,False
4201,2022,Emmanuel MACRON,Emmanuel MACRON,True
4202,2022,Emmanuel MACRON,Emmanuel MACRON,True
4203,2022,Emmanuel MACRON,François FILLON,False
4204,2022,Emmanuel MACRON,François FILLON,False
4205,2022,Emmanuel MACRON,François FILLON,False
4206,2022,Emmanuel MACRON,Emmanuel MACRON,True
4207,2022,Emmanuel MACRON,François FILLON,False
4208,2022,Emmanuel MACRON,Emmanuel MACRON,True
4209,2022,Emmanuel MACRON,François FILLON,False
4210,2022,Marine LE PEN,Marine LE PEN,True
4211,2022,Marine LE PEN,Marine LE PEN,True
4212,2022,Emmanuel MACRON,François FILLON,False
4213,2022,Emmanuel MACRON,François FILLON,False
4214,2022,Emmanuel MACRON,François FILLON,False
4215,2022,Emmanuel MACRON,François FILLON,False
4216,2022,Emmanuel MACRON,François FILLON,False
4217,2022,Emmanuel MACRON,Emmanuel MACRON,True
4218,2022,Marine LE PEN,Marine LE PEN,True
4219,2022,Emmanuel MACRON,François FILLON,False
4220,2022,Emmanuel MACRON,François FILLON,False
4221,2022,Jean-Luc MÉLENCHON,François FILLON,False
4222,2022,Jean-Luc MÉLENCHON,François FILLON,False
4223,2022,Emmanuel MACRON,François FILLON,False
4224,2022,Emmanuel MACRON,François FILLON,False
4225,2022,Jean-Luc MÉLENCHON,François FILLON,False
4226,2022,Emmanuel MACRON,François FILLON,False
4227,2022,Emmanuel MACRON,François FILLON,False
4228,2022,Marine LE PEN,Marine LE PEN,True
4229,2022,Emmanuel MACRON,Emmanuel MACRON,True
4230,2022,Emmanuel MACRON,Emmanuel MACRON,True
4231,2022,Emmanuel MACRON,François FILLON,False
4232,2022,Emmanuel MACRON,Emmanuel MACRON,True
4233,2022,Emmanuel MACRON,Emmanuel MACRON,True
4234,2022,Emmanuel MACRON,François FILLON,False
4235,2022,Jean-Luc MÉLENCHON,François FILLON,False
4236,2022,Jean-Luc MÉLENCHON,François FILLON,False
4237,2022,Emmanuel MACRON,Emmanuel MACRON,True
4238,2022,Emmanuel MACRON,François FILLON,False
4239,2022,Emmanuel MACRON,Emmanuel MACRON,True
4240,2022,Emmanuel MACRON,François FILLON,False
4241,2022,Jean-Luc MÉLENCHON,François FILLON,False
4242,2022,Emmanuel MACRON,Emmanuel MACRON,True
4243,2022,Jean-Luc MÉLENCHON,François FILLON,False
4244,2022,Emmanuel MACRON,François FILLON,False
4245,2022,Emmanuel MACRON,François FILLON,False
4246,2022,Emmanuel MACRON,François FILLON,False
4247,2022,Emmanuel MACRON,Emmanuel MACRON,True
4248,2022,Marine LE PEN,Marine LE PEN,True
4249,2022,Marine LE PEN,Marine LE PEN,True
4250,2022,Jean-Luc MÉLENCHON,François FILLON,False
4251,2022,Emmanuel MACRON,François FILLON,False
4252,2022,Emmanuel MACRON,François FILLON,False
4253,2022,Emmanuel MACRON,François FILLON,False
4254,2022,Emmanuel MACRON,François FILLON,False
4255,2022,Marine LE PEN,Marine LE PEN,True
4256,2022,Emmanuel MACRON,François FILLON,False
4257,2022,Emmanuel MACRON,François FILLON,False
4258,2022,Jean-Luc MÉLENCHON,François FILLON,False
4259,2022,Emmanuel MACRON,François FILLON,False
4260,2022,Emmanuel MACRON,Emmanuel MACRON,True
4261,2022,Marine LE PEN,Marine LE PEN,True
4262,2022,Jean-Luc MÉLENCHON,François FILLON,False
4263,2022,Emmanuel MACRON,François FILLON,False
4264,2022,Marine LE PEN,Marine LE PEN,True
4265,2022,Emmanuel MACRON,François FILLON,False
4266,2022,Emmanuel MACRON,François FILLON,False
4267,2022,Emmanuel MACRON,François FILLON,False
4268,2022,Emmanuel MACRON,François FILLON,False
4269,2022,Marine LE PEN,Marine LE PEN,True
4270,2022,Emmanuel MACRON,François FILLON,False
4271,2022,Emmanuel MACRON,Emmanuel MACRON,True
4272,2022,Emmanuel MACRON,François FILLON,False
4273,2022,Marine LE PEN,Marine LE PEN,True
4274,2022,Emmanuel MACRON,François FILLON,False
4275,2022,Emmanuel MACRON,François FILLON,False
4276,2022,Emmanuel MACRON,François FILLON,False
4277,2022,Emmanuel MACRON,François FILLON,False
4278,2022,Emmanuel MACRON,François FILLON,False
4279,2022,Marine LE PEN,Marine LE PEN,True
4280,2022,Jean-Luc MÉLENCHON,François FILLON,False
4281,2022,Jean-Luc MÉLENCHON,François FILLON,False
4282,2022,Emmanuel MACRON,Emmanuel MACRON,True
4283,2022,Emmanuel MACRON,Emmanuel MACRON,True
4284,2022,Marine LE PEN,Marine LE PEN,True
4285,2022,Marine LE PEN,Marine LE PEN,True
4286,2022,Jean-Luc MÉLENCHON,Emmanuel MACRON,False
4287,2022,Jean-Luc MÉLENCHON,François FILLON,False
4288,2022,Emmanuel MACRON,François FILLON,False
4289,2022,Jean-Luc MÉLENCHON,François FILLON,False
4290,2022,Emmanuel MACRON,François FILLON,False
4291,2022,Emmanuel MACRON,François FILLON,False
4292,2022,Emmanuel MACRON,François FILLON,False
4293,2022,Emmanuel MACRON,Emmanuel MACRON,True
4294,2022,Emmanuel MACRON,François FILLON,False
4295,2022,Emmanuel MACRON,François FILLON,False
4296,2022,Emmanuel MACRON,François FILLON,False
4297,2022,Emmanuel MACRON,François FILLON,False
4298,2022,Marine LE PEN,Marine LE PEN,True
4299,2022,Emmanuel MACRON,Emmanuel MACRON,True
4300,2022,Jean-Luc MÉLENCHON,François FILLON,False
4301,2022,Emmanuel MACRON,François FILLON,False
4302,2022,Emmanuel MACRON,François FILLON,False
4303,2022,Emmanuel MACRON,François FILLON,False
4304,2022,Marine LE PEN,Marine LE PEN,True
4305,2022,Emmanuel MACRON,François FILLON,False
4306,2022,Jean-Luc MÉLENCHON,François FILLON,False
4307,2022,Emmanuel MACRON,François FILLON,False
4308,2022,Marine LE PEN,Marine LE PEN,True
4309,2022,Emmanuel MACRON,François FILLON,False
4310,2022,Emmanuel MACRON,François FILLON,False
4311,2022,Emmanuel MACRON,François FILLON,False
4312,2022,Emmanuel MACRON,Emmanuel MACRON,True
4313,2022,Marine LE PEN,Marine LE PEN,True
4314,2022,Emmanuel MACRON,Emmanuel MACRON,True
4315,2022,Emmanuel MACRON,François FILLON,False
4316,2022,Emmanuel MACRON,François FILLON,False
4317,2022,Jean-Luc MÉLENCHON,François FILLON,False
4318,2022,Emmanuel MACRON,François FILLON,False
4319,2022,Emmanuel MACRON,François FILLON,False
4320,2022,Emmanuel MACRON,François FILLON,False
4321,2022,Marine LE PEN,Marine LE PEN,True
4322,2022,Jean-Luc MÉLENCHON,François FILLON,False
4323,2022,Emmanuel MACRON,François FILLON,False
4324,2022,Emmanuel MACRON,François FILLON,False
4325,2022,Emmanuel MACRON,François FILLON,False
4326,2022,Emmanuel MACRON,Emmanuel MACRON,True
4327,2022,Emmanuel MACRON,Emmanuel MACRON,True
4328,2022,Emmanuel MACRON,François FILLON,False
4329,2022,Jean-Luc MÉLENCHON,François FILLON,False
4330,2022,Emmanuel MACRON,François FILLON,False
4331,2022,Emmanuel MACRON,Emmanuel MACRON,True
4332,2022,Marine LE PEN,Marine LE PEN,True
4333,2022,Marine LE PEN,Marine LE PEN,True
4334,2022,Jean-Luc MÉLENCHON,Emmanuel MACRON,False
4335,2022,Marine LE PEN,Marine LE PEN,True
4336,2022,Marine LE PEN,Marine LE PEN,True
4337,2022,Marine LE PEN,Marine LE PEN,True
4338,2022,Emmanuel MACRON,Emmanuel MACRON,True
4339,2022,Marine LE PEN,Marine LE PEN,True
4340,2022,Marine LE PEN,Marine LE PEN,True
4341,2022,Emmanuel MACRON,François FILLON,False
4342,2022,Emmanuel MACRON,Emmanuel MACRON,True
4343,2022,Emmanuel MACRON,Emmanuel MACRON,True
4344,2022,Marine LE PEN,Marine LE PEN,True
4345,2022,Emmanuel MACRON,Emmanuel MACRON,True
4346,2022,Marine LE PEN,Marine LE PEN,True
4347,2022,Marine LE PEN,Marine LE PEN,True
4348,2022,Marine LE PEN,Marine LE PEN,True
4349,2022,Emmanuel MACRON,Emmanuel MACRON,True
4350,2022,Marine LE PEN,Marine LE PEN,True
4351,2022,Emmanuel MACRON,Emmanuel MACRON,True
4352,2022,Emmanuel MACRON,Emmanuel MACRON,True
4353,2022,Marine LE PEN,Marine LE PEN,True
4354,2022,Marine LE PEN,Marine LE PEN,True
4355,2022,Emmanuel MACRON,Emmanuel MACRON,True
4356,2022,Marine LE PEN,Marine LE PEN,True
4357,2022,Marine LE PEN,Marine LE PEN,True
4358,2022,Marine LE PEN,Marine LE PEN,True
4359,2022,Marine LE PEN,Marine LE PEN,True
4360,2022,Marine LE PEN,Marine LE PEN,True
4361,2022,Marine LE PEN,Marine LE PEN,True
4362,2022,Emmanuel MACRON,Emmanuel MACRON,True
4363,2022,Marine LE PEN,Marine LE PEN,True
4364,2022,Emmanuel MACRON,Emmanuel MACRON,True
4365,2022,Marine LE PEN,Marine LE PEN,True
4366,2022,Marine LE PEN,Marine LE PEN,True
4367,2022,Marine LE PEN,Marine LE PEN,True
4368,2022,Marine LE PEN,Marine LE PEN,True
4369,2022,Marine LE PEN,Marine LE PEN,True
4370,2022,Emmanuel MACRON,Emmanuel MACRON,True
4371,2022,Marine LE PEN,Marine LE PEN,True
4372,2022,Emmanuel MACRON,Emmanuel MACRON,True
4373,2022,Marine LE PEN,Marine LE PEN,True
4374,2022,Marine LE PEN,Marine LE PEN,True
4375,2022,Marine LE PEN,Marine LE PEN,True
4376,2022,Marine LE PEN,Marine LE PEN,True
4377,2022,Marine LE PEN,Marine LE PEN,True
4378,2022,Marine LE PEN,Marine LE PEN,True
4379,2022,Marine LE PEN,Marine LE PEN,True
4380,2022,Emmanuel MACRON,Emmanuel MACRON,True
4381,2022,Marine LE PEN,Marine LE PEN,True
4382,2022,Marine LE PEN,Marine LE PEN,True
4383,2022,Marine LE PEN,Marine LE PEN,True
4384,2022,Marine LE PEN,Marine LE PEN,True
4385,2022,Jean-Luc MÉLENCHON,Jean-Luc MÉLENCHON,True
4386,2022,Marine LE PEN,Marine LE PEN,True
4387,2022,Marine LE PEN,Marine LE PEN,True
4388,2022,Emmanuel MACRON,Emmanuel MACRON,True
4389,2022,Marine LE PEN,Marine LE PEN,True
4390,2022,Marine LE PEN,Marine LE PEN,True
4391,2022,Marine LE PEN,Marine LE PEN,True
4392,2022,Marine LE PEN,Marine LE PEN,True
4393,2022,Marine LE PEN,Marine LE PEN,True
4394,2022,Marine LE PEN,Marine LE PEN,True
4395,2022,Marine LE PEN,Marine LE PEN,True
4396,2022,Marine LE PEN,Marine LE PEN,True
4397,2022,Marine LE PEN,Marine LE PEN,True
4398,2022,Emmanuel MACRON,Emmanuel MACRON,True
4399,2022,Emmanuel MACRON,Emmanuel MACRON,True
4400,2022,Marine LE PEN,Marine LE PEN,True
4401,2022,Marine LE PEN,Marine LE PEN,True
4402,2022,Emmanuel MACRON,Emmanuel MACRON,True
4403,2022,Marine LE PEN,Marine LE PEN,True
4404,2022,Marine LE PEN,Marine LE PEN,True
4405,2022,Marine LE PEN,Marine LE PEN,True
4406,2022,Marine LE PEN,Marine LE PEN,True
4407,2022,Jean-Luc MÉLENCHON,Jean-Luc MÉLENCHON,True
4408,2022,Marine LE PEN,Marine LE PEN,True
4409,2022,Emmanuel MACRON,Emmanuel MACRON,True
4410,2022,Emmanuel MACRON,Jean-Luc MÉLENCHON,False
4411,2022,Marine LE PEN,Marine LE PEN,True
4412,2022,Emmanuel MACRON,Emmanuel MACRON,True
4413,2022,Marine LE PEN,Marine LE PEN,True
4414,2022,Jean-Luc MÉLENCHON,Jean-Luc MÉLENCHON,True
4415,2022,Marine LE PEN,Marine LE PEN,True
4416,2022,Marine LE PEN,Marine LE PEN,True
4417,2022,Emmanuel MACRON,Emmanuel MACRON,True
4418,2022,Marine LE PEN,Marine LE PEN,True
4419,2022,Marine LE PEN,Marine LE PEN,True
4420,2022,Emmanuel MACRON,François FILLON,False
4421,2022,Emmanuel MACRON,Emmanuel MACRON,True
4422,2022,Marine LE PEN,Marine LE PEN,True
4423,2022,Emmanuel MACRON,Emmanuel MACRON,True
4424,2022,Marine LE PEN,Marine LE PEN,True
4425,2022,Emmanuel MACRON,François FILLON,False
4426,2022,Marine LE PEN,Marine LE PEN,True
4427,2022,Marine LE PEN,Marine LE PEN,True
4428,2022,Marine LE PEN,Marine LE PEN,True
4429,2022,Marine LE PEN,Marine LE PEN,True
4430,2022,Marine LE PEN,Marine LE PEN,True
4431,2022,Marine LE PEN,Marine LE PEN,True
4432,2022,Marine LE PEN,Marine LE PEN,True
4433,2022,Marine LE PEN,Marine LE PEN,True
4434,2022,Marine LE PEN,Marine LE PEN,True
4435,2022,Marine LE PEN,Marine LE PEN,True
4436,2022,Marine LE PEN,Marine LE PEN,True
4437,2022,Emmanuel MACRON,Emmanuel MACRON,True
4438,2022,Marine LE PEN,Marine LE PEN,True
4439,2022,Emmanuel MACRON,Emmanuel MACRON,True
4440,2022,Marine LE PEN,Marine LE PEN,True
4441,2022,Emmanuel MACRON,François FILLON,False
4442,2022,Emmanuel MACRON,Emmanuel MACRON,True
4443,2022,Emmanuel MACRON,Emmanuel MACRON,True
4444,2022,Emmanuel MACRON,Emmanuel MACRON,True
4445,2022,Marine LE PEN,Marine LE PEN,True
4446,2022,Marine LE PEN,Marine LE PEN,True
4447,2022,Marine LE PEN,Marine LE PEN,True
4448,2022,Emmanuel MACRON,Emmanuel MACRON,True
4449,2022,Marine LE PEN,Marine LE PEN,True
4450,2022,Emmanuel MACRON,Emmanuel MACRON,True
4452,2022,Emmanuel MACRON,Emmanuel MACRON,True
4453,2022,Emmanuel MACRON,Emmanuel MACRON,True
4454,2022,Emmanuel MACRON,Emmanuel MACRON,True
4455,2022,Marine LE PEN,Marine LE PEN,True
4456,2022,Emmanuel MACRON,Emmanuel MACRON,True
4457,2022,Marine LE PEN,Marine LE PEN,True
4458,2022,Marine LE PEN,Marine LE PEN,True
4460,2022,Emmanuel MACRON,Emmanuel MACRON,True
4461,2022,Emmanuel MACRON,François FILLON,False
4462,2022,Marine LE PEN,Marine LE PEN,True
4463,2022,Emmanuel MACRON,François FILLON,False
4464,2022,Emmanuel MACRON,Emmanuel MACRON,True
4465,2022,Emmanuel MACRON,Emmanuel MACRON,True
4466,2022,Marine LE PEN,Marine LE PEN,True
4467,2022,Marine LE PEN,Marine LE PEN,True
4468,2022,Marine LE PEN,Marine LE PEN,True
4469,2022,Emmanuel MACRON,Emmanuel MACRON,True
4470,2022,Marine LE PEN,Marine LE PEN,True
4471,2022,Marine LE PEN,Marine LE PEN,True
4472,2022,Emmanuel MACRON,Emmanuel MACRON,True
4473,2022,Emmanuel MACRON,François FILLON,False
4474,2022,Emmanuel MACRON,François FILLON,False
4475,2022,Emmanuel MACRON,François FILLON,False
4476,2022,Marine LE PEN,Marine LE PEN,True
4477,2022,Emmanuel MACRON,Emmanuel MACRON,True
4478,2022,Emmanuel MACRON,François FILLON,False
4479,2022,Emmanuel MACRON,François FILLON,False
4480,2022,Marine LE PEN,Marine LE PEN,True
4481,2022,Marine LE PEN,Marine LE PEN,True
4482,2022,Emmanuel MACRON,Jean-Luc MÉLENCHON,False
4483,2022,Emmanuel MACRON,Emmanuel MACRON,True
4484,2022,Marine LE PEN,Marine LE PEN,True
4485,2022,Emmanuel MACRON,Emmanuel MACRON,True
4486,2022,Emmanuel MACRON,François FILLON,False
4487,2022,Marine LE PEN,Marine LE PEN,True
4488,2022,Emmanuel MACRON,Emmanuel MACRON,True
4489,2022,Marine LE PEN,Marine LE PEN,True
4490,2022,Marine LE PEN,Marine LE PEN,True
4491,2022,Emmanuel MACRON,François FILLON,False
4492,2022,Marine LE PEN,Marine LE PEN,True
4493,2022,Emmanuel MACRON,François FILLON,False
4494,2022,Marine LE PEN,Marine LE PEN,True
4495,2022,Emmanuel MACRON,François FILLON,False
4496,2022,Emmanuel MACRON,Emmanuel MACRON,True
4497,2022,Marine LE PEN,Marine LE PEN,True
4498,2022,Emmanuel MACRON,François FILLON,False
4499,2022,Marine LE PEN,Marine LE PEN,True
4500,2022,Marine LE PEN,Marine LE PEN,True
4501,2022,Emmanuel MACRON,Emmanuel MACRON,True
4502,2022,Emmanuel MACRON,Emmanuel MACRON,True
4503,2022,Marine LE PEN,Marine LE PEN,True
4504,2022,Emmanuel MACRON,François FILLON,False
4505,2022,Emmanuel MACRON,Emmanuel MACRON,True
4506,2022,Emmanuel MACRON,François FILLON,False
4507,2022,Marine LE PEN,Marine LE PEN,True
4508,2022,Emmanuel MACRON,Emmanuel MACRON,True
4509,2022,Emmanuel MACRON,Jean-Luc MÉLENCHON,False
4510,2022,Marine LE PEN,Marine LE PEN,True
4511,2022,Marine LE PEN,Marine LE PEN,True
4512,2022,Emmanuel MACRON,François FILLON,False
4513,2022,Emmanuel MACRON,François FILLON,False
4514,2022,Emmanuel MACRON,François FILLON,False
4515,2022,Emmanuel MACRON,François FILLON,False
4516,2022,Marine LE PEN,Marine LE PEN,True
4517,2022,Emmanuel MACRON,François FILLON,False
4518,2022,Emmanuel MACRON,François FILLON,False
4519,2022,Emmanuel MACRON,François FILLON,False
4520,2022,Emmanuel MACRON,Emmanuel MACRON,True
4521,2022,Marine LE PEN,Marine LE PEN,True
4522,2022,Marine LE PEN,Marine LE PEN,True
4523,2022,Marine LE PEN,Marine LE PEN,True
4524,2022,Emmanuel MACRON,Emmanuel MACRON,True
4525,2022,Emmanuel MACRON,Emmanuel MACRON,True
4526,2022,Emmanuel MACRON,François FILLON,False
4527,2022,Emmanuel MACRON,François FILLON,False
4528,2022,Marine LE PEN,Marine LE PEN,True
4529,2022,Marine LE PEN,Marine LE PEN,True
4530,2022,Emmanuel MACRON,François FILLON,False
4531,2022,Marine LE PEN,Marine LE PEN,True
4532,2022,Emmanuel MACRON,François FILLON,False
4533,2022,Marine LE PEN,Marine LE PEN,True
4534,2022,Emmanuel MACRON,François FILLON,False
4535,2022,Emmanuel MACRON,Jean-Luc MÉLENCHON,False
4536,2022,Emmanuel MACRON,Emmanuel MACRON,True
4537,2022,Marine LE PEN,Marine LE PEN,True
4538,2022,Marine LE PEN,Marine LE PEN,True
4539,2022,Marine LE PEN,Marine LE PEN,True
4540,2022,Marine LE PEN,Marine LE PEN,True
4541,2022,Emmanuel MACRON,Emmanuel MACRON,True
4542,2022,Marine LE PEN,Marine LE PEN,True
4543,2022,Emmanuel MACRON,Emmanuel MACRON,True
4544,2022,Emmanuel MACRON,François FILLON,False
4545,2022,Marine LE PEN,Marine LE PEN,True
4546,2022,Marine LE PEN,Marine LE PEN,True
4547,2022,Emmanuel MACRON,François FILLON,False
4548,2022,Marine LE PEN,Marine LE PEN,True
4549,2022,Emmanuel MACRON,Jean-Luc MÉLENCHON,False
4550,2022,Emmanuel MACRON,François FILLON,False
4551,2022,Emmanuel MACRON,Jean-Luc MÉLENCHON,False
4552,2022,Emmanuel MACRON,Emmanuel MACRON,True
4553,2022,Marine LE PEN,Marine LE PEN,True
4554,2022,Marine LE PEN,Marine LE PEN,True
4555,2022,Marine LE PEN,Marine LE PEN,True
4556,2022,Marine LE PEN,Marine LE PEN,True
4557,2022,Emmanuel MACRON,François FILLON,False
4558,2022,Marine LE PEN,Marine LE PEN,True
4559,2022,Marine LE PEN,Marine LE PEN,True
4560,2022,Marine LE PEN,Marine LE PEN,True
4561,2022,Emmanuel MACRON,Emmanuel MACRON,True
4562,2022,Emmanuel MACRON,François FILLON,False
4563,2022,Emmanuel MACRON,François FILLON,False
4564,2022,Emmanuel MACRON,François FILLON,False
4565,2022,Marine LE PEN,Marine LE PEN,True
4566,2022,Marine LE PEN,Marine LE PEN,True
4567,2022,Marine LE PEN,Marine LE PEN,True
4568,2022,Emmanuel MACRON,Emmanuel MACRON,True
4569,2022,Marine LE PEN,Marine LE PEN,True
4570,2022,Marine LE PEN,Marine LE PEN,True
4571,2022,Emmanuel MACRON,Emmanuel MACRON,True
4572,2022,Marine LE PEN,Marine LE PEN,True
4573,2022,Emmanuel MACRON,François FILLON,False
4574,2022,Marine LE PEN,Marine LE PEN,True
4575,2022,Marine LE PEN,Marine LE PEN,True
4576,2022,Emmanuel MACRON,François FILLON,False
4577,2022,Emmanuel MACRON,Emmanuel MACRON,True
4578,2022,Marine LE PEN,Marine LE PEN,True
4579,2022,Marine LE PEN,Marine LE PEN,True
4580,2022,Emmanuel MACRON,Emmanuel MACRON,True
4581,2022,Marine LE PEN,Marine LE PEN,True
4582,2022,Emmanuel MACRON,François FILLON,False
4583,2022,Emmanuel MACRON,François FILLON,False
4585,2022,Marine LE PEN,Marine LE PEN,True
4586,2022,Emmanuel MACRON,François FILLON,False
4587,2022,Emmanuel MACRON,François FILLON,False
4588,2022,Marine LE PEN,Marine LE PEN,True
4589,2022,Marine LE PEN,Marine LE PEN,True
4590,2022,Emmanuel MACRON,François FILLON,False
4591,2022,Emmanuel MACRON,Emmanuel MACRON,True
4592,2022,Emmanuel MACRON,François FILLON,False
4593,2022,Emmanuel MACRON,Emmanuel MACRON,True
4594,2022,Emmanuel MACRON,François FILLON,False
4595,2022,Emmanuel MACRON,François FILLON,False
4596,2022,Marine LE PEN,Marine LE PEN,True
4597,2022,Marine LE PEN,Marine LE PEN,True
4598,2022,Emmanuel MACRON,François FILLON,False
4599,2022,Marine LE PEN,Marine LE PEN,True
4600,2022,Marine LE PEN,Marine LE PEN,True
4601,2022,Emmanuel MACRON,François FILLON,False
4602,2022,Emmanuel MACRON,François FILLON,False
4603,2022,Emmanuel MACRON,Emmanuel MACRON,True
4604,2022,Emmanuel MACRON,François FILLON,False
4605,2022,Emmanuel MACRON,François FILLON,False
4606,2022,Emmanuel MACRON,Jean-Luc MÉLENCHON,False
4607,2022,Emmanuel MACRON,Emmanuel MACRON,True
4608,2022,Emmanuel MACRON,François FILLON,False
4609,2022,Marine LE PEN,Marine LE PEN,True
4610,2022,Marine LE PEN,Marine LE PEN,True
4611,2022,Marine LE PEN,Marine LE PEN,True
4612,2022,Marine LE PEN,Marine LE PEN,True
4613,2022,Emmanuel MACRON,Emmanuel MACRON,True
4614,2022,Marine LE PEN,Marine LE PEN,True
4615,2022,Marine LE PEN,Marine LE PEN,True
4616,2022,Emmanuel MACRON,François FILLON,False
4617,2022,Emmanuel MACRON,François FILLON,False
4618,2022,Emmanuel MACRON,François FILLON,False
4619,2022,Emmanuel MACRON,Emmanuel MACRON,True
4620,2022,Emmanuel MACRON,François FILLON,False
4621,2022,Emmanuel MACRON,Jean-Luc MÉLENCHON,False
4622,2022,Marine LE PEN,Marine LE PEN,True
4623,2022,Emmanuel MACRON,François FILLON,False
4624,2022,Emmanuel MACRON,Emmanuel MACRON,True
4625,2022,Emmanuel MACRON,Emmanuel MACRON,True
4626,2022,Emmanuel MACRON,François FILLON,False
4627,2022,Marine LE PEN,Marine LE PEN,True
4628,2022,Emmanuel MACRON,Emmanuel MACRON,True
4629,2022,Emmanuel MACRON,François FILLON,False
4630,2022,Emmanuel MACRON,Emmanuel MACRON,True
4631,2022,Marine LE PEN,Marine LE PEN,True
4632,2022,Marine LE PEN,Marine LE PEN,True
4633,2022,Emmanuel MACRON,François FILLON,False
4634,2022,Emmanuel MACRON,Emmanuel MACRON,True
4635,2022,Marine LE PEN,Marine LE PEN,True
4636,2022,Emmanuel MACRON,Emmanuel MACRON,True
4637,2022,Emmanuel MACRON,Jean-Luc MÉLENCHON,False
4638,2022,Emmanuel MACRON,Jean-Luc MÉLENCHON,False
4639,2022,Marine LE PEN,Marine LE PEN,True
4640,2022,Emmanuel MACRON,Emmanuel MACRON,True
4641,2022,Emmanuel MACRON,François FILLON,False
4642,2022,Emmanuel MACRON,François FILLON,False
4643,2022,Emmanuel MACRON,Emmanuel MACRON,True
4644,2022,Marine LE PEN,Marine LE PEN,True
4645,2022,Emmanuel MACRON,François FILLON,False
4646,2022,Emmanuel MACRON,Emmanuel MACRON,True
4647,2022,Emmanuel MACRON,François FILLON,False
4648,2022,Marine LE PEN,Marine LE PEN,True
4649,2022,Marine LE PEN,Marine LE PEN,True
4650,2022,Emmanuel MACRON,Emmanuel MACRON,True
4651,2022,Marine LE PEN,Marine LE PEN,True
4652,2022,Emmanuel MACRON,François FILLON,False
4653,2022,Marine LE PEN,Marine LE PEN,True
4654,2022,Marine LE PEN,Marine LE PEN,True
4655,2022,Marine LE PEN,Marine LE PEN,True
4656,2022,Marine LE PEN,Marine LE PEN,True
4657,2022,Marine LE PEN,Marine LE PEN,True
4658,2022,Marine LE PEN,Marine LE PEN,True
4659,2022,Emmanuel MACRON,Emmanuel MACRON,True
4660,2022,Marine LE PEN,Marine LE PEN,True
4661,2022,Marine LE PEN,Marine LE PEN,True
4662,2022,Emmanuel MACRON,François FILLON,False
4663,2022,Marine LE PEN,Marine LE PEN,True
4665,2022,Emmanuel MACRON,François FILLON,False
4666,2022,Emmanuel MACRON,François FILLON,False
4667,2022,Emmanuel MACRON,François FILLON,False
4668,2022,Emmanuel MACRON,François FILLON,False
4669,2022,Marine LE PEN,Marine LE PEN,True
4670,2022,Emmanuel MACRON,Emmanuel MACRON,True
4671,2022,Marine LE PEN,Marine LE PEN,True
4672,2022,Emmanuel MACRON,Emmanuel MACRON,True
4673,2022,Emmanuel MACRON,François FILLON,False
4674,2022,Emmanuel MACRON,François FILLON,False
4676,2022,Emmanuel MACRON,François FILLON,False
4677,2022,Marine LE PEN,Marine LE PEN,True
4678,2022,Marine LE PEN,Marine LE PEN,True
4679,2022,Emmanuel MACRON,Emmanuel MACRON,True
4680,2022,Emmanuel MACRON,François FILLON,False
4681,2022,Emmanuel MACRON,François FILLON,False
4682,2022,Marine LE PEN,Marine LE PEN,True
4683,2022,Emmanuel MACRON,Emmanuel MACRON,True
4684,2022,Emmanuel MACRON,François FILLON,False
4685,2022,Emmanuel MACRON,François FILLON,False
4686,2022,Emmanuel MACRON,Emmanuel MACRON,True
4687,2022,Emmanuel MACRON,François FILLON,False
4688,2022,Jean-Luc MÉLENCHON,Emmanuel MACRON,False
4689,2022,Emmanuel MACRON,Emmanuel MACRON,True
4690,2022,Emmanuel MACRON,Jean-Luc MÉLENCHON,False
4691,2022,Emmanuel MACRON,François FILLON,False
4692,2022,Emmanuel MACRON,Jean-Luc MÉLENCHON,False
4693,2022,Marine LE PEN,Marine LE PEN,True
4694,2022,Emmanuel MACRON,François FILLON,False
4695,2022,Marine LE PEN,Marine LE PEN,True
4696,2022,Marine LE PEN,Marine LE PEN,True
4697,2022,Emmanuel MACRON,Emmanuel MACRON,True
4699,2022,Emmanuel MACRON,Emmanuel MACRON,True
4700,2022,Marine LE PEN,Marine LE PEN,True
4701,2022,Emmanuel MACRON,Emmanuel MACRON,True
4702,2022,Emmanuel MACRON,Jean-Luc MÉLENCHON,False
4703,2022,Marine LE PEN,Marine LE PEN,True
4704,2022,Marine LE PEN,Marine LE PEN,True
4705,2022,Marine LE PEN,Marine LE PEN,True
4706,2022,Emmanuel MACRON,François FILLON,False
4707,2022,Emmanuel MACRON,Emmanuel MACRON,True
4708,2022,Emmanuel MACRON,François FILLON,False
4709,2022,Emmanuel MACRON,François FILLON,False
4710,2022,Emmanuel MACRON,Emmanuel MACRON,True
4711,2022,Emmanuel MACRON,Emmanuel MACRON,True
4712,2022,Marine LE PEN,Marine LE PEN,True
4713,2022,Marine LE PEN,Marine LE PEN,True
4714,2022,Marine LE PEN,Marine LE PEN,True
4715,2022,Emmanuel MACRON,François FILLON,False
4716,2022,Emmanuel MACRON,François FILLON,False
4717,2022,Emmanuel MACRON,Emmanuel MACRON,True
4718,2022,Emmanuel MACRON,Jean-Luc MÉLENCHON,False
4719,2022,Marine LE PEN,Marine LE PEN,True
4720,2022,Marine LE PEN,Marine LE PEN,True
4721,2022,Emmanuel MACRON,François FILLON,False
4722,2022,Marine LE PEN,Marine LE PEN,True
4723,2022,Marine LE PEN,Marine LE PEN,True
4724,2022,Marine LE PEN,Marine LE PEN,True
4725,2022,Marine LE PEN,Marine LE PEN,True
4726,2022,Marine LE PEN,Marine LE PEN,True
4727,2022,Marine LE PEN,Marine LE PEN,True
4728,2022,Marine LE PEN,Marine LE PEN,True
4729,2022,Emmanuel MACRON,François FILLON,False
4730,2022,Marine LE PEN,Marine LE PEN,True
4731,2022,Emmanuel MACRON,Emmanuel MACRON,True
4732,2022,Emmanuel MACRON,Emmanuel MACRON,True
4733,2022,Marine LE PEN,Marine LE PEN,True
4734,2022,Emmanuel MACRON,François FILLON,False
4735,2022,Emmanuel MACRON,François FILLON,False
4736,2022,Emmanuel MACRON,François FILLON,False
4737,2022,Emmanuel MACRON,Emmanuel MACRON,True
4738,2022,Marine LE PEN,Marine LE PEN,True
4739,2022,Emmanuel MACRON,Emmanuel MACRON,True
4740,2022,Marine LE PEN,Marine LE PEN,True
4741,2022,Emmanuel MACRON,François FILLON,False
4742,2022,Marine LE PEN,Marine LE PEN,True
4743,2022,Marine LE PEN,Marine LE PEN,True
4744,2022,Marine LE PEN,Marine LE PEN,True
4745,2022,Marine LE PEN,Marine LE PEN,True
4746,2022,Emmanuel MACRON,François FILLON,False
4747,2022,Marine LE PEN,Marine LE PEN,True
4748,2022,Marine LE PEN,Marine LE PEN,True
4749,2022,Emmanuel MACRON,Emmanuel MACRON,True
4750,2022,Emmanuel MACRON,Emmanuel MACRON,True
4751,2022,Marine LE PEN,Marine LE PEN,True
4752,2022,Emmanuel MACRON,Emmanuel MACRON,True
4753,2022,Marine LE PEN,Marine LE PEN,True
4754,2022,Marine LE PEN,Marine LE PEN,True
4755,2022,Marine LE PEN,Marine LE PEN,True
4756,2022,Marine LE PEN,Marine LE PEN,True
4757,2022,Marine LE PEN,Marine LE PEN,True
4758,2022,Marine LE PEN,Marine LE PEN,True
4759,2022,Emmanuel MACRON,François FILLON,False
4760,2022,Emmanuel MACRON,Jean-Luc MÉLENCHON,False
4761,2022,Emmanuel MACRON,François FILLON,False
4762,2022,Emmanuel MACRON,François FILLON,False
4763,2022,Marine LE PEN,Marine LE PEN,True
4764,2022,Marine LE PEN,Marine LE PEN,True
4765,2022,Emmanuel MACRON,Emmanuel MACRON,True
4766,2022,Emmanuel MACRON,Emmanuel MACRON,True
4767,2022,Emmanuel MACRON,François FILLON,False
4768,2022,Marine LE PEN,Marine LE PEN,True
4769,2022,Marine LE PEN,Marine LE PEN,True
4770,2022,Emmanuel MACRON,François FILLON,False
4771,2022,Jean-Luc MÉLENCHON,François FILLON,False
4772,2022,Emmanuel MACRON,François FILLON,False
4773,2022,Marine LE PEN,Marine LE PEN,True
4774,2022,Marine LE PEN,Marine LE PEN,True
4775,2022,Emmanuel MACRON,Emmanuel MACRON,True
4776,2022,Emmanuel MACRON,François FILLON,False
4777,2022,Marine LE PEN,Marine LE PEN,True
4778,2022,Emmanuel MACRON,François FILLON,False
4779,2022,Emmanuel MACRON,François FILLON,False
4780,2022,Marine LE PEN,Marine LE PEN,True
4781,2022,Emmanuel MACRON,François FILLON,False
4782,2022,Emmanuel MACRON,Emmanuel MACRON,True
4783,2022,Emmanuel MACRON,François FILLON,False
4784,2022,Emmanuel MACRON,François FILLON,False
4785,2022,Emmanuel MACRON,François FILLON,False
4786,2022,Marine LE PEN,Marine LE PEN,True
4787,2022,Marine LE PEN,Marine LE PEN,True
4788,2022,Emmanuel MACRON,François FILLON,False
4789,2022,Emmanuel MACRON,Emmanuel MACRON,True
4790,2022,Marine LE PEN,Marine LE PEN,True
4791,2022,Marine LE PEN,Marine LE PEN,True
4792,2022,Marine LE PEN,Marine LE PEN,True
4793,2022,Marine LE PEN,Marine LE PEN,True
4794,2022,Emmanuel MACRON,François FILLON,False
4795,2022,Emmanuel MACRON,François FILLON,False
4796,2022,Marine LE PEN,Marine LE PEN,True
4797,2022,Emmanuel MACRON,François FILLON,False
4798,2022,Emmanuel MACRON,Emmanuel MACRON,True
4799,2022,Marine LE PEN,Marine LE PEN,True
4800,2022,Emmanuel MACRON,François FILLON,False
4801,2022,Emmanuel MACRON,François FILLON,False
4802,2022,Emmanuel MACRON,Emmanuel MACRON,True
4803,2022,Marine LE PEN,Marine LE PEN,True
4804,2022,Marine LE PEN,Marine LE PEN,True
4805,2022,Marine LE PEN,Marine LE PEN,True
4806,2022,Emmanuel MACRON,François FILLON,False
4807,2022,Emmanuel MACRON,François FILLON,False
4808,2022,Marine LE PEN,Marine LE PEN,True
4809,2022,Marine LE PEN,Marine LE PEN,True
4810,2022,Marine LE PEN,Marine LE PEN,True
4812,2022,Marine LE PEN,Marine LE PEN,True
4813,2022,Emmanuel MACRON,Jean-Luc MÉLENCHON,False
4814,2022,Jean-Luc MÉLENCHON,Emmanuel MACRON,False
4815,2022,Marine LE PEN,Marine LE PEN,True
4816,2022,Marine LE PEN,Marine LE PEN,True
4818,2022,Emmanuel MACRON,Jean-Luc MÉLENCHON,False
4819,2022,Emmanuel MACRON,Jean-Luc MÉLENCHON,False
4820,2022,Marine LE PEN,Marine LE PEN,True
4821,2022,Emmanuel MACRON,Emmanuel MACRON,True
4822,2022,Marine LE PEN,Marine LE PEN,True
4823,2022,Emmanuel MACRON,Jean-Luc MÉLENCHON,False
4824,2022,Marine LE PEN,Marine LE PEN,True
4825,2022,Emmanuel MACRON,François FILLON,False
4826,2022,Marine LE PEN,Marine LE PEN,True
4827,2022,Jean-Luc MÉLENCHON,François FILLON,False
4828,2022,Emmanuel MACRON,Emmanuel MACRON,True
4829,2022,Jean LASSALLE,François FILLON,False
4830,2022,Emmanuel MACRON,Emmanuel MACRON,True
4831,2022,Emmanuel MACRON,François FILLON,False
4832,2022,Emmanuel MACRON,François FILLON,False
4833,2022,Emmanuel MACRON,Emmanuel MACRON,True
4834,2022,Emmanuel MACRON,Emmanuel MACRON,True
4835,2022,Emmanuel MACRON,François FILLON,False
4836,2022,Emmanuel MACRON,François FILLON,False
4837,2022,Emmanuel MACRON,François FILLON,False
4838,2022,Emmanuel MACRON,Emmanuel MACRON,True
4839,2022,Marine LE PEN,Marine LE PEN,True
4840,2022,Marine LE PEN,Marine LE PEN,True
4841,2022,Emmanuel MACRON,François FILLON,False
4842,2022,Emmanuel MACRON,Emmanuel MACRON,True
4843,2022,Emmanuel MACRON,Emmanuel MACRON,True
4844,2022,Marine LE PEN,Marine LE PEN,True
4845,2022,Emmanuel MACRON,Emmanuel MACRON,True
4846,2022,Emmanuel MACRON,Emmanuel MACRON,True
4847,2022,Emmanuel MACRON,Emmanuel MACRON,True
4848,2022,Emmanuel MACRON,François FILLON,False
4849,2022,Emmanuel MACRON,Emmanuel MACRON,True
4850,2022,Marine LE PEN,Marine LE PEN,True
4851,2022,Emmanuel MACRON,François FILLON,False
4852,2022,Emmanuel MACRON,Emmanuel MACRON,True
4853,2022,Emmanuel MACRON,François FILLON,False
4854,2022,Marine LE PEN,Marine LE PEN,True
4855,2022,Marine LE PEN,Marine LE PEN,True
4856,2022,Marine LE PEN,Marine LE PEN,True
4857,2022,Marine LE PEN,Marine LE PEN,True
4858,2022,Emmanuel MACRON,François FILLON,False
4859,2022,Marine LE PEN,Marine LE PEN,True
4860,2022,Emmanuel MACRON,Emmanuel MACRON,True
4861,2022,Emmanuel MACRON,Jean-Luc MÉLENCHON,False
4862,2022,Emmanuel MACRON,Emmanuel MACRON,True
4863,2022,Marine LE PEN,Marine LE PEN,True
4864,2022,Emmanuel MACRON,François FILLON,False
4865,2022,Marine LE PEN,Marine LE PEN,True
4866,2022,Marine LE PEN,Marine LE PEN,True
4867,2022,Emmanuel MACRON,François FILLON,False
4868,2022,Emmanuel MACRON,François FILLON,False
4869,2022,Emmanuel MACRON,Emmanuel MACRON,True
4870,2022,Emmanuel MACRON,Emmanuel MACRON,True
4871,2022,Emmanuel MACRON,François FILLON,False
4872,2022,Emmanuel MACRON,Emmanuel MACRON,True
4873,2022,Emmanuel MACRON,François FILLON,False
4874,2022,Marine LE PEN,Marine LE PEN,True
4875,2022,Emmanuel MACRON,François FILLON,False
4877,2022,Emmanuel MACRON,François FILLON,False
4878,2022,Marine LE PEN,Marine LE PEN,True
4879,2022,Emmanuel MACRON,François FILLON,False
4880,2022,Emmanuel MACRON,François FILLON,False
4881,2022,Emmanuel MACRON,Emmanuel MACRON,True
4882,2022,Marine LE PEN,Marine LE PEN,True
4883,2022,Marine LE PEN,Marine LE PEN,True
4884,2022,Marine LE PEN,Marine LE PEN,True
4885,2022,Emmanuel MACRON,François FILLON,False
4886,2022,Marine LE PEN,Marine LE PEN,True
4887,2022,Marine LE PEN,Marine LE PEN,True
4888,2022,Emmanuel MACRON,Jean-Luc MÉLENCHON,False
4889,2022,Emmanuel MACRON,Jean-Luc MÉLENCHON,False
4890,2022,Marine LE PEN,Marine LE PEN,True
4891,2022,Marine LE PEN,Marine LE PEN,True
4892,2022,Emmanuel MACRON,François FILLON,False
4893,2022,Marine LE PEN,Marine LE PEN,True
4894,2022,Marine LE PEN,Marine LE PEN,True
4895,2022,Emmanuel MACRON,François FILLON,False
4896,2022,Marine LE PEN,Marine LE PEN,True
4897,2022,Marine LE PEN,Marine LE PEN,True
4898,2022,Marine LE PEN,Marine LE PEN,True
4899,2022,Emmanuel MACRON,François FILLON,False
4900,2022,Marine LE PEN,Marine LE PEN,True
4901,2022,Marine LE PEN,Marine LE PEN,True
4902,2022,Marine LE PEN,Marine LE PEN,True
4903,2022,Marine LE PEN,Marine LE PEN,True
4904,2022,Marine LE PEN,Marine LE PEN,True
4905,2022,Marine LE PEN,Marine LE PEN,True
4906,2022,Marine LE PEN,Marine LE PEN,True
4907,2022,Marine LE PEN,Marine LE PEN,True
4908,2022,Emmanuel MACRON,Emmanuel MACRON,True
4909,2022,Emmanuel MACRON,Jean-Luc MÉLENCHON,False
4910,2022,Emmanuel MACRON,Emmanuel MACRON,True
4911,2022,Emmanuel MACRON,François FILLON,False
4912,2022,Marine LE PEN,Marine LE PEN,True
4913,2022,Emmanuel MACRON,François FILLON,False
4914,2022,Marine LE PEN,Marine LE PEN,True
4915,2022,Emmanuel MACRON,François FILLON,False
4916,2022,Emmanuel MACRON,Emmanuel MACRON,True
4917,2022,Marine LE PEN,Marine LE PEN,True
4918,2022,Marine LE PEN,Marine LE PEN,True
4919,2022,Marine LE PEN,Marine LE PEN,True
4920,2022,Marine LE PEN,Marine LE PEN,True
4921,2022,Jean-Luc MÉLENCHON,François FILLON,False
4922,2022,Emmanuel MACRON,Emmanuel MACRON,True
4923,2022,Emmanuel MACRON,Emmanuel MACRON,True
4924,2022,Emmanuel MACRON,François FILLON,False
4925,2022,Marine LE PEN,Marine LE PEN,True
4926,2022,Emmanuel MACRON,François FILLON,False
4927,2022,Emmanuel MACRON,François FILLON,False
4928,2022,Marine LE PEN,Marine LE PEN,True
4929,2022,Emmanuel MACRON,François FILLON,False
4930,2022,Marine LE PEN,Marine LE PEN,True
4931,2022,Emmanuel MACRON,Emmanuel MACRON,True
4932,2022,Marine LE PEN,Marine LE PEN,True
4933,2022,Marine LE PEN,Marine LE PEN,True
4935,2022,Marine LE PEN,Marine LE PEN,True
4936,2022,Marine LE PEN,Marine LE PEN,True
4937,2022,Marine LE PEN,Marine LE PEN,True
4938,2022,Emmanuel MACRON,Jean-Luc MÉLENCHON,False
4939,2022,Marine LE PEN,Marine LE PEN,True
4940,2022,Emmanuel MACRON,François FILLON,False
4942,2022,Marine LE PEN,Marine LE PEN,True
4943,2022,Emmanuel MACRON,François FILLON,False
4944,2022,Emmanuel MACRON,Emmanuel MACRON,True
4945,2022,Marine LE PEN,Marine LE PEN,True
4946,2022,Emmanuel MACRON,François FILLON,False
4947,2022,Emmanuel MACRON,François FILLON,False
4948,2022,Marine LE PEN,Marine LE PEN,True
4949,2022,Emmanuel MACRON,Emmanuel MACRON,True
4950,2022,Emmanuel MACRON,François FILLON,False
4951,2022,Marine LE PEN,Marine LE PEN,True
4952,2022,Emmanuel MACRON,Jean-Luc MÉLENCHON,False
4953,2022,Emmanuel MACRON,François FILLON,False
4954,2022,Emmanuel MACRON,François FILLON,False
4955,2022,Marine LE PEN,Marine LE PEN,True
4956,2022,Emmanuel MACRON,Emmanuel MACRON,True
4957,2022,Marine LE PEN,Marine LE PEN,True
4958,2022,Emmanuel MACRON,Emmanuel MACRON,True
4959,2022,Marine LE PEN,Marine LE PEN,True
4960,2022,Emmanuel MACRON,François FILLON,False
4961,2022,Emmanuel MACRON,François FILLON,False
4962,2022,Emmanuel MACRON,François FILLON,False
4963,2022,Emmanuel MACRON,François FILLON,False
4964,2022,Emmanuel MACRON,François FILLON,False
4965,2022,Marine LE PEN,Marine LE PEN,True
4966,2022,Emmanuel MACRON,Emmanuel MACRON,True
4967,2022,Emmanuel MACRON,Emmanuel MACRON,True
4968,2022,Emmanuel MACRON,François FILLON,False
4969,2022,Marine LE PEN,Marine LE PEN,True
4970,2022,Jean-Luc MÉLENCHON,Jean-Luc MÉLENCHON,True
4971,2022,Marine LE PEN,Marine LE PEN,True
4972,2022,Emmanuel MACRON,François FILLON,False
4973,2022,Emmanuel MACRON,François FILLON,False
4974,2022,Emmanuel MACRON,François FILLON,False
4975,2022,Emmanuel MACRON,Emmanuel MACRON,True
4976,2022,Emmanuel MACRON,François FILLON,False
4977,2022,Marine LE PEN,Marine LE PEN,True
4978,2022,Emmanuel MACRON,Jean-Luc MÉLENCHON,False
4979,2022,Marine LE PEN,Marine LE PEN,True
4980,2022,Emmanuel MACRON,Emmanuel MACRON,True
4981,2022,Emmanuel MACRON,Jean-Luc MÉLENCHON,False
4982,2022,Marine LE PEN,Marine LE PEN,True
4983,2022,Emmanuel MACRON,Emmanuel MACRON,True
4984,2022,Emmanuel MACRON,François FILLON,False
4985,2022,Marine LE PEN,Marine LE PEN,True
4986,2022,Marine LE PEN,Marine LE PEN,True
4987,2022,Emmanuel MACRON,Emmanuel MACRON,True
4988,2022,Marine LE PEN,Marine LE PEN,True
4989,2022,Marine LE PEN,Marine LE PEN,True
4990,2022,Marine LE PEN,Marine LE PEN,True
4991,2022,Marine LE PEN,Marine LE PEN,True
4992,2022,Marine LE PEN,Marine LE PEN,True
4993,2022,Marine LE PEN,Marine LE PEN,True
4994,2022,Emmanuel MACRON,François FILLON,False
4995,2022,Emmanuel MACRON,François FILLON,False
4996,2022,Marine LE PEN,Marine LE PEN,True
4997,2022,Emmanuel MACRON,François FILLON,False
4998,2022,Marine LE PEN,Marine LE PEN,True
4999,2022,Marine LE PEN,Marine LE PEN,True
5000,2022,Emmanuel MACRON,Emmanuel MACRON,True
5001,2022,Marine LE PEN,Marine LE PEN,True
5002,2022,Emmanuel MACRON,Emmanuel MACRON,True
5003,2022,Emmanuel MACRON,François FILLON,False
5004,2022,Marine LE PEN,Marine LE PEN,True
5005,2022,Marine LE PEN,Marine LE PEN,True
5006,2022,Emmanuel MACRON,François FILLON,False
5007,2022,Emmanuel MACRON,François FILLON,False
5008,2022,Marine LE PEN,Marine LE PEN,True
5009,2022,Emmanuel MACRON,François FILLON,False
5010,2022,Marine LE PEN,Marine LE PEN,True
5011,2022,Marine LE PEN,Marine LE PEN,True
5012,2022,Emmanuel MACRON,François FILLON,False
5013,2022,Marine LE PEN,Marine LE PEN,True
5014,2022,Emmanuel MACRON,François FILLON,False
5015,2022,Marine LE PEN,Marine LE PEN,True
5016,2022,Emmanuel MACRON,François FILLON,False
5017,2022,Marine LE PEN,Marine LE PEN,True
5018,2022,Emmanuel MACRON,François FILLON,False
5019,2022,Marine LE PEN,Marine LE PEN,True
5020,2022,Emmanuel MACRON,François FILLON,False
5021,2022,Marine LE PEN,Marine LE PEN,True
5022,2022,Marine LE PEN,Marine LE PEN,True
5023,2022,Emmanuel MACRON,François FILLON,False
5024,2022,Marine LE PEN,Marine LE PEN,True
5025,2022,Emmanuel MACRON,François FILLON,False
5026,2022,Emmanuel MACRON,François FILLON,False
5027,2022,Marine LE PEN,Marine LE PEN,True
5028,2022,Emmanuel MACRON,François FILLON,False
5029,2022,Marine LE PEN,Marine LE PEN,True
5030,2022,Emmanuel MACRON,François FILLON,False
5031,2022,Emmanuel MACRON,François FILLON,False
5032,2022,Emmanuel MACRON,François FILLON,False
5033,2022,Marine LE PEN,Marine LE PEN,True
5034,2022,Marine LE PEN,Marine LE PEN,True
5035,2022,Marine LE PEN,Marine LE PEN,True
5036,2022,Marine LE PEN,Marine LE PEN,True
5037,2022,Marine LE PEN,Marine LE PEN,True
5038,2022,Emmanuel MACRON,Emmanuel MACRON,True
5039,2022,Marine LE PEN,Marine LE PEN,True
5040,2022,Emmanuel MACRON,François FILLON,False
5041,2022,Emmanuel MACRON,François FILLON,False
5042,2022,Marine LE PEN,Marine LE PEN,True
5043,2022,Emmanuel MACRON,François FILLON,False
5044,2022,Emmanuel MACRON,François FILLON,False
5045,2022,Emmanuel MACRON,François FILLON,False
5046,2022,Marine LE PEN,Marine LE PEN,True
5047,2022,Emmanuel MACRON,François FILLON,False
5048,2022,Jean-Luc MÉLENCHON,François FILLON,False
5049,2022,Marine LE PEN,Marine LE PEN,True
5050,2022,Emmanuel MACRON,François FILLON,False
5051,2022,Marine LE PEN,Marine LE PEN,True
5052,2022,Emmanuel MACRON,François FILLON,False
5053,2022,Emmanuel MACRON,François FILLON,False
5054,2022,Marine LE PEN,Marine LE PEN,True
5055,2022,Marine LE PEN,Marine LE PEN,True
5056,2022,Marine LE PEN,Marine LE PEN,True
5057,2022,Emmanuel MACRON,François FILLON,False
5058,2022,Marine LE PEN,Marine LE PEN,True
5059,2022,Marine LE PEN,Marine LE PEN,True
5060,2022,Marine LE PEN,Marine LE PEN,True
5061,2022,Emmanuel MACRON,François FILLON,False
5062,2022,Emmanuel MACRON,Emmanuel MACRON,True
5063,2022,Emmanuel MACRON,François FILLON,False
5064,2022,Marine LE PEN,Marine LE PEN,True
5065,2022,Marine LE PEN,Marine LE PEN,True
5066,2022,Emmanuel MACRON,François FILLON,False
5067,2022,Emmanuel MACRON,François FILLON,False
5068,2022,Marine LE PEN,Marine LE PEN,True
5069,2022,Marine LE PEN,Marine LE PEN,True
5070,2022,Emmanuel MACRON,François FILLON,False
5071,2022,Emmanuel MACRON,Emmanuel MACRON,True
5072,2022,Marine LE PEN,Marine LE PEN,True
5073,2022,Emmanuel MACRON,François FILLON,False
5074,2022,Marine LE PEN,Marine LE PEN,True
5075,2022,Emmanuel MACRON,François FILLON,False
5076,2022,Marine LE PEN,Marine LE PEN,True
5077,2022,Marine LE PEN,Marine LE PEN,True
5078,2022,Marine LE PEN,Marine LE PEN,True
5079,2022,Marine LE PEN,Marine LE PEN,True
5080,2022,Emmanuel MACRON,François FILLON,False
5081,2022,Marine LE PEN,Marine LE PEN,True
5082,2022,Marine LE PEN,Marine LE PEN,True
5083,2022,Jean LASSALLE,François FILLON,False
5084,2022,Emmanuel MACRON,François FILLON,False
5085,2022,Emmanuel MACRON,François FILLON,False
5086,2022,Emmanuel MACRON,François FILLON,False
5087,2022,Emmanuel MACRON,François FILLON,False
5088,2022,Emmanuel MACRON,Emmanuel MACRON,True
5089,2022,Marine LE PEN,Marine LE PEN,True
5090,2022,Emmanuel MACRON,François FILLON,False
5091,2022,Emmanuel MACRON,François FILLON,False
5092,2022,Emmanuel MACRON,François FILLON,False
5093,2022,Emmanuel MACRON,François FILLON,False
5094,2022,Emmanuel MACRON,François FILLON,False
5095,2022,Emmanuel MACRON,Emmanuel MACRON,True
5096,2022,Emmanuel MACRON,François FILLON,False
5097,2022,Marine LE PEN,Marine LE PEN,True
5098,2022,Emmanuel MACRON,François FILLON,False
5099,2022,Emmanuel MACRON,François FILLON,False
5100,2022,Marine LE PEN,Marine LE PEN,True
5101,2022,Marine LE PEN,Marine LE PEN,True
5103,2022,Emmanuel MACRON,François FILLON,False
5104,2022,Marine LE PEN,Marine LE PEN,True
5105,2022,Marine LE PEN,Marine LE PEN,True
5106,2022,Emmanuel MACRON,François FILLON,False
5107,2022,Marine LE PEN,Marine LE PEN,True
5108,2022,Emmanuel MACRON,François FILLON,False
5109,2022,Marine LE PEN,Marine LE PEN,True
5110,2022,Emmanuel MACRON,François FILLON,False
5111,2022,Emmanuel MACRON,François FILLON,False
5113,2022,Emmanuel MACRON,François FILLON,False
5114,2022,Emmanuel MACRON,Emmanuel MACRON,True
5115,2022,Emmanuel MACRON,François FILLON,False
5116,2022,Emmanuel MACRON,Emmanuel MACRON,True
5117,2022,Marine LE PEN,Marine LE PEN,True
5118,2022,Emmanuel MACRON,Emmanuel MACRON,True
5119,2022,Marine LE PEN,Marine LE PEN,True
5120,2022,Emmanuel MACRON,François FILLON,False
5121,2022,Emmanuel MACRON,François FILLON,False
5122,2022,Emmanuel MACRON,François FILLON,False
5123,2022,Emmanuel MACRON,François FILLON,False
5124,2022,Marine LE PEN,Marine LE PEN,True
5125,2022,Marine LE PEN,Marine LE PEN,True
5126,2022,Emmanuel MACRON,François FILLON,False
5127,2022,Emmanuel MACRON,François FILLON,False
5128,2022,Marine LE PEN,Marine LE PEN,True
5129,2022,Emmanuel MACRON,François FILLON,False
5130,2022,Emmanuel MACRON,François FILLON,False
5131,2022,Marine LE PEN,Marine LE PEN,True
5132,2022,Emmanuel MACRON,François FILLON,False
5133,2022,Emmanuel MACRON,François FILLON,False
5134,2022,Emmanuel MACRON,François FILLON,False
5135,2022,Marine LE PEN,Marine LE PEN,True
5136,2022,Emmanuel MACRON,François FILLON,False
5137,2022,Emmanuel MACRON,Emmanuel MACRON,True
5138,2022,Marine LE PEN,Marine LE PEN,True
5139,2022,Marine LE PEN,Marine LE PEN,True
5140,2022,Emmanuel MACRON,François FILLON,False
5141,2022,Emmanuel MACRON,François FILLON,False
5142,2022,Emmanuel MACRON,François FILLON,False
5143,2022,Marine LE PEN,Marine LE PEN,True
5144,2022,Marine LE PEN,Marine LE PEN,True
5145,2022,Emmanuel MACRON,François FILLON,False
5146,2022,Marine LE PEN,Marine LE PEN,True
5147,2022,Marine LE PEN,Marine LE PEN,True
5148,2022,Marine LE PEN,Marine LE PEN,True
5149,2022,Marine LE PEN,Marine LE PEN,True
5150,2022,Marine LE PEN,Marine LE PEN,True
5151,2022,Emmanuel MACRON,François FILLON,False
5152,2022,Emmanuel MACRON,François FILLON,False
5153,2022,Emmanuel MACRON,François FILLON,False
5154,2022,Marine LE PEN,Marine LE PEN,True
5155,2022,Marine LE PEN,Marine LE PEN,True
5156,2022,Emmanuel MACRON,François FILLON,False
5157,2022,Marine LE PEN,Marine LE PEN,True
5158,2022,Marine LE PEN,Marine LE PEN,True
5159,2022,Emmanuel MACRON,Emmanuel MACRON,True
5160,2022,Marine LE PEN,Marine LE PEN,True
5161,2022,Marine LE PEN,Marine LE PEN,True
5162,2022,Emmanuel MACRON,François FILLON,False
5163,2022,Marine LE PEN,Marine LE PEN,True
5164,2022,Marine LE PEN,Marine LE PEN,True
5165,2022,Emmanuel MACRON,François FILLON,False
5166,2022,Marine LE PEN,Marine LE PEN,True
5167,2022,Marine LE PEN,Marine LE PEN,True
5168,2022,Marine LE PEN,Marine LE PEN,True
5169,2022,Marine LE PEN,Marine LE PEN,True
5170,2022,Emmanuel MACRON,François FILLON,False
5171,2022,Emmanuel MACRON,François FILLON,False
5172,2022,Emmanuel MACRON,François FILLON,False
5173,2022,Marine LE PEN,Marine LE PEN,True
5174,2022,Emmanuel MACRON,François FILLON,False
5175,2022,Marine LE PEN,Marine LE PEN,True
5176,2022,Emmanuel MACRON,François FILLON,False
5177,2022,Emmanuel MACRON,François FILLON,False
5178,2022,Emmanuel MACRON,François FILLON,False
5179,2022,Marine LE PEN,Marine LE PEN,True
5180,2022,Marine LE PEN,Marine LE PEN,True
5181,2022,Marine LE PEN,Marine LE PEN,True
5182,2022,Emmanuel MACRON,François FILLON,False
5183,2022,Emmanuel MACRON,Emmanuel MACRON,True
5184,2022,Emmanuel MACRON,François FILLON,False
5186,2022,Emmanuel MACRON,François FILLON,False
5187,2022,Emmanuel MACRON,François FILLON,False
5188,2022,Marine LE PEN,Marine LE PEN,True
5189,2022,Emmanuel MACRON,Emmanuel MACRON,True
5190,2022,Emmanuel MACRON,François FILLON,False
5191,2022,Emmanuel MACRON,François FILLON,False
5192,2022,Jean-Luc MÉLENCHON,François FILLON,False
5193,2022,Emmanuel MACRON,François FILLON,False
5194,2022,Emmanuel MACRON,François FILLON,False
5195,2022,Emmanuel MACRON,François FILLON,False
5196,2022,Marine LE PEN,Marine LE PEN,True
5197,2022,Marine LE PEN,Marine LE PEN,True
5198,2022,Marine LE PEN,Marine LE PEN,True
5199,2022,Marine LE PEN,Marine LE PEN,True
5200,2022,Emmanuel MACRON,François FILLON,False
5201,2022,Emmanuel MACRON,François FILLON,False
5202,2022,Marine LE PEN,Marine LE PEN,True
5203,2022,Emmanuel MACRON,François FILLON,False
5204,2022,Emmanuel MACRON,François FILLON,False
5205,2022,Emmanuel MACRON,Emmanuel MACRON,True
5206,2022,Jean-Luc MÉLENCHON,François FILLON,False
5207,2022,Emmanuel MACRON,François FILLON,False
5208,2022,Emmanuel MACRON,François FILLON,False
5209,2022,Marine LE PEN,Marine LE PEN,True
5210,2022,Marine LE PEN,Marine LE PEN,True
5211,2022,Marine LE PEN,Marine LE PEN,True
5212,2022,Marine LE PEN,Marine LE PEN,True
5214,2022,Emmanuel MACRON,François FILLON,False
5215,2022,Emmanuel MACRON,François FILLON,False
5216,2022,Marine LE PEN,Marine LE PEN,True
5217,2022,Marine LE PEN,Marine LE PEN,True
5218,2022,Emmanuel MACRON,François FILLON,False
5219,2022,Emmanuel MACRON,François FILLON,False
5220,2022,Marine LE PEN,Marine LE PEN,True
5221,2022,Emmanuel MACRON,François FILLON,False
5222,2022,Marine LE PEN,Marine LE PEN,True
5223,2022,Marine LE PEN,Marine LE PEN,True
5224,2022,Emmanuel MACRON,Emmanuel MACRON,True
5225,2022,Marine LE PEN,Marine LE PEN,True
5226,2022,Emmanuel MACRON,François FILLON,False
5227,2022,Emmanuel MACRON,François FILLON,False
5228,2022,Emmanuel MACRON,Emmanuel MACRON,True
5229,2022,Emmanuel MACRON,François FILLON,False
5230,2022,Marine LE PEN,Marine LE PEN,True
5231,2022,Marine LE PEN,Marine LE PEN,True
5232,2022,Marine LE PEN,Marine LE PEN,True
5233,2022,Emmanuel MACRON,Emmanuel MACRON,True
5234,2022,Marine LE PEN,Marine LE PEN,True
5235,2022,Marine LE PEN,Marine LE PEN,True
5236,2022,Emmanuel MACRON,François FILLON,False
5237,2022,Marine LE PEN,Marine LE PEN,True
5238,2022,Marine LE PEN,Marine LE PEN,True
5239,2022,Marine LE PEN,Marine LE PEN,True
5240,2022,Jean-Luc MÉLENCHON,François FILLON,False
5241,2022,Marine LE PEN,Marine LE PEN,True
5242,2022,Marine LE PEN,Marine LE PEN,True
5244,2022,Marine LE PEN,Marine LE PEN,True
5245,2022,Marine LE PEN,Marine LE PEN,True
5246,2022,Emmanuel MACRON,François FILLON,False
5247,2022,Marine LE PEN,Marine LE PEN,True
5248,2022,Jean-Luc MÉLENCHON,Emmanuel MACRON,False
5249,2022,Marine LE PEN,Marine LE PEN,True
5251,2022,Emmanuel MACRON,François FILLON,False
5252,2022,Emmanuel MACRON,François FILLON,False
5253,2022,Emmanuel MACRON,François FILLON,False
5254,2022,Marine LE PEN,Marine LE PEN,True
5255,2022,Marine LE PEN,Marine LE PEN,True
5256,2022,Marine LE PEN,Marine LE PEN,True
5257,2022,Emmanuel MACRON,Emmanuel MACRON,True
5258,2022,Marine LE PEN,Marine LE PEN,True
5259,2022,Emmanuel MACRON,Emmanuel MACRON,True
5260,2022,Emmanuel MACRON,François FILLON,False
5261,2022,Marine LE PEN,Marine LE PEN,True
5262,2022,Marine LE PEN,Marine LE PEN,True
5263,2022,Emmanuel MACRON,François FILLON,False
5264,2022,Marine LE PEN,Marine LE PEN,True
5265,2022,Marine LE PEN,Marine LE PEN,True
5266,2022,Marine LE PEN,Marine LE PEN,True
5267,2022,Marine LE PEN,Marine LE PEN,True
5268,2022,Emmanuel MACRON,François FILLON,False
5269,2022,Marine LE PEN,Marine LE PEN,True
5270,2022,Emmanuel MACRON,François FILLON,False
5271,2022,Marine LE PEN,Marine LE PEN,True
5272,2022,Emmanuel MACRON,François FILLON,False
5273,2022,Emmanuel MACRON,François FILLON,False
5274,2022,Marine LE PEN,Marine LE PEN,True
5275,2022,Marine LE PEN,Marine LE PEN,True
5276,2022,Emmanuel MACRON,François FILLON,False
5277,2022,Marine LE PEN,Marine LE PEN,True
5278,2022,Marine LE PEN,Marine LE PEN,True
5279,2022,Marine LE PEN,Marine LE PEN,True
5281,2022,Marine LE PEN,Marine LE PEN,True
5282,2022,Marine LE PEN,Marine LE PEN,True
5283,2022,Emmanuel MACRON,François FILLON,False
5284,2022,Marine LE PEN,Marine LE PEN,True
5285,2022,Emmanuel MACRON,François FILLON,False
5286,2022,Emmanuel MACRON,François FILLON,False
5287,2022,Emmanuel MACRON,Emmanuel MACRON,True
5288,2022,Marine LE PEN,Marine LE PEN,True
5289,2022,Emmanuel MACRON,François FILLON,False
5290,2022,Emmanuel MACRON,Emmanuel MACRON,True
5291,2022,Marine LE PEN,Marine LE PEN,True
5292,2022,Marine LE PEN,Marine LE PEN,True
5293,2022,Marine LE PEN,Marine LE PEN,True
5294,2022,Marine LE PEN,Marine LE PEN,True
5295,2022,Marine LE PEN,Marine LE PEN,True
5296,2022,Marine LE PEN,Marine LE PEN,True
5297,2022,Marine LE PEN,Marine LE PEN,True
5298,2022,Marine LE PEN,Marine LE PEN,True
5299,2022,Emmanuel MACRON,Emmanuel MACRON,True
5300,2022,Marine LE PEN,Marine LE PEN,True
5301,2022,Marine LE PEN,Marine LE PEN,True
5302,2022,Marine LE PEN,Marine LE PEN,True
5303,2022,Emmanuel MACRON,François FILLON,False
5304,2022,Emmanuel MACRON,François FILLON,False
5305,2022,Marine LE PEN,Marine LE PEN,True
5306,2022,Marine LE PEN,Marine LE PEN,True
5307,2022,Emmanuel MACRON,Emmanuel MACRON,True
5308,2022,Marine LE PEN,Marine LE PEN,True
5309,2022,Marine LE PEN,Marine LE PEN,True
5310,2022,Marine LE PEN,Marine LE PEN,True
5311,2022,Emmanuel MACRON,François FILLON,False
5312,2022,Jean-Luc MÉLENCHON,François FILLON,False
5313,2022,Marine LE PEN,Marine LE PEN,True
5314,2022,Marine LE PEN,Marine LE PEN,True
5315,2022,Marine LE PEN,Marine LE PEN,True
5316,2022,Marine LE PEN,Marine LE PEN,True
5317,2022,Emmanuel MACRON,Emmanuel MACRON,True
5318,2022,Marine LE PEN,Marine LE PEN,True
5319,2022,Marine LE PEN,Marine LE PEN,True
5320,2022,Emmanuel MACRON,Emmanuel MACRON,True
5321,2022,Emmanuel MACRON,François FILLON,False
5322,2022,Marine LE PEN,Marine LE PEN,True
5323,2022,Emmanuel MACRON,François FILLON,False
5324,2022,Marine LE PEN,Marine LE PEN,True
5325,2022,Emmanuel MACRON,François FILLON,False
5326,2022,Marine LE PEN,Marine LE PEN,True
5327,2022,Marine LE PEN,Marine LE PEN,True
5328,2022,Emmanuel MACRON,Emmanuel MACRON,True
5329,2022,Emmanuel MACRON,François FILLON,False
5330,2022,Emmanuel MACRON,François FILLON,False
5331,2022,Marine LE PEN,Marine LE PEN,True
5332,2022,Emmanuel MACRON,François FILLON,False
5333,2022,Marine LE PEN,Marine LE PEN,True
5334,2022,Marine LE PEN,Marine LE PEN,True
5335,2022,Marine LE PEN,Marine LE PEN,True
5336,2022,Emmanuel MACRON,François FILLON,False
5337,2022,Marine LE PEN,Marine LE PEN,True
5338,2022,Marine LE PEN,Marine LE PEN,True
5339,2022,Marine LE PEN,Marine LE PEN,True
5340,2022,Emmanuel MACRON,François FILLON,False
5341,2022,Emmanuel MACRON,François FILLON,False
5342,2022,Marine LE PEN,Marine LE PEN,True
5343,2022,Marine LE PEN,Marine LE PEN,True
5344,2022,Emmanuel MACRON,Emmanuel MACRON,True
5345,2022,Emmanuel MACRON,Emmanuel MACRON,True
5346,2022,Emmanuel MACRON,François FILLON,False
5347,2022,Emmanuel MACRON,François FILLON,False
5348,2022,Emmanuel MACRON,François FILLON,False
5349,2022,Emmanuel MACRON,François FILLON,False
5350,2022,Marine LE PEN,Marine LE PEN,True
5351,2022,Marine LE PEN,Marine LE PEN,True
5352,2022,Jean-Luc MÉLENCHON,François FILLON,False
5353,2022,Emmanuel MACRON,François FILLON,False
5354,2022,Emmanuel MACRON,François FILLON,False
5355,2022,Marine LE PEN,Marine LE PEN,True
5356,2022,Emmanuel MACRON,François FILLON,False
5357,2022,Jean-Luc MÉLENCHON,Emmanuel MACRON,False
5358,2022,Marine LE PEN,Marine LE PEN,True
5359,2022,Marine LE PEN,Marine LE PEN,True
5360,2022,Emmanuel MACRON,Emmanuel MACRON,True
5361,2022,Emmanuel MACRON,Emmanuel MACRON,True
5362,2022,Emmanuel MACRON,François FILLON,False
5363,2022,Marine LE PEN,Marine LE PEN,True
5364,2022,Marine LE PEN,Marine LE PEN,True
5365,2022,Emmanuel MACRON,Emmanuel MACRON,True
5366,2022,Marine LE PEN,Marine LE PEN,True
5367,2022,Marine LE PEN,Marine LE PEN,True
5368,2022,Marine LE PEN,Marine LE PEN,True
5369,2022,Emmanuel MACRON,Emmanuel MACRON,True
5370,2022,Marine LE PEN,Marine LE PEN,True
5371,2022,Marine LE PEN,Marine LE PEN,True
5373,2022,Marine LE PEN,Marine LE PEN,True
5374,2022,Marine LE PEN,Marine LE PEN,True
5375,2022,Emmanuel MACRON,François FILLON,False
5376,2022,Marine LE PEN,Marine LE PEN,True
5377,2022,Emmanuel MACRON,Emmanuel MACRON,True
5378,2022,Marine LE PEN,Marine LE PEN,True
5380,2022,Marine LE PEN,Marine LE PEN,True
5381,2022,Jean-Luc MÉLENCHON,François FILLON,False
5382,2022,Marine LE PEN,Marine LE PEN,True
5383,2022,Marine LE PEN,Marine LE PEN,True
5384,2022,Emmanuel MACRON,Emmanuel MACRON,True
5385,2022,Emmanuel MACRON,François FILLON,False
5386,2022,Marine LE PEN,Marine LE PEN,True
5387,2022,Marine LE PEN,Marine LE PEN,True
5388,2022,Emmanuel MACRON,Emmanuel MACRON,True
5389,2022,Emmanuel MACRON,Emmanuel MACRON,True
5390,2022,Marine LE PEN,Marine LE PEN,True
5391,2022,Emmanuel MACRON,François FILLON,False
5392,2022,Emmanuel MACRON,François FILLON,False
5393,2022,Emmanuel MACRON,François FILLON,False
5394,2022,Marine LE PEN,Marine LE PEN,True
5395,2022,Marine LE PEN,Marine LE PEN,True
5396,2022,Emmanuel MACRON,François FILLON,False
5397,2022,Emmanuel MACRON,François FILLON,False
5398,2022,Emmanuel MACRON,François FILLON,False
5399,2022,Marine LE PEN,Marine LE PEN,True
5400,2022,Marine LE PEN,Marine LE PEN,True
5401,2022,Marine LE PEN,Marine LE PEN,True
5402,2022,Marine LE PEN,Marine LE PEN,True
5403,2022,Marine LE PEN,Marine LE PEN,True
5404,2022,Emmanuel MACRON,François FILLON,False
5405,2022,Emmanuel MACRON,François FILLON,False
5406,2022,Emmanuel MACRON,François FILLON,False
5407,2022,Emmanuel MACRON,Emmanuel MACRON,True
5408,2022,Marine LE PEN,Marine LE PEN,True
5409,2022,Marine LE PEN,Marine LE PEN,True
5410,2022,Marine LE PEN,Marine LE PEN,True
5411,2022,Marine LE PEN,Marine LE PEN,True
5412,2022,Marine LE PEN,Marine LE PEN,True
5413,2022,Marine LE PEN,Marine LE PEN,True
5414,2022,Marine LE PEN,Marine LE PEN,True
5415,2022,Marine LE PEN,Marine LE PEN,True
5416,2022,Marine LE PEN,Marine LE PEN,True
5417,2022,Marine LE PEN,Marine LE PEN,True
5418,2022,Marine LE PEN,Marine LE PEN,True
5419,2022,Emmanuel MACRON,Emmanuel MACRON,True
5420,2022,Marine LE PEN,Marine LE PEN,True
5422,2022,Marine LE PEN,Marine LE PEN,True
5423,2022,Emmanuel MACRON,Emmanuel MACRON,True
5424,2022,Marine LE PEN,Marine LE PEN,True
5425,2022,Marine LE PEN,Marine LE PEN,True
5426,2022,Marine LE PEN,Marine LE PEN,True
5427,2022,Marine LE PEN,Marine LE PEN,True
5428,2022,Marine LE PEN,Marine LE PEN,True
5429,2022,Marine LE PEN,Marine LE PEN,True
5430,2022,Marine LE PEN,Marine LE PEN,True
5431,2022,Marine LE PEN,Marine LE PEN,True
5432,2022,Emmanuel MACRON,François FILLON,False
5434,2022,Marine LE PEN,Marine LE PEN,True
5435,2022,Emmanuel MACRON,Emmanuel MACRON,True
5436,2022,Marine LE PEN,Marine LE PEN,True
5437,2022,Marine LE PEN,Marine LE PEN,True
5438,2022,Marine LE PEN,Marine LE PEN,True
5439,2022,Marine LE PEN,Marine LE PEN,True
5440,2022,Emmanuel MACRON,François FILLON,False
5441,2022,Emmanuel MACRON,François FILLON,False
5442,2022,Emmanuel MACRON,François FILLON,False
5443,2022,Marine LE PEN,Marine LE PEN,True
5444,2022,Marine LE PEN,Marine LE PEN,True
5445,2022,Marine LE PEN,Marine LE PEN,True
5447,2022,Marine LE PEN,Marine LE PEN,True
5448,2022,Emmanuel MACRON,François FILLON,False
5449,2022,Marine LE PEN,Marine LE PEN,True
5450,2022,Emmanuel MACRON,Emmanuel MACRON,True
5451,2022,Marine LE PEN,Marine LE PEN,True
5452,2022,Emmanuel MACRON,François FILLON,False
5453,2022,Emmanuel MACRON,François FILLON,False
5454,2022,Emmanuel MACRON,François FILLON,False
5455,2022,Marine LE PEN,Marine LE PEN,True
5456,2022,Jean-Luc MÉLENCHON,François FILLON,False
5457,2022,Emmanuel MACRON,Emmanuel MACRON,True
5458,2022,Jean-Luc MÉLENCHON,François FILLON,False
5459,2022,Marine LE PEN,Marine LE PEN,True
5460,2022,Marine LE PEN,Marine LE PEN,True
5461,2022,Marine LE PEN,Marine LE PEN,True
5462,2022,Marine LE PEN,Marine LE PEN,True
5463,2022,Emmanuel MACRON,François FILLON,False
5464,2022,Marine LE PEN,Marine LE PEN,True
5465,2022,Marine LE PEN,Marine LE PEN,True
5466,2022,Emmanuel MACRON,François FILLON,False
5467,2022,Marine LE PEN,Marine LE PEN,True
5468,2022,Emmanuel MACRON,Emmanuel MACRON,True
5469,2022,Emmanuel MACRON,François FILLON,False
5470,2022,Marine LE PEN,Marine LE PEN,True
5471,2022,Emmanuel MACRON,Emmanuel MACRON,True
5472,2022,Marine LE PEN,Marine LE PEN,True
5473,2022,Emmanuel MACRON,François FILLON,False
5475,2022,Emmanuel MACRON,François FILLON,False
5476,2022,Marine LE PEN,Marine LE PEN,True
5477,2022,Marine LE PEN,Marine LE PEN,True
5478,2022,Marine LE PEN,Marine LE PEN,True
5479,2022,Emmanuel MACRON,François FILLON,False
5480,2022,Marine LE PEN,Marine LE PEN,True
5481,2022,Marine LE PEN,Marine LE PEN,True
5482,2022,Emmanuel MACRON,François FILLON,False
5483,2022,Emmanuel MACRON,Emmanuel MACRON,True
5484,2022,Marine LE PEN,Marine LE PEN,True
5485,2022,Emmanuel MACRON,François FILLON,False
5487,2022,Marine LE PEN,Marine LE PEN,True
5488,2022,Emmanuel MACRON,Emmanuel MACRON,True
5489,2022,Marine LE PEN,Marine LE PEN,True
5490,2022,Marine LE PEN,Marine LE PEN,True
5491,2022,Marine LE PEN,Marine LE PEN,True
5492,2022,Emmanuel MACRON,Emmanuel MACRON,True
5493,2022,Marine LE PEN,Marine LE PEN,True
5494,2022,Emmanuel MACRON,François FILLON,False
5495,2022,Marine LE PEN,Marine LE PEN,True
5496,2022,Emmanuel MACRON,François FILLON,False
5497,2022,Marine LE PEN,Marine LE PEN,True
5498,2022,Marine LE PEN,Marine LE PEN,True
5499,2022,Emmanuel MACRON,François FILLON,False
5500,2022,Emmanuel MACRON,François FILLON,False
5501,2022,Emmanuel MACRON,Emmanuel MACRON,True
5502,2022,Marine LE PEN,Marine LE PEN,True
5503,2022,Marine LE PEN,Marine LE PEN,True
5504,2022,Marine LE PEN,Marine LE PEN,True
5506,2022,Emmanuel MACRON,François FILLON,False
5507,2022,Emmanuel MACRON,François FILLON,False
5508,2022,Marine LE PEN,Marine LE PEN,True
5509,2022,Emmanuel MACRON,François FILLON,False
5510,2022,Marine LE PEN,Marine LE PEN,True
5511,2022,Emmanuel MACRON,François FILLON,False
5512,2022,Emmanuel MACRON,Emmanuel MACRON,True
5513,2022,Emmanuel MACRON,François FILLON,False
5514,2022,Marine LE PEN,Marine LE PEN,True
5515,2022,Marine LE PEN,Marine LE PEN,True
5517,2022,Marine LE PEN,Marine LE PEN,True
5518,2022,Marine LE PEN,Marine LE PEN,True
5519,2022,Emmanuel MACRON,François FILLON,False
5520,2022,Emmanuel MACRON,François FILLON,False
5521,2022,Marine LE PEN,Marine LE PEN,True
5522,2022,Emmanuel MACRON,François FILLON,False
5523,2022,Marine LE PEN,Marine LE PEN,True
5524,2022,Marine LE PEN,Marine LE PEN,True
5525,2022,Marine LE PEN,Marine LE PEN,True
5526,2022,Marine LE PEN,Marine LE PEN,True
5527,2022,Emmanuel MACRON,Emmanuel MACRON,True
5528,2022,Emmanuel MACRON,François FILLON,False
5529,2022,Emmanuel MACRON,François FILLON,False
5530,2022,Emmanuel MACRON,François FILLON,False
5532,2022,Marine LE PEN,Marine LE PEN,True
5533,2022,Marine LE PEN,Marine LE PEN,True
5534,2022,Marine LE PEN,Marine LE PEN,True
5535,2022,Marine LE PEN,Marine LE PEN,True
5536,2022,Marine LE PEN,Marine LE PEN,True
5537,2022,Emmanuel MACRON,François FILLON,False
5538,2022,Marine LE PEN,Marine LE PEN,True
5539,2022,Emmanuel MACRON,Emmanuel MACRON,True
5540,2022,Marine LE PEN,Marine LE PEN,True
5541,2022,Emmanuel MACRON,François FILLON,False
5543,2022,Marine LE PEN,Marine LE PEN,True
5544,2022,Marine LE PEN,Marine LE PEN,True
5545,2022,Marine LE PEN,Marine LE PEN,True
5546,2022,Emmanuel MACRON,Emmanuel MACRON,True
5547,2022,Marine LE PEN,Marine LE PEN,True
5548,2022,Marine LE PEN,Marine LE PEN,True
5550,2022,Marine LE PEN,Marine LE PEN,True
5551,2022,Marine LE PEN,Marine LE PEN,True
5552,2022,Emmanuel MACRON,Emmanuel MACRON,True
5553,2022,Marine LE PEN,Marine LE PEN,True
5554,2022,Jean-Luc MÉLENCHON,François FILLON,False
5555,2022,Marine LE PEN,Marine LE PEN,True
5556,2022,Emmanuel MACRON,Emmanuel MACRON,True
5557,2022,Emmanuel MACRON,François FILLON,False
5558,2022,Marine LE PEN,Marine LE PEN,True
5559,2022,Marine LE PEN,Marine LE PEN,True
5560,2022,Emmanuel MACRON,François FILLON,False
5561,2022,Emmanuel MACRON,François FILLON,False
5562,2022,Emmanuel MACRON,François FILLON,False
5563,2022,Marine LE PEN,Marine LE PEN,True
5564,2022,Emmanuel MACRON,François FILLON,False
5565,2022,Marine LE PEN,Marine LE PEN,True
5566,2022,Marine LE PEN,Marine LE PEN,True
5567,2022,Marine LE PEN,Marine LE PEN,True
5568,2022,Marine LE PEN,Marine LE PEN,True
5569,2022,Marine LE PEN,Marine LE PEN,True
5570,2022,Jean-Luc MÉLENCHON,Emmanuel MACRON,False
5571,2022,Marine LE PEN,Marine LE PEN,True
5573,2022,Emmanuel MACRON,François FILLON,False
5574,2022,Emmanuel MACRON,François FILLON,False
5575,2022,Marine LE PEN,Marine LE PEN,True
5576,2022,Marine LE PEN,Marine LE PEN,True
5577,2022,Marine LE PEN,Marine LE PEN,True
5578,2022,Emmanuel MACRON,Emmanuel MACRON,True
5579,2022,Marine LE PEN,Marine LE PEN,True
5580,2022,Marine LE PEN,Marine LE PEN,True
5581,2022,Emmanuel MACRON,Emmanuel MACRON,True
5582,2022,Marine LE PEN,Marine LE PEN,True
5583,2022,Emmanuel MACRON,François FILLON,False
5584,2022,Emmanuel MACRON,François FILLON,False
5585,2022,Emmanuel MACRON,François FILLON,False
5587,2022,Marine LE PEN,Marine LE PEN,True
5588,2022,Marine LE PEN,Marine LE PEN,True
5589,2022,Marine LE PEN,Marine LE PEN,True
5590,2022,Emmanuel MACRON,François FILLON,False
5591,2022,Jean-Luc MÉLENCHON,François FILLON,False
5592,2022,Marine LE PEN,Marine LE PEN,True
5593,2022,Marine LE PEN,Marine LE PEN,True
5594,2022,Emmanuel MACRON,François FILLON,False
5595,2022,Emmanuel MACRON,François FILLON,False
5596,2022,Marine LE PEN,Marine LE PEN,True
5597,2022,Emmanuel MACRON,François FILLON,False
5598,2022,Marine LE PEN,Marine LE PEN,True
5599,2022,Marine LE PEN,Marine LE PEN,True
5600,2022,Emmanuel MACRON,François FILLON,False
5601,2022,Marine LE PEN,Marine LE PEN,True
5602,2022,Emmanuel MACRON,François FILLON,False
5603,2022,Emmanuel MACRON,François FILLON,False
5606,2022,Marine LE PEN,Marine LE PEN,True
5607,2022,Marine LE PEN,Marine LE PEN,True
5608,2022,Marine LE PEN,Marine LE PEN,True
5609,2022,Emmanuel MACRON,François FILLON,False
5610,2022,Marine LE PEN,Marine LE PEN,True
5611,2022,Emmanuel MACRON,Emmanuel MACRON,True
5612,2022,Emmanuel MACRON,François FILLON,False
5613,2022,Emmanuel MACRON,François FILLON,False
5614,2022,Marine LE PEN,Marine LE PEN,True
5615,2022,Marine LE PEN,Marine LE PEN,True
5616,2022,Marine LE PEN,Marine LE PEN,True
5617,2022,Marine LE PEN,Marine LE PEN,True
5618,2022,Marine LE PEN,Marine LE PEN,True
5619,2022,Marine LE PEN,Marine LE PEN,True
5620,2022,Marine LE PEN,Marine LE PEN,True
5621,2022,Emmanuel MACRON,Emmanuel MACRON,True
5622,2022,Emmanuel MACRON,François FILLON,False
5623,2022,Emmanuel MACRON,Emmanuel MACRON,True
5624,2022,Marine LE PEN,Marine LE PEN,True
5625,2022,Emmanuel MACRON,Emmanuel MACRON,True
5626,2022,Marine LE PEN,Marine LE PEN,True
5627,2022,Emmanuel MACRON,Emmanuel MACRON,True
5628,2022,Marine LE PEN,Marine LE PEN,True
5629,2022,Marine LE PEN,Marine LE PEN,True
5630,2022,Marine LE PEN,Marine LE PEN,True
5631,2022,Marine LE PEN,Marine LE PEN,True
5632,2022,Marine LE PEN,Marine LE PEN,True
5633,2022,Marine LE PEN,Marine LE PEN,True
5634,2022,Marine LE PEN,Marine LE PEN,True
5635,2022,Emmanuel MACRON,Emmanuel MACRON,True
5636,2022,Emmanuel MACRON,Emmanuel MACRON,True
5637,2022,Marine LE PEN,Marine LE PEN,True
5638,2022,Marine LE PEN,Marine LE PEN,True
5639,2022,Marine LE PEN,Marine LE PEN,True
5640,2022,Marine LE PEN,Marine LE PEN,True
5641,2022,Marine LE PEN,Marine LE PEN,True
5642,2022,Marine LE PEN,Marine LE PEN,True
5643,2022,Marine LE PEN,Marine LE PEN,True
5644,2022,Emmanuel MACRON,Emmanuel MACRON,True
5645,2022,Emmanuel MACRON,Emmanuel MACRON,True
5646,2022,Marine LE PEN,Marine LE PEN,True
5647,2022,Marine LE PEN,Marine LE PEN,True
5648,2022,Marine LE PEN,Marine LE PEN,True
5649,2022,Marine LE PEN,Marine LE PEN,True
5650,2022,Marine LE PEN,Marine LE PEN,True
5651,2022,Emmanuel MACRON,François FILLON,False
5652,2022,Marine LE PEN,Marine LE PEN,True
5653,2022,Marine LE PEN,Marine LE PEN,True
5654,2022,Marine LE PEN,Marine LE PEN,True
5655,2022,Marine LE PEN,Marine LE PEN,True
5656,2022,Marine LE PEN,Marine LE PEN,True
5657,2022,Marine LE PEN,Marine LE PEN,True
5658,2022,Marine LE PEN,Marine LE PEN,True
5659,2022,Marine LE PEN,Marine LE PEN,True
5660,2022,Marine LE PEN,Marine LE PEN,True
5661,2022,Marine LE PEN,Marine LE PEN,True
5662,2022,Marine LE PEN,Marine LE PEN,True
5663,2022,Marine LE PEN,Marine LE PEN,True
5664,2022,Emmanuel MACRON,Emmanuel MACRON,True
5665,2022,Marine LE PEN,Marine LE PEN,True
5666,2022,Emmanuel MACRON,Emmanuel MACRON,True
5667,2022,Marine LE PEN,Marine LE PEN,True
5668,2022,Marine LE PEN,Marine LE PEN,True
5669,2022,Jean-Luc MÉLENCHON,Emmanuel MACRON,False
5670,2022,Marine LE PEN,Marine LE PEN,True
5671,2022,Marine LE PEN,Marine LE PEN,True
5672,2022,Marine LE PEN,Marine LE PEN,True
5673,2022,Marine LE PEN,Marine LE PEN,True
5674,2022,Emmanuel MACRON,Emmanuel MACRON,True
5675,2022,Marine LE PEN,Marine LE PEN,True
5676,2022,Marine LE PEN,Marine LE PEN,True
5677,2022,Emmanuel MACRON,François FILLON,False
5678,2022,Marine LE PEN,Marine LE PEN,True
5679,2022,Emmanuel MACRON,Emmanuel MACRON,True
5680,2022,Emmanuel MACRON,Emmanuel MACRON,True
5681,2022,Emmanuel MACRON,Jean-Luc MÉLENCHON,False
5682,2022,Emmanuel MACRON,François FILLON,False
5683,2022,Marine LE PEN,Marine LE PEN,True
5684,2022,Marine LE PEN,Marine LE PEN,True
5685,2022,Marine LE PEN,Marine LE PEN,True
5686,2022,Marine LE PEN,Marine LE PEN,True
5687,2022,Marine LE PEN,Marine LE PEN,True
5688,2022,Marine LE PEN,Marine LE PEN,True
5689,2022,Marine LE PEN,Marine LE PEN,True
5690,2022,Marine LE PEN,Marine LE PEN,True
5691,2022,Emmanuel MACRON,Emmanuel MACRON,True
5692,2022,Marine LE PEN,Marine LE PEN,True
5693,2022,Marine LE PEN,Marine LE PEN,True
5694,2022,Marine LE PEN,Marine LE PEN,True
5695,2022,Marine LE PEN,Marine LE PEN,True
5696,2022,Marine LE PEN,Marine LE PEN,True
5697,2022,Emmanuel MACRON,Jean-Luc MÉLENCHON,False
5698,2022,Marine LE PEN,Marine LE PEN,True
5699,2022,Marine LE PEN,Marine LE PEN,True
5700,2022,Marine LE PEN,Marine LE PEN,True
5701,2022,Emmanuel MACRON,Emmanuel MACRON,True
5702,2022,Marine LE PEN,Marine LE PEN,True
5703,2022,Jean-Luc MÉLENCHON,Emmanuel MACRON,False
5704,2022,Marine LE PEN,Marine LE PEN,True
5705,2022,Marine LE PEN,Marine LE PEN,True
5706,2022,Marine LE PEN,Marine LE PEN,True
5707,2022,Emmanuel MACRON,Emmanuel MACRON,True
5708,2022,Marine LE PEN,Marine LE PEN,True
5709,2022,Emmanuel MACRON,Emmanuel MACRON,True
5710,2022,Marine LE PEN,Marine LE PEN,True
5711,2022,Marine LE PEN,Marine LE PEN,True
5712,2022,Marine LE PEN,Marine LE PEN,True
5713,2022,Emmanuel MACRON,Emmanuel MACRON,True
5714,2022,Marine LE PEN,Marine LE PEN,True
5715,2022,Marine LE PEN,Marine LE PEN,True
5717,2022,Marine LE PEN,Marine LE PEN,True
5718,2022,Marine LE PEN,Marine LE PEN,True
5719,2022,Marine LE PEN,Marine LE PEN,True
5720,2022,Marine LE PEN,Marine LE PEN,True
5721,2022,Marine LE PEN,Marine LE PEN,True
5722,2022,Emmanuel MACRON,Emmanuel MACRON,True
5723,2022,Marine LE PEN,Marine LE PEN,True
5724,2022,Marine LE PEN,Marine LE PEN,True
5725,2022,Marine LE PEN,Marine LE PEN,True
5726,2022,Marine LE PEN,Marine LE PEN,True
5727,2022,Emmanuel MACRON,François FILLON,False
5728,2022,Jean-Luc MÉLENCHON,Emmanuel MACRON,False
5729,2022,Marine LE PEN,Marine LE PEN,True
5730,2022,Marine LE PEN,Marine LE PEN,True
5731,2022,Marine LE PEN,Marine LE PEN,True
5732,2022,Marine LE PEN,Marine LE PEN,True
5733,2022,Marine LE PEN,Marine LE PEN,True
5734,2022,Emmanuel MACRON,Emmanuel MACRON,True
5735,2022,Marine LE PEN,Marine LE PEN,True
5736,2022,Marine LE PEN,Marine LE PEN,True
5737,2022,Marine LE PEN,Marine LE PEN,True
5738,2022,Marine LE PEN,Marine LE PEN,True
5739,2022,Marine LE PEN,Marine LE PEN,True
5740,2022,Emmanuel MACRON,Emmanuel MACRON,True
5741,2022,Marine LE PEN,Marine LE PEN,True
5742,2022,Marine LE PEN,Marine LE PEN,True
5743,2022,Marine LE PEN,Marine LE PEN,True
5744,2022,Marine LE PEN,Marine LE PEN,True
5745,2022,Marine LE PEN,Marine LE PEN,True
5746,2022,Emmanuel MACRON,Emmanuel MACRON,True
5747,2022,Marine LE PEN,Marine LE PEN,True
5748,2022,Emmanuel MACRON,Emmanuel MACRON,True
5749,2022,Marine LE PEN,Marine LE PEN,True
5750,2022,Marine LE PEN,Marine LE PEN,True
5751,2022,Emmanuel MACRON,Emmanuel MACRON,True
5752,2022,Marine LE PEN,Marine LE PEN,True
5753,2022,Marine LE PEN,Marine LE PEN,True
5754,2022,Emmanuel MACRON,Emmanuel MACRON,True
5755,2022,Marine LE PEN,Marine LE PEN,True
5756,2022,Emmanuel MACRON,Emmanuel MACRON,True
5757,2022,Emmanuel MACRON,Emmanuel MACRON,True
5758,2022,Marine LE PEN,Marine LE PEN,True
5759,2022,Marine LE PEN,Marine LE PEN,True
5760,2022,Emmanuel MACRON,Emmanuel MACRON,True
5761,2022,Marine LE PEN,Marine LE PEN,True
5762,2022,Marine LE PEN,Marine LE PEN,True
5763,2022,Marine LE PEN,Marine LE PEN,True
5764,2022,Marine LE PEN,Marine LE PEN,True
5765,2022,Marine LE PEN,Marine LE PEN,True
5766,2022,Marine LE PEN,Marine LE PEN,True
5767,2022,Marine LE PEN,Marine LE PEN,True
5768,2022,Emmanuel MACRON,Emmanuel MACRON,True
5769,2022,Marine LE PEN,Marine LE PEN,True
5770,2022,Marine LE PEN,Marine LE PEN,True
5771,2022,Emmanuel MACRON,Emmanuel MACRON,True
5772,2022,Emmanuel MACRON,Emmanuel MACRON,True
5773,2022,Marine LE PEN,Marine LE PEN,True
5774,2022,Marine LE PEN,Marine LE PEN,True
5775,2022,Emmanuel MACRON,Emmanuel MACRON,True
5776,2022,Marine LE PEN,Marine LE PEN,True
5777,2022,Marine LE PEN,Marine LE PEN,True
5778,2022,Marine LE PEN,Marine LE PEN,True
5779,2022,Emmanuel MACRON,Emmanuel MACRON,True
5781,2022,Marine LE PEN,Marine LE PEN,True
5782,2022,Marine LE PEN,Marine LE PEN,True
5783,2022,Marine LE PEN,Marine LE PEN,True
5784,2022,Marine LE PEN,Marine LE PEN,True
5785,2022,Marine LE PEN,Marine LE PEN,True
5786,2022,Emmanuel MACRON,Emmanuel MACRON,True
5787,2022,Marine LE PEN,Marine LE PEN,True
5788,2022,Marine LE PEN,Marine LE PEN,True
5789,2022,Emmanuel MACRON,Emmanuel MACRON,True
5790,2022,Marine LE PEN,Marine LE PEN,True
5791,2022,Marine LE PEN,Marine LE PEN,True
5792,2022,Marine LE PEN,Marine LE PEN,True
5793,2022,Marine LE PEN,Marine LE PEN,True
5794,2022,Marine LE PEN,Marine LE PEN,True
5795,2022,Marine LE PEN,Marine LE PEN,True
5796,2022,Marine LE PEN,Marine LE PEN,True
5797,2022,Emmanuel MACRON,Emmanuel MACRON,True
5798,2022,Emmanuel MACRON,Emmanuel MACRON,True
5800,2022,Emmanuel MACRON,Emmanuel MACRON,True
5801,2022,Marine LE PEN,Marine LE PEN,True
5802,2022,Emmanuel MACRON,Emmanuel MACRON,True
5803,2022,Emmanuel MACRON,Emmanuel MACRON,True
5804,2022,Emmanuel MACRON,Emmanuel MACRON,True
5805,2022,Marine LE PEN,Marine LE PEN,True
5806,2022,Marine LE PEN,Marine LE PEN,True
5807,2022,Emmanuel MACRON,Jean-Luc MÉLENCHON,False
5808,2022,Marine LE PEN,Marine LE PEN,True
5809,2022,Marine LE PEN,Marine LE PEN,True
5810,2022,Emmanuel MACRON,Emmanuel MACRON,True
5811,2022,Marine LE PEN,Marine LE PEN,True
5812,2022,Marine LE PEN,Marine LE PEN,True
5813,2022,Marine LE PEN,Marine LE PEN,True
5814,2022,Emmanuel MACRON,Emmanuel MACRON,True
5815,2022,Marine LE PEN,Marine LE PEN,True
5816,2022,Marine LE PEN,Marine LE PEN,True
5817,2022,Emmanuel MACRON,Emmanuel MACRON,True
5818,2022,Marine LE PEN,Marine LE PEN,True
5819,2022,Marine LE PEN,Marine LE PEN,True
5820,2022,Marine LE PEN,Marine LE PEN,True
5821,2022,Marine LE PEN,Marine LE PEN,True
5822,2022,Marine LE PEN,Marine LE PEN,True
5823,2022,Marine LE PEN,Marine LE PEN,True
5824,2022,Marine LE PEN,Marine LE PEN,True
5825,2022,Marine LE PEN,Marine LE PEN,True
5826,2022,Marine LE PEN,Marine LE PEN,True
5827,2022,Marine LE PEN,Marine LE PEN,True
5828,2022,Marine LE PEN,Marine LE PEN,True
5829,2022,Marine LE PEN,Marine LE PEN,True
5830,2022,Marine LE PEN,Marine LE PEN,True
5831,2022,Marine LE PEN,Marine LE PEN,True
5832,2022,Emmanuel MACRON,Emmanuel MACRON,True
5833,2022,Emmanuel MACRON,Jean-Luc MÉLENCHON,False
5834,2022,Emmanuel MACRON,Jean-Luc MÉLENCHON,False
5835,2022,Emmanuel MACRON,Emmanuel MACRON,True
5836,2022,Marine LE PEN,Marine LE PEN,True
5837,2022,Marine LE PEN,Marine LE PEN,True
5838,2022,Marine LE PEN,Marine LE PEN,True
5839,2022,Marine LE PEN,Marine LE PEN,True
5840,2022,Emmanuel MACRON,Emmanuel MACRON,True
5841,2022,Marine LE PEN,Marine LE PEN,True
5842,2022,Marine LE PEN,Marine LE PEN,True
5843,2022,Emmanuel MACRON,Emmanuel MACRON,True
5844,2022,Marine LE PEN,Marine LE PEN,True
5845,2022,Marine LE PEN,Marine LE PEN,True
5846,2022,Marine LE PEN,Marine LE PEN,True
5847,2022,Marine LE PEN,Marine LE PEN,True
5848,2022,Marine LE PEN,Marine LE PEN,True
5849,2022,Marine LE PEN,Marine LE PEN,True
5850,2022,Marine LE PEN,Marine LE PEN,True
5851,2022,Marine LE PEN,Marine LE PEN,True
5852,2022,Marine LE PEN,Marine LE PEN,True
5853,2022,Marine LE PEN,Marine LE PEN,True
5854,2022,Emmanuel MACRON,Emmanuel MACRON,True
5855,2022,Marine LE PEN,Marine LE PEN,True
5856,2022,Emmanuel MACRON,Emmanuel MACRON,True
5857,2022,Marine LE PEN,Marine LE PEN,True
5858,2022,Emmanuel MACRON,Emmanuel MACRON,True
5859,2022,Marine LE PEN,Marine LE PEN,True
5860,2022,Marine LE PEN,Marine LE PEN,True
5861,2022,Marine LE PEN,Marine LE PEN,True
5862,2022,Marine LE PEN,Marine LE PEN,True
5863,2022,Marine LE PEN,Marine LE PEN,True
5864,2022,Marine LE PEN,Marine LE PEN,True
5865,2022,Marine LE PEN,Marine LE PEN,True
5866,2022,Marine LE PEN,Marine LE PEN,True
5867,2022,Emmanuel MACRON,Jean-Luc MÉLENCHON,False
5868,2022,Marine LE PEN,Marine LE PEN,True
5869,2022,Marine LE PEN,Marine LE PEN,True
5870,2022,Marine LE PEN,Marine LE PEN,True
5871,2022,Marine LE PEN,Marine LE PEN,True
5872,2022,Emmanuel MACRON,Emmanuel MACRON,True
5873,2022,Marine LE PEN,Marine LE PEN,True
5874,2022,Marine LE PEN,Marine LE PEN,True
5875,2022,Emmanuel MACRON,Emmanuel MACRON,True
5876,2022,Emmanuel MACRON,Emmanuel MACRON,True
5877,2022,Marine LE PEN,Marine LE PEN,True
5878,2022,Marine LE PEN,Marine LE PEN,True
5879,2022,Marine LE PEN,Marine LE PEN,True
5881,2022,Emmanuel MACRON,Emmanuel MACRON,True
5882,2022,Emmanuel MACRON,Emmanuel MACRON,True
5883,2022,Marine LE PEN,Marine LE PEN,True
5884,2022,Marine LE PEN,Marine LE PEN,True
5885,2022,Marine LE PEN,Marine LE PEN,True
5886,2022,Marine LE PEN,Marine LE PEN,True
5887,2022,Marine LE PEN,Marine LE PEN,True
5888,2022,Marine LE PEN,Marine LE PEN,True
5889,2022,Marine LE PEN,Marine LE PEN,True
5890,2022,Emmanuel MACRON,Emmanuel MACRON,True
5891,2022,Marine LE PEN,Marine LE PEN,True
5892,2022,Marine LE PEN,Marine LE PEN,True
5893,2022,Marine LE PEN,Marine LE PEN,True
5894,2022,Emmanuel MACRON,Emmanuel MACRON,True
5895,2022,Marine LE PEN,Marine LE PEN,True
5896,2022,Marine LE PEN,Marine LE PEN,True
5897,2022,Emmanuel MACRON,Emmanuel MACRON,True
5898,2022,Marine LE PEN,Marine LE PEN,True
5899,2022,Emmanuel MACRON,Emmanuel MACRON,True
5900,2022,Marine LE PEN,Marine LE PEN,True
5901,2022,Emmanuel MACRON,Emmanuel MACRON,True
5902,2022,Marine LE PEN,Marine LE PEN,True
5903,2022,Emmanuel MACRON,Emmanuel MACRON,True
5904,2022,Marine LE PEN,Marine LE PEN,True
5905,2022,Emmanuel MACRON,Emmanuel MACRON,True
5906,2022,Marine LE PEN,Marine LE PEN,True
5907,2022,Emmanuel MACRON,Emmanuel MACRON,True
5908,2022,Emmanuel MACRON,Emmanuel MACRON,True
5909,2022,Marine LE PEN,Marine LE PEN,True
5910,2022,Marine LE PEN,Marine LE PEN,True
5911,2022,Marine LE PEN,Marine LE PEN,True
5912,2022,Marine LE PEN,Marine LE PEN,True
5913,2022,Marine LE PEN,Marine LE PEN,True
5914,2022,Emmanuel MACRON,Emmanuel MACRON,True
5915,2022,Marine LE PEN,Marine LE PEN,True
5916,2022,Marine LE PEN,Marine LE PEN,True
5917,2022,Marine LE PEN,Marine LE PEN,True
5918,2022,Marine LE PEN,Marine LE PEN,True
5919,2022,Marine LE PEN,Marine LE PEN,True
5920,2022,Marine LE PEN,Marine LE PEN,True
5921,2022,Marine LE PEN,Marine LE PEN,True
5922,2022,Marine LE PEN,Marine LE PEN,True
5923,2022,Emmanuel MACRON,Emmanuel MACRON,True
5924,2022,Emmanuel MACRON,Emmanuel MACRON,True
5925,2022,Marine LE PEN,Marine LE PEN,True
5926,2022,Emmanuel MACRON,Emmanuel MACRON,True
5927,2022,Jean-Luc MÉLENCHON,Emmanuel MACRON,False
5928,2022,Marine LE PEN,Marine LE PEN,True
5929,2022,Emmanuel MACRON,Emmanuel MACRON,True
5930,2022,Marine LE PEN,Marine LE PEN,True
5931,2022,Emmanuel MACRON,Emmanuel MACRON,True
5932,2022,Marine LE PEN,Marine LE PEN,True
5933,2022,Marine LE PEN,Marine LE PEN,True
5934,2022,Emmanuel MACRON,Emmanuel MACRON,True
5935,2022,Marine LE PEN,Marine LE PEN,True
5936,2022,Marine LE PEN,Marine LE PEN,True
5937,2022,Marine LE PEN,Marine LE PEN,True
5938,2022,Marine LE PEN,Marine LE PEN,True
5939,2022,Marine LE PEN,Marine LE PEN,True
5940,2022,Marine LE PEN,Marine LE PEN,True
5941,2022,Emmanuel MACRON,Emmanuel MACRON,True
5942,2022,Marine LE PEN,Marine LE PEN,True
5943,2022,Marine LE PEN,Marine LE PEN,True
5944,2022,Emmanuel MACRON,Emmanuel MACRON,True
5945,2022,Marine LE PEN,Marine LE PEN,True
5946,2022,Marine LE PEN,Marine LE PEN,True
5947,2022,Emmanuel MACRON,Emmanuel MACRON,True
5948,2022,Marine LE PEN,Marine LE PEN,True
5949,2022,Marine LE PEN,Marine LE PEN,True
5950,2022,Marine LE PEN,Marine LE PEN,True
5951,2022,Marine LE PEN,Marine LE PEN,True
5952,2022,Marine LE PEN,Marine LE PEN,True
5953,2022,Marine LE PEN,Marine LE PEN,True
5954,2022,Marine LE PEN,Marine LE PEN,True
5955,2022,Emmanuel MACRON,Jean-Luc MÉLENCHON,False
5956,2022,Marine LE PEN,Marine LE PEN,True
5957,2022,Emmanuel MACRON,Emmanuel MACRON,True
5958,2022,Marine LE PEN,Marine LE PEN,True
5959,2022,Marine LE PEN,Marine LE PEN,True
5961,2022,Emmanuel MACRON,Emmanuel MACRON,True
5962,2022,Marine LE PEN,Marine LE PEN,True
5963,2022,Marine LE PEN,Marine LE PEN,True
5964,2022,Marine LE PEN,Marine LE PEN,True
5965,2022,Marine LE PEN,Marine LE PEN,True
5966,2022,Marine LE PEN,Marine LE PEN,True
5967,2022,Marine LE PEN,Marine LE PEN,True
5968,2022,Emmanuel MACRON,Emmanuel MACRON,True
5969,2022,Marine LE PEN,Marine LE PEN,True
5970,2022,Marine LE PEN,Marine LE PEN,True
5971,2022,Marine LE PEN,Marine LE PEN,True
5972,2022,Marine LE PEN,Marine LE PEN,True
5973,2022,Marine LE PEN,Marine LE PEN,True
5974,2022,Marine LE PEN,Marine LE PEN,True
5975,2022,Marine LE PEN,Marine LE PEN,True
5976,2022,Emmanuel MACRON,Emmanuel MACRON,True
5977,2022,Marine LE PEN,Marine LE PEN,True
5978,2022,Emmanuel MACRON,Emmanuel MACRON,True
5979,2022,Marine LE PEN,Marine LE PEN,True
5980,2022,Marine LE PEN,Marine LE PEN,True
5981,2022,Emmanuel MACRON,Emmanuel MACRON,True
5982,2022,Marine LE PEN,Marine LE PEN,True
5983,2022,Marine LE PEN,Marine LE PEN,True
5984,2022,Marine LE PEN,Marine LE PEN,True
5985,2022,Emmanuel MACRON,Emmanuel MACRON,True
5986,2022,Marine LE PEN,Marine LE PEN,True
5987,2022,Marine LE PEN,Marine LE PEN,True
5988,2022,Marine LE PEN,Marine LE PEN,True
5989,2022,Marine LE PEN,Marine LE PEN,True
5990,2022,Emmanuel MACRON,Emmanuel MACRON,True
5991,2022,Marine LE PEN,Marine LE PEN,True
5992,2022,Marine LE PEN,Marine LE PEN,True
5993,2022,Marine LE PEN,Marine LE PEN,True
5994,2022,Marine LE PEN,Marine LE PEN,True
5995,2022,Marine LE PEN,Marine LE PEN,True
5996,2022,Emmanuel MACRON,Emmanuel MACRON,True
5998,2022,Marine LE PEN,Marine LE PEN,True
5999,2022,Marine LE PEN,Marine LE PEN,True
6000,2022,Jean-Luc MÉLENCHON,Emmanuel MACRON,False
6001,2022,Emmanuel MACRON,Emmanuel MACRON,True
6002,2022,Emmanuel MACRON,Jean-Luc MÉLENCHON,False
6003,2022,Marine LE PEN,Marine LE PEN,True
6004,2022,Marine LE PEN,Marine LE PEN,True
6005,2022,Emmanuel MACRON,Emmanuel MACRON,True
6006,2022,Marine LE PEN,Marine LE PEN,True
6007,2022,Marine LE PEN,Marine LE PEN,True
6008,2022,Marine LE PEN,Marine LE PEN,True
6009,2022,Emmanuel MACRON,Emmanuel MACRON,True
6010,2022,Marine LE PEN,Marine LE PEN,True
6011,2022,Emmanuel MACRON,Emmanuel MACRON,True
6012,2022,Marine LE PEN,Marine LE PEN,True
6013,2022,Emmanuel MACRON,Emmanuel MACRON,True
6014,2022,Emmanuel MACRON,Emmanuel MACRON,True
6015,2022,Emmanuel MACRON,Emmanuel MACRON,True
6016,2022,Marine LE PEN,Marine LE PEN,True
6017,2022,Emmanuel MACRON,Emmanuel MACRON,True
6018,2022,Emmanuel MACRON,Emmanuel MACRON,True
6019,2022,Emmanuel MACRON,Emmanuel MACRON,True
6020,2022,Jean-Luc MÉLENCHON,Jean-Luc MÉLENCHON,True
6021,2022,Marine LE PEN,Marine LE PEN,True
6022,2022,Emmanuel MACRON,Emmanuel MACRON,True
6023,2022,Emmanuel MACRON,Emmanuel MACRON,True
6024,2022,Marine LE PEN,Marine LE PEN,True
6025,2022,Marine LE PEN,Marine LE PEN,True
6026,2022,Marine LE PEN,Marine LE PEN,True
6027,2022,Marine LE PEN,Marine LE PEN,True
6028,2022,Marine LE PEN,Marine LE PEN,True
6029,2022,Marine LE PEN,Marine LE PEN,True
6030,2022,Emmanuel MACRON,Emmanuel MACRON,True
6031,2022,Emmanuel MACRON,Emmanuel MACRON,True
6032,2022,Emmanuel MACRON,Emmanuel MACRON,True
6033,2022,Marine LE PEN,Marine LE PEN,True
6034,2022,Marine LE PEN,Marine LE PEN,True
6035,2022,Marine LE PEN,Marine LE PEN,True
6036,2022,Emmanuel MACRON,François FILLON,False
6037,2022,Emmanuel MACRON,Emmanuel MACRON,True
6038,2022,Marine LE PEN,Marine LE PEN,True
6039,2022,Emmanuel MACRON,Emmanuel MACRON,True
6040,2022,Emmanuel MACRON,François FILLON,False
6041,2022,Marine LE PEN,Marine LE PEN,True
6042,2022,Marine LE PEN,Marine LE PEN,True
6043,2022,Emmanuel MACRON,Jean-Luc MÉLENCHON,False
6044,2022,Marine LE PEN,Marine LE PEN,True
6045,2022,Marine LE PEN,Marine LE PEN,True
6046,2022,Emmanuel MACRON,Emmanuel MACRON,True
6047,2022,Marine LE PEN,Marine LE PEN,True
6048,2022,Emmanuel MACRON,Emmanuel MACRON,True
6049,2022,Marine LE PEN,Marine LE PEN,True
6050,2022,Marine LE PEN,Marine LE PEN,True
6051,2022,Marine LE PEN,Marine LE PEN,True
6052,2022,Marine LE PEN,Marine LE PEN,True
6053,2022,Marine LE PEN,Marine LE PEN,True
6054,2022,Marine LE PEN,Marine LE PEN,True
6055,2022,Emmanuel MACRON,Emmanuel MACRON,True
6056,2022,Marine LE PEN,Marine LE PEN,True
6057,2022,Marine LE PEN,Marine LE PEN,True
6058,2022,Marine LE PEN,Marine LE PEN,True
6059,2022,Marine LE PEN,Marine LE PEN,True
6060,2022,Marine LE PEN,Marine LE PEN,True
6061,2022,Marine LE PEN,Marine LE PEN,True
6062,2022,Marine LE PEN,Marine LE PEN,True
6063,2022,Emmanuel MACRON,Emmanuel MACRON,True
6064,2022,Emmanuel MACRON,Emmanuel MACRON,True
6065,2022,Emmanuel MACRON,Emmanuel MACRON,True
6066,2022,Emmanuel MACRON,François FILLON,False
6067,2022,Marine LE PEN,Marine LE PEN,True
6068,2022,Emmanuel MACRON,Emmanuel MACRON,True
6069,2022,Marine LE PEN,Marine LE PEN,True
6070,2022,Emmanuel MACRON,Emmanuel MACRON,True
6071,2022,Marine LE PEN,Marine LE PEN,True
6072,2022,Marine LE PEN,Marine LE PEN,True
6073,2022,Emmanuel MACRON,Jean-Luc MÉLENCHON,False
6074,2022,Emmanuel MACRON,Emmanuel MACRON,True
6075,2022,Emmanuel MACRON,François FILLON,False
6076,2022,Marine LE PEN,Marine LE PEN,True
6077,2022,Marine LE PEN,Marine LE PEN,True
6078,2022,Marine LE PEN,Marine LE PEN,True
6079,2022,Marine LE PEN,Marine LE PEN,True
6080,2022,Marine LE PEN,Marine LE PEN,True
6081,2022,Marine LE PEN,Marine LE PEN,True
6082,2022,Marine LE PEN,Marine LE PEN,True
6083,2022,Marine LE PEN,Marine LE PEN,True
6084,2022,Marine LE PEN,Marine LE PEN,True
6085,2022,Marine LE PEN,Marine LE PEN,True
6086,2022,Emmanuel MACRON,Emmanuel MACRON,True
6087,2022,Emmanuel MACRON,Emmanuel MACRON,True
6088,2022,Marine LE PEN,Marine LE PEN,True
6089,2022,Marine LE PEN,Marine LE PEN,True
6090,2022,Marine LE PEN,Marine LE PEN,True
6091,2022,Emmanuel MACRON,Emmanuel MACRON,True
6092,2022,Marine LE PEN,Marine LE PEN,True
6093,2022,Marine LE PEN,Marine LE PEN,True
6094,2022,Emmanuel MACRON,Jean-Luc MÉLENCHON,False
6095,2022,Marine LE PEN,Marine LE PEN,True
6096,2022,Marine LE PEN,Marine LE PEN,True
6097,2022,Marine LE PEN,Marine LE PEN,True
6098,2022,Marine LE PEN,Marine LE PEN,True
6099,2022,Marine LE PEN,Marine LE PEN,True
6100,2022,Marine LE PEN,Marine LE PEN,True
6101,2022,Emmanuel MACRON,François FILLON,False
6102,2022,Emmanuel MACRON,François FILLON,False
6103,2022,Emmanuel MACRON,François FILLON,False
6104,2022,Emmanuel MACRON,François FILLON,False
6105,2022,Marine LE PEN,Marine LE PEN,True
6106,2022,Marine LE PEN,Marine LE PEN,True
6107,2022,Marine LE PEN,Marine LE PEN,True
6108,2022,Marine LE PEN,Marine LE PEN,True
6109,2022,Marine LE PEN,Marine LE PEN,True
6110,2022,Marine LE PEN,Marine LE PEN,True
6111,2022,Emmanuel MACRON,Emmanuel MACRON,True
6112,2022,Marine LE PEN,Marine LE PEN,True
6113,2022,Marine LE PEN,Marine LE PEN,True
6114,2022,Marine LE PEN,Marine LE PEN,True
6115,2022,Emmanuel MACRON,François FILLON,False
6116,2022,Marine LE PEN,Marine LE PEN,True
6117,2022,Marine LE PEN,Marine LE PEN,True
6118,2022,Marine LE PEN,Marine LE PEN,True
6119,2022,Marine LE PEN,Marine LE PEN,True
6120,2022,Emmanuel MACRON,Emmanuel MACRON,True
6121,2022,Emmanuel MACRON,François FILLON,False
6122,2022,Marine LE PEN,Marine LE PEN,True
6123,2022,Emmanuel MACRON,Emmanuel MACRON,True
6124,2022,Emmanuel MACRON,François FILLON,False
6125,2022,Marine LE PEN,Marine LE PEN,True
6126,2022,Emmanuel MACRON,François FILLON,False
6127,2022,Marine LE PEN,Marine LE PEN,True
6128,2022,Emmanuel MACRON,François FILLON,False
6129,2022,Marine LE PEN,Marine LE PEN,True
6130,2022,Marine LE PEN,Marine LE PEN,True
6131,2022,Marine LE PEN,Marine LE PEN,True
6132,2022,Marine LE PEN,Marine LE PEN,True
6133,2022,Marine LE PEN,Marine LE PEN,True
6134,2022,Marine LE PEN,Marine LE PEN,True
6135,2022,Marine LE PEN,Marine LE PEN,True
6136,2022,Marine LE PEN,Marine LE PEN,True
6137,2022,Marine LE PEN,Marine LE PEN,True
6138,2022,Emmanuel MACRON,François FILLON,False
6139,2022,Marine LE PEN,Marine LE PEN,True
6140,2022,Marine LE PEN,Marine LE PEN,True
6141,2022,Marine LE PEN,Marine LE PEN,True
6142,2022,Marine LE PEN,Marine LE PEN,True
6143,2022,Marine LE PEN,Marine LE PEN,True
6144,2022,Emmanuel MACRON,François FILLON,False
6145,2022,Marine LE PEN,Marine LE PEN,True
6146,2022,Marine LE PEN,Marine LE PEN,True
6147,2022,Marine LE PEN,Marine LE PEN,True
6148,2022,Marine LE PEN,Marine LE PEN,True
6149,2022,Marine LE PEN,Marine LE PEN,True
6150,2022,Marine LE PEN,Marine LE PEN,True
6151,2022,Marine LE PEN,Marine LE PEN,True
6152,2022,Marine LE PEN,Marine LE PEN,True
6153,2022,Marine LE PEN,Marine LE PEN,True
6154,2022,Marine LE PEN,Marine LE PEN,True
6155,2022,Emmanuel MACRON,Emmanuel MACRON,True
6156,2022,Emmanuel MACRON,François FILLON,False
6157,2022,Emmanuel MACRON,François FILLON,False
6158,2022,Emmanuel MACRON,Emmanuel MACRON,True
6159,2022,Marine LE PEN,Marine LE PEN,True
6160,2022,Emmanuel MACRON,François FILLON,False
6161,2022,Emmanuel MACRON,François FILLON,False
6162,2022,Marine LE PEN,Marine LE PEN,True
6163,2022,Marine LE PEN,Marine LE PEN,True
6164,2022,Marine LE PEN,Marine LE PEN,True
6165,2022,Marine LE PEN,Marine LE PEN,True
6166,2022,Emmanuel MACRON,François FILLON,False
6167,2022,Marine LE PEN,Marine LE PEN,True
6168,2022,Marine LE PEN,Marine LE PEN,True
6169,2022,Marine LE PEN,Marine LE PEN,True
6170,2022,Marine LE PEN,Marine LE PEN,True
6171,2022,Marine LE PEN,Marine LE PEN,True
6172,2022,Marine LE PEN,Marine LE PEN,True
6173,2022,Marine LE PEN,Marine LE PEN,True
6174,2022,Marine LE PEN,Marine LE PEN,True
6175,2022,Marine LE PEN,Marine LE PEN,True
6176,2022,Marine LE PEN,Marine LE PEN,True
6177,2022,Marine LE PEN,Marine LE PEN,True
6178,2022,Marine LE PEN,Marine LE PEN,True
6179,2022,Marine LE PEN,Marine LE PEN,True
6180,2022,Emmanuel MACRON,François FILLON,False
6181,2022,Marine LE PEN,Marine LE PEN,True
6182,2022,Marine LE PEN,Marine LE PEN,True
6183,2022,Marine LE PEN,Marine LE PEN,True
6184,2022,Emmanuel MACRON,Emmanuel MACRON,True
6185,2022,Emmanuel MACRON,François FILLON,False
6186,2022,Marine LE PEN,Marine LE PEN,True
6187,2022,Marine LE PEN,Marine LE PEN,True
6188,2022,Marine LE PEN,Marine LE PEN,True
6189,2022,Marine LE PEN,Marine LE PEN,True
6190,2022,Marine LE PEN,Marine LE PEN,True
6191,2022,Marine LE PEN,Marine LE PEN,True
6192,2022,Marine LE PEN,Marine LE PEN,True
6193,2022,Marine LE PEN,Marine LE PEN,True
6194,2022,Emmanuel MACRON,François FILLON,False
6195,2022,Marine LE PEN,Marine LE PEN,True
6196,2022,Marine LE PEN,Marine LE PEN,True
6197,2022,Marine LE PEN,Marine LE PEN,True
6198,2022,Jean-Luc MÉLENCHON,François FILLON,False
6199,2022,Marine LE PEN,Marine LE PEN,True
6200,2022,Emmanuel MACRON,François FILLON,False
6201,2022,Marine LE PEN,Marine LE PEN,True
6202,2022,Marine LE PEN,Marine LE PEN,True
6203,2022,Marine LE PEN,Marine LE PEN,True
6204,2022,Marine LE PEN,Marine LE PEN,True
6205,2022,Marine LE PEN,Marine LE PEN,True
6206,2022,Emmanuel MACRON,François FILLON,False
6207,2022,Marine LE PEN,Marine LE PEN,True
6208,2022,Emmanuel MACRON,François FILLON,False
6209,2022,Marine LE PEN,Marine LE PEN,True
6211,2022,Marine LE PEN,Marine LE PEN,True
6212,2022,Marine LE PEN,Marine LE PEN,True
6213,2022,Emmanuel MACRON,François FILLON,False
6214,2022,Marine LE PEN,Marine LE PEN,True
6215,2022,Marine LE PEN,Marine LE PEN,True
6216,2022,Emmanuel MACRON,François FILLON,False
6217,2022,Marine LE PEN,Marine LE PEN,True
6218,2022,Emmanuel MACRON,François FILLON,False
6219,2022,Marine LE PEN,Marine LE PEN,True
6220,2022,Marine LE PEN,Marine LE PEN,True
6221,2022,Marine LE PEN,Marine LE PEN,True
6222,2022,Marine LE PEN,Marine LE PEN,True
6223,2022,Marine LE PEN,Marine LE PEN,True
6224,2022,Marine LE PEN,Marine LE PEN,True
6225,2022,Marine LE PEN,Marine LE PEN,True
6226,2022,Marine LE PEN,Marine LE PEN,True
6227,2022,Marine LE PEN,Marine LE PEN,True
6228,2022,Marine LE PEN,Marine LE PEN,True
6229,2022,Marine LE PEN,Marine LE PEN,True
6230,2022,Marine LE PEN,Marine LE PEN,True
6231,2022,Emmanuel MACRON,François FILLON,False
6232,2022,Emmanuel MACRON,Emmanuel MACRON,True
6233,2022,Emmanuel MACRON,François FILLON,False
6234,2022,Marine LE PEN,Marine LE PEN,True
6235,2022,Marine LE PEN,Marine LE PEN,True
6236,2022,Emmanuel MACRON,François FILLON,False
6237,2022,Marine LE PEN,Marine LE PEN,True
6238,2022,Marine LE PEN,Marine LE PEN,True
6239,2022,Marine LE PEN,Marine LE PEN,True
6240,2022,Marine LE PEN,Marine LE PEN,True
6241,2022,Marine LE PEN,Marine LE PEN,True
6242,2022,Marine LE PEN,Marine LE PEN,True
6243,2022,Emmanuel MACRON,François FILLON,False
6244,2022,Marine LE PEN,Marine LE PEN,True
6245,2022,Marine LE PEN,Marine LE PEN,True
6246,2022,Marine LE PEN,Marine LE PEN,True
6247,2022,Marine LE PEN,Marine LE PEN,True
6248,2022,Marine LE PEN,Marine LE PEN,True
6249,2022,Jean-Luc MÉLENCHON,François FILLON,False
6250,2022,Emmanuel MACRON,François FILLON,False
6251,2022,Emmanuel MACRON,François FILLON,False
6252,2022,Marine LE PEN,Marine LE PEN,True
6253,2022,Marine LE PEN,Marine LE PEN,True
6254,2022,Marine LE PEN,Marine LE PEN,True
6255,2022,Emmanuel MACRON,François FILLON,False
6256,2022,Marine LE PEN,Marine LE PEN,True
6257,2022,Marine LE PEN,Marine LE PEN,True
6258,2022,Marine LE PEN,Marine LE PEN,True
6259,2022,Marine LE PEN,Marine LE PEN,True
6260,2022,Marine LE PEN,Marine LE PEN,True
6261,2022,Emmanuel MACRON,François FILLON,False
6262,2022,Marine LE PEN,Marine LE PEN,True
6263,2022,Marine LE PEN,Marine LE PEN,True
6264,2022,Marine LE PEN,Marine LE PEN,True
6265,2022,Marine LE PEN,Marine LE PEN,True
6266,2022,Emmanuel MACRON,François FILLON,False
6267,2022,Emmanuel MACRON,Emmanuel MACRON,True
6268,2022,Emmanuel MACRON,François FILLON,False
6269,2022,Marine LE PEN,Marine LE PEN,True
6270,2022,Marine LE PEN,Marine LE PEN,True
6271,2022,Marine LE PEN,Marine LE PEN,True
6272,2022,Marine LE PEN,Marine LE PEN,True
6273,2022,Emmanuel MACRON,François FILLON,False
6274,2022,Marine LE PEN,Marine LE PEN,True
6275,2022,Marine LE PEN,Marine LE PEN,True
6276,2022,Emmanuel MACRON,François FILLON,False
6277,2022,Marine LE PEN,Marine LE PEN,True
6278,2022,Marine LE PEN,Marine LE PEN,True
6279,2022,Marine LE PEN,Marine LE PEN,True
6280,2022,Emmanuel MACRON,François FILLON,False
6281,2022,Marine LE PEN,Marine LE PEN,True
6282,2022,Marine LE PEN,Marine LE PEN,True
6283,2022,Marine LE PEN,Marine LE PEN,True
6284,2022,Emmanuel MACRON,Emmanuel MACRON,True
6285,2022,Marine LE PEN,Marine LE PEN,True
6286,2022,Marine LE PEN,Marine LE PEN,True
6287,2022,Marine LE PEN,Marine LE PEN,True
6288,2022,Marine LE PEN,Marine LE PEN,True
6289,2022,Emmanuel MACRON,Emmanuel MACRON,True
6290,2022,Marine LE PEN,Marine LE PEN,True
6291,2022,Marine LE PEN,Marine LE PEN,True
6292,2022,Emmanuel MACRON,Emmanuel MACRON,True
6293,2022,Emmanuel MACRON,François FILLON,False
6294,2022,Emmanuel MACRON,François FILLON,False
6295,2022,Emmanuel MACRON,François FILLON,False
6296,2022,Marine LE PEN,Marine LE PEN,True
6297,2022,Marine LE PEN,Marine LE PEN,True
6298,2022,Marine LE PEN,Marine LE PEN,True
6299,2022,Emmanuel MACRON,François FILLON,False
6300,2022,Emmanuel MACRON,Emmanuel MACRON,True
6301,2022,Marine LE PEN,Marine LE PEN,True
6302,2022,Marine LE PEN,Marine LE PEN,True
6303,2022,Marine LE PEN,Marine LE PEN,True
6304,2022,Marine LE PEN,Marine LE PEN,True
6305,2022,Emmanuel MACRON,Emmanuel MACRON,True
6306,2022,Jean-Luc MÉLENCHON,François FILLON,False
6307,2022,Marine LE PEN,Marine LE PEN,True
6308,2022,Marine LE PEN,Marine LE PEN,True
6310,2022,Emmanuel MACRON,Emmanuel MACRON,True
6311,2022,Marine LE PEN,Marine LE PEN,True
6312,2022,Marine LE PEN,Marine LE PEN,True
6313,2022,Emmanuel MACRON,Emmanuel MACRON,True
6314,2022,Marine LE PEN,Marine LE PEN,True
6315,2022,Emmanuel MACRON,François FILLON,False
6316,2022,Marine LE PEN,Marine LE PEN,True
6317,2022,Marine LE PEN,Marine LE PEN,True
6318,2022,Marine LE PEN,Marine LE PEN,True
6319,2022,Marine LE PEN,Marine LE PEN,True
6320,2022,Emmanuel MACRON,François FILLON,False
6321,2022,Marine LE PEN,Marine LE PEN,True
6322,2022,Marine LE PEN,Marine LE PEN,True
6323,2022,Marine LE PEN,Marine LE PEN,True
6324,2022,Emmanuel MACRON,Emmanuel MACRON,True
6325,2022,Marine LE PEN,Marine LE PEN,True
6327,2022,Marine LE PEN,Marine LE PEN,True
6328,2022,Emmanuel MACRON,François FILLON,False
6329,2022,Marine LE PEN,Marine LE PEN,True
6330,2022,Marine LE PEN,Marine LE PEN,True
6331,2022,Marine LE PEN,Marine LE PEN,True
6332,2022,Marine LE PEN,Marine LE PEN,True
6333,2022,Marine LE PEN,Marine LE PEN,True
6334,2022,Marine LE PEN,Marine LE PEN,True
6335,2022,Marine LE PEN,Marine LE PEN,True
6336,2022,Marine LE PEN,Marine LE PEN,True
6337,2022,Marine LE PEN,Marine LE PEN,True
6338,2022,Emmanuel MACRON,François FILLON,False
6339,2022,Marine LE PEN,Marine LE PEN,True
6340,2022,Emmanuel MACRON,François FILLON,False
6341,2022,Marine LE PEN,Marine LE PEN,True
6342,2022,Emmanuel MACRON,Emmanuel MACRON,True
6343,2022,Marine LE PEN,Marine LE PEN,True
6344,2022,Marine LE PEN,Marine LE PEN,True
6345,2022,Emmanuel MACRON,François FILLON,False
6346,2022,Marine LE PEN,Marine LE PEN,True
6347,2022,Marine LE PEN,Marine LE PEN,True
6348,2022,Marine LE PEN,Marine LE PEN,True
6349,2022,Marine LE PEN,Marine LE PEN,True
6350,2022,Marine LE PEN,Marine LE PEN,True
6351,2022,Marine LE PEN,Marine LE PEN,True
6352,2022,Marine LE PEN,Marine LE PEN,True
6353,2022,Emmanuel MACRON,François FILLON,False
6354,2022,Emmanuel MACRON,Emmanuel MACRON,True
6355,2022,Marine LE PEN,Marine LE PEN,True
6356,2022,Marine LE PEN,Marine LE PEN,True
6357,2022,Marine LE PEN,Marine LE PEN,True
6358,2022,Emmanuel MACRON,Emmanuel MACRON,True
6359,2022,Emmanuel MACRON,François FILLON,False
6360,2022,Marine LE PEN,Marine LE PEN,True
6361,2022,Emmanuel MACRON,François FILLON,False
6362,2022,Marine LE PEN,Marine LE PEN,True
6363,2022,Marine LE PEN,Marine LE PEN,True
6364,2022,Emmanuel MACRON,Emmanuel MACRON,True
6365,2022,Marine LE PEN,Marine LE PEN,True
6366,2022,Marine LE PEN,Marine LE PEN,True
6367,2022,Emmanuel MACRON,François FILLON,False
6368,2022,Marine LE PEN,Marine LE PEN,True
6369,2022,Marine LE PEN,Marine LE PEN,True
6370,2022,Emmanuel MACRON,François FILLON,False
6371,2022,Emmanuel MACRON,François FILLON,False
6372,2022,Emmanuel MACRON,François FILLON,False
6373,2022,Marine LE PEN,Marine LE PEN,True
6374,2022,Marine LE PEN,Marine LE PEN,True
6375,2022,Marine LE PEN,Marine LE PEN,True
6376,2022,Marine LE PEN,Marine LE PEN,True
6377,2022,Emmanuel MACRON,François FILLON,False
6378,2022,Marine LE PEN,Marine LE PEN,True
6379,2022,Marine LE PEN,Marine LE PEN,True
6380,2022,Emmanuel MACRON,Emmanuel MACRON,True
6381,2022,Marine LE PEN,Marine LE PEN,True
6382,2022,Marine LE PEN,Marine LE PEN,True
6383,2022,Emmanuel MACRON,Emmanuel MACRON,True
6384,2022,Emmanuel MACRON,Emmanuel MACRON,True
6385,2022,Emmanuel MACRON,Emmanuel MACRON,True
6386,2022,Marine LE PEN,Marine LE PEN,True
6387,2022,Jean-Luc MÉLENCHON,Emmanuel MACRON,False
6388,2022,Emmanuel MACRON,Emmanuel MACRON,True
6389,2022,Jean LASSALLE,François FILLON,False
6390,2022,Emmanuel MACRON,Emmanuel MACRON,True
6391,2022,Emmanuel MACRON,Emmanuel MACRON,True
6392,2022,Marine LE PEN,Marine LE PEN,True
6393,2022,Jean-Luc MÉLENCHON,François FILLON,False
6394,2022,Jean-Luc MÉLENCHON,Emmanuel MACRON,False
6395,2022,Emmanuel MACRON,Emmanuel MACRON,True
6396,2022,Emmanuel MACRON,Emmanuel MACRON,True
6397,2022,Jean-Luc MÉLENCHON,Emmanuel MACRON,False
6398,2022,Jean-Luc MÉLENCHON,Emmanuel MACRON,False
6399,2022,Emmanuel MACRON,François FILLON,False
6400,2022,Marine LE PEN,Marine LE PEN,True
6401,2022,Emmanuel MACRON,François FILLON,False
6402,2022,Marine LE PEN,Marine LE PEN,True
6403,2022,Jean-Luc MÉLENCHON,Emmanuel MACRON,False
6404,2022,Emmanuel MACRON,François FILLON,False
6405,2022,Marine LE PEN,Marine LE PEN,True
6406,2022,Jean-Luc MÉLENCHON,Emmanuel MACRON,False
6407,2022,Marine LE PEN,Marine LE PEN,True
6408,2022,Emmanuel MACRON,Emmanuel MACRON,True
6410,2022,Emmanuel MACRON,Emmanuel MACRON,True
6411,2022,Jean-Luc MÉLENCHON,François FILLON,False
6412,2022,Marine LE PEN,Marine LE PEN,True
6413,2022,Marine LE PEN,Marine LE PEN,True
6414,2022,Marine LE PEN,Marine LE PEN,True
6415,2022,Emmanuel MACRON,Emmanuel MACRON,True
6416,2022,Marine LE PEN,Marine LE PEN,True
6417,2022,Jean-Luc MÉLENCHON,Emmanuel MACRON,False
6418,2022,Marine LE PEN,Marine LE PEN,True
6419,2022,Jean-Luc MÉLENCHON,Emmanuel MACRON,False
6420,2022,Jean-Luc MÉLENCHON,Emmanuel MACRON,False
6421,2022,Emmanuel MACRON,Emmanuel MACRON,True
6422,2022,Marine LE PEN,Marine LE PEN,True
6423,2022,Marine LE PEN,Marine LE PEN,True
6424,2022,Jean-Luc MÉLENCHON,Emmanuel MACRON,False
6425,2022,Jean-Luc MÉLENCHON,Emmanuel MACRON,False
6426,2022,Marine LE PEN,Marine LE PEN,True
6427,2022,Marine LE PEN,Marine LE PEN,True
6428,2022,Jean-Luc MÉLENCHON,Emmanuel MACRON,False
6429,2022,Emmanuel MACRON,Emmanuel MACRON,True
6430,2022,Emmanuel MACRON,François FILLON,False
6431,2022,Emmanuel MACRON,Emmanuel MACRON,True
6432,2022,Marine LE PEN,Marine LE PEN,True
6433,2022,Marine LE PEN,Marine LE PEN,True
6434,2022,Jean-Luc MÉLENCHON,Emmanuel MACRON,False
6436,2022,Marine LE PEN,Marine LE PEN,True
6437,2022,Marine LE PEN,Marine LE PEN,True
6438,2022,Jean-Luc MÉLENCHON,Emmanuel MACRON,False
6439,2022,Emmanuel MACRON,Emmanuel MACRON,True
6440,2022,Emmanuel MACRON,Emmanuel MACRON,True
6441,2022,Marine LE PEN,Marine LE PEN,True
6442,2022,Emmanuel MACRON,Emmanuel MACRON,True
6443,2022,Marine LE PEN,Marine LE PEN,True
6444,2022,Emmanuel MACRON,François FILLON,False
6445,2022,Marine LE PEN,Marine LE PEN,True
6446,2022,Emmanuel MACRON,Emmanuel MACRON,True
6447,2022,Marine LE PEN,Marine LE PEN,True
6448,2022,Jean-Luc MÉLENCHON,Emmanuel MACRON,False
6449,2022,Emmanuel MACRON,Emmanuel MACRON,True
6450,2022,Emmanuel MACRON,Emmanuel MACRON,True
6451,2022,Jean-Luc MÉLENCHON,Emmanuel MACRON,False
6452,2022,Jean-Luc MÉLENCHON,Emmanuel MACRON,False
6453,2022,Marine LE PEN,Marine LE PEN,True
6454,2022,Emmanuel MACRON,Jean-Luc MÉLENCHON,False
6455,2022,Marine LE PEN,Marine LE PEN,True
6456,2022,Marine LE PEN,Marine LE PEN,True
6457,2022,Emmanuel MACRON,Emmanuel MACRON,True
6458,2022,Marine LE PEN,Marine LE PEN,True
6459,2022,Jean-Luc MÉLENCHON,Emmanuel MACRON,False
6460,2022,Marine LE PEN,Marine LE PEN,True
6461,2022,Marine LE PEN,Marine LE PEN,True
6462,2022,Emmanuel MACRON,Emmanuel MACRON,True
6463,2022,Emmanuel MACRON,François FILLON,False
6464,2022,Jean-Luc MÉLENCHON,Emmanuel MACRON,False
6466,2022,Jean-Luc MÉLENCHON,Emmanuel MACRON,False
6467,2022,Emmanuel MACRON,Jean-Luc MÉLENCHON,False
6468,2022,Marine LE PEN,Marine LE PEN,True
6470,2022,Marine LE PEN,Marine LE PEN,True
6471,2022,Emmanuel MACRON,Emmanuel MACRON,True
6472,2022,Emmanuel MACRON,François FILLON,False
6473,2022,Emmanuel MACRON,François FILLON,False
6474,2022,Marine LE PEN,Marine LE PEN,True
6475,2022,Jean-Luc MÉLENCHON,Emmanuel MACRON,False
6476,2022,Marine LE PEN,Marine LE PEN,True
6477,2022,Jean-Luc MÉLENCHON,Emmanuel MACRON,False
6478,2022,Jean-Luc MÉLENCHON,Emmanuel MACRON,False
6479,2022,Jean-Luc MÉLENCHON,François FILLON,False
6480,2022,Emmanuel MACRON,Emmanuel MACRON,True
6481,2022,Marine LE PEN,Marine LE PEN,True
6482,2022,Marine LE PEN,Marine LE PEN,True
6483,2022,Emmanuel MACRON,François FILLON,False
6484,2022,Marine LE PEN,Marine LE PEN,True
6485,2022,Marine LE PEN,Marine LE PEN,True
6486,2022,Marine LE PEN,Marine LE PEN,True
6487,2022,Jean-Luc MÉLENCHON,Emmanuel MACRON,False
6488,2022,Jean-Luc MÉLENCHON,Emmanuel MACRON,False
6489,2022,Marine LE PEN,Marine LE PEN,True
6490,2022,Marine LE PEN,Marine LE PEN,True
6491,2022,Emmanuel MACRON,François FILLON,False
6492,2022,Emmanuel MACRON,François FILLON,False
6493,2022,Jean-Luc MÉLENCHON,Emmanuel MACRON,False
6494,2022,Emmanuel MACRON,Emmanuel MACRON,True
6495,2022,Emmanuel MACRON,Emmanuel MACRON,True
6496,2022,Jean-Luc MÉLENCHON,François FILLON,False
6497,2022,Marine LE PEN,Marine LE PEN,True
6498,2022,Marine LE PEN,Marine LE PEN,True
6499,2022,Jean-Luc MÉLENCHON,Emmanuel MACRON,False
6500,2022,Emmanuel MACRON,Emmanuel MACRON,True
6501,2022,Marine LE PEN,Marine LE PEN,True
6502,2022,Marine LE PEN,Marine LE PEN,True
6503,2022,Jean-Luc MÉLENCHON,Emmanuel MACRON,False
6505,2022,Marine LE PEN,Marine LE PEN,True
6506,2022,Marine LE PEN,Marine LE PEN,True
6507,2022,Emmanuel MACRON,Emmanuel MACRON,True
6508,2022,Marine LE PEN,Marine LE PEN,True
6509,2022,Jean-Luc MÉLENCHON,Emmanuel MACRON,False
6510,2022,Emmanuel MACRON,François FILLON,False
6511,2022,Marine LE PEN,Marine LE PEN,True
6512,2022,Emmanuel MACRON,Emmanuel MACRON,True
6513,2022,Emmanuel MACRON,Emmanuel MACRON,True
6514,2022,Jean-Luc MÉLENCHON,Emmanuel MACRON,False
6515,2022,Emmanuel MACRON,Emmanuel MACRON,True
6516,2022,Marine LE PEN,Marine LE PEN,True
6517,2022,Emmanuel MACRON,Emmanuel MACRON,True
6518,2022,Marine LE PEN,Marine LE PEN,True
6519,2022,Emmanuel MACRON,Emmanuel MACRON,True
6520,2022,Emmanuel MACRON,Emmanuel MACRON,True
6521,2022,Emmanuel MACRON,François FILLON,False
6522,2022,Marine LE PEN,Marine LE PEN,True
6523,2022,Emmanuel MACRON,Emmanuel MACRON,True
6524,2022,Emmanuel MACRON,Emmanuel MACRON,True
6525,2022,Jean-Luc MÉLENCHON,Emmanuel MACRON,False
6526,2022,Jean-Luc MÉLENCHON,Emmanuel MACRON,False
6527,2022,Marine LE PEN,Marine LE PEN,True
6528,2022,Marine LE PEN,Marine LE PEN,True
6529,2022,Jean-Luc MÉLENCHON,François FILLON,False
6530,2022,Marine LE PEN,Marine LE PEN,True
6531,2022,Emmanuel MACRON,Emmanuel MACRON,True
6532,2022,Jean-Luc MÉLENCHON,François FILLON,False
6533,2022,Marine LE PEN,Marine LE PEN,True
6534,2022,Marine LE PEN,Marine LE PEN,True
6535,2022,Jean-Luc MÉLENCHON,François FILLON,False
6536,2022,Emmanuel MACRON,Jean-Luc MÉLENCHON,False
6537,2022,Jean-Luc MÉLENCHON,Emmanuel MACRON,False
6538,2022,Emmanuel MACRON,Emmanuel MACRON,True
6539,2022,Emmanuel MACRON,Emmanuel MACRON,True
6540,2022,Marine LE PEN,Marine LE PEN,True
6541,2022,Jean-Luc MÉLENCHON,François FILLON,False
6542,2022,Emmanuel MACRON,Emmanuel MACRON,True
6543,2022,Jean-Luc MÉLENCHON,Emmanuel MACRON,False
6544,2022,Marine LE PEN,Marine LE PEN,True
6545,2022,Jean-Luc MÉLENCHON,Emmanuel MACRON,False
6546,2022,Jean-Luc MÉLENCHON,Emmanuel MACRON,False
6547,2022,Emmanuel MACRON,François FILLON,False
6548,2022,Jean-Luc MÉLENCHON,Emmanuel MACRON,False
6549,2022,Emmanuel MACRON,Jean-Luc MÉLENCHON,False
6550,2022,Emmanuel MACRON,Emmanuel MACRON,True
6551,2022,Emmanuel MACRON,Emmanuel MACRON,True
6552,2022,Emmanuel MACRON,Emmanuel MACRON,True
6553,2022,Emmanuel MACRON,Emmanuel MACRON,True
6554,2022,Marine LE PEN,Marine LE PEN,True
6555,2022,Marine LE PEN,Marine LE PEN,True
6556,2022,Emmanuel MACRON,Emmanuel MACRON,True
6557,2022,Marine LE PEN,Marine LE PEN,True
6558,2022,Marine LE PEN,Marine LE PEN,True
6559,2022,Marine LE PEN,Marine LE PEN,True
6560,2022,Jean-Luc MÉLENCHON,Jean-Luc MÉLENCHON,True
6562,2022,Jean-Luc MÉLENCHON,François FILLON,False
6563,2022,Marine LE PEN,Marine LE PEN,True
6564,2022,Marine LE PEN,Marine LE PEN,True
6565,2022,Emmanuel MACRON,Emmanuel MACRON,True
6566,2022,Emmanuel MACRON,Emmanuel MACRON,True
6567,2022,Emmanuel MACRON,Emmanuel MACRON,True
6568,2022,Jean-Luc MÉLENCHON,Emmanuel MACRON,False
6569,2022,Marine LE PEN,Marine LE PEN,True
6570,2022,Jean-Luc MÉLENCHON,Emmanuel MACRON,False
6571,2022,Marine LE PEN,Marine LE PEN,True
6572,2022,Marine LE PEN,Marine LE PEN,True
6573,2022,Marine LE PEN,Marine LE PEN,True
6574,2022,Jean-Luc MÉLENCHON,Emmanuel MACRON,False
6575,2022,Emmanuel MACRON,Emmanuel MACRON,True
6576,2022,Emmanuel MACRON,Emmanuel MACRON,True
6577,2022,Emmanuel MACRON,Emmanuel MACRON,True
6578,2022,Jean-Luc MÉLENCHON,Emmanuel MACRON,False
6579,2022,Marine LE PEN,Marine LE PEN,True
6580,2022,Marine LE PEN,Marine LE PEN,True
6581,2022,Jean-Luc MÉLENCHON,Emmanuel MACRON,False
6582,2022,Jean-Luc MÉLENCHON,Emmanuel MACRON,False
6583,2022,Marine LE PEN,Marine LE PEN,True
6584,2022,Emmanuel MACRON,Emmanuel MACRON,True
6585,2022,Jean-Luc MÉLENCHON,Emmanuel MACRON,False
6586,2022,Marine LE PEN,Marine LE PEN,True
6587,2022,Jean LASSALLE,François FILLON,False
6588,2022,Marine LE PEN,Marine LE PEN,True
6589,2022,Emmanuel MACRON,François FILLON,False
6590,2022,Marine LE PEN,Marine LE PEN,True
6591,2022,Marine LE PEN,Marine LE PEN,True
6592,2022,Emmanuel MACRON,Emmanuel MACRON,True
6593,2022,Marine LE PEN,Marine LE PEN,True
6594,2022,Marine LE PEN,Marine LE PEN,True
6595,2022,Jean-Luc MÉLENCHON,Emmanuel MACRON,False
6596,2022,Jean-Luc MÉLENCHON,François FILLON,False
6597,2022,Marine LE PEN,Marine LE PEN,True
6598,2022,Emmanuel MACRON,Emmanuel MACRON,True
6599,2022,Emmanuel MACRON,Emmanuel MACRON,True
6600,2022,Jean-Luc MÉLENCHON,Emmanuel MACRON,False
6601,2022,Jean-Luc MÉLENCHON,Emmanuel MACRON,False
6602,2022,Marine LE PEN,Marine LE PEN,True
6603,2022,Marine LE PEN,Marine LE PEN,True
6604,2022,Jean-Luc MÉLENCHON,Emmanuel MACRON,False
6605,2022,Marine LE PEN,Marine LE PEN,True
6606,2022,Marine LE PEN,Marine LE PEN,True
6607,2022,Marine LE PEN,Marine LE PEN,True
6608,2022,Jean-Luc MÉLENCHON,Emmanuel MACRON,False
6609,2022,Marine LE PEN,Marine LE PEN,True
6610,2022,Marine LE PEN,Marine LE PEN,True
6611,2022,Marine LE PEN,Marine LE PEN,True
6612,2022,Emmanuel MACRON,Emmanuel MACRON,True
6613,2022,Marine LE PEN,Marine LE PEN,True
6615,2022,Marine LE PEN,Marine LE PEN,True
6616,2022,Emmanuel MACRON,Emmanuel MACRON,True
6617,2022,Jean-Luc MÉLENCHON,Emmanuel MACRON,False
6618,2022,Jean-Luc MÉLENCHON,Emmanuel MACRON,False
6619,2022,Marine LE PEN,Marine LE PEN,True
6620,2022,Marine LE PEN,Marine LE PEN,True
6622,2022,Marine LE PEN,Marine LE PEN,True
6623,2022,Marine LE PEN,Marine LE PEN,True
6624,2022,Emmanuel MACRON,Emmanuel MACRON,True
6625,2022,Marine LE PEN,Marine LE PEN,True
6626,2022,Marine LE PEN,Marine LE PEN,True
6627,2022,Marine LE PEN,Marine LE PEN,True
6628,2022,Emmanuel MACRON,Emmanuel MACRON,True
6629,2022,Emmanuel MACRON,Emmanuel MACRON,True
6630,2022,Jean-Luc MÉLENCHON,François FILLON,False
6631,2022,Jean-Luc MÉLENCHON,Emmanuel MACRON,False
6632,2022,Marine LE PEN,Marine LE PEN,True
6633,2022,Jean-Luc MÉLENCHON,Emmanuel MACRON,False
6634,2022,Marine LE PEN,Marine LE PEN,True
6635,2022,Jean-Luc MÉLENCHON,Emmanuel MACRON,False
6636,2022,Marine LE PEN,Marine LE PEN,True
6637,2022,Marine LE PEN,Marine LE PEN,True
6638,2022,Jean-Luc MÉLENCHON,François FILLON,False
6639,2022,Emmanuel MACRON,Emmanuel MACRON,True
6641,2022,Emmanuel MACRON,Emmanuel MACRON,True
6642,2022,Marine LE PEN,Marine LE PEN,True
6643,2022,Jean-Luc MÉLENCHON,Emmanuel MACRON,False
6644,2022,Jean-Luc MÉLENCHON,Emmanuel MACRON,False
6645,2022,Emmanuel MACRON,Emmanuel MACRON,True
6646,2022,Emmanuel MACRON,Emmanuel MACRON,True
6647,2022,Emmanuel MACRON,Emmanuel MACRON,True
6648,2022,Emmanuel MACRON,Emmanuel MACRON,True
6649,2022,Marine LE PEN,Marine LE PEN,True
6650,2022,Marine LE PEN,Marine LE PEN,True
6651,2022,Marine LE PEN,Marine LE PEN,True
6652,2022,Marine LE PEN,Marine LE PEN,True
6653,2022,Jean-Luc MÉLENCHON,Emmanuel MACRON,False
6654,2022,Marine LE PEN,Marine LE PEN,True
6655,2022,Jean-Luc MÉLENCHON,Emmanuel MACRON,False
6656,2022,Marine LE PEN,Marine LE PEN,True
6657,2022,Marine LE PEN,Marine LE PEN,True
6658,2022,Marine LE PEN,Marine LE PEN,True
6659,2022,Marine LE PEN,Marine LE PEN,True
6660,2022,Marine LE PEN,Marine LE PEN,True
10701,2022,Marine LE PEN,Marine LE PEN,True
10702,2022,Marine LE PEN,Marine LE PEN,True
10703,2022,Marine LE PEN,Marine LE PEN,True
10704,2022,Marine LE PEN,Marine LE PEN,True
10705,2022,Marine LE PEN,Marine LE PEN,True
10706,2022,Marine LE PEN,Marine LE PEN,True
10707,2022,Marine LE PEN,Marine LE PEN,True
10708,2022,Marine LE PEN,Marine LE PEN,True
10710,2022,Marine LE PEN,Marine LE PEN,True
10711,2022,Jean LASSALLE,François FILLON,False
10712,2022,Marine LE PEN,Marine LE PEN,True
10713,2022,Marine LE PEN,Marine LE PEN,True
10714,2022,Marine LE PEN,Marine LE PEN,True
10715,2022,Marine LE PEN,Marine LE PEN,True
10716,2022,Marine LE PEN,Marine LE PEN,True
10717,2022,Marine LE PEN,Marine LE PEN,True
10718,2022,Emmanuel MACRON,François FILLON,False
10720,2022,Marine LE PEN,Marine LE PEN,True
10721,2022,Marine LE PEN,Marine LE PEN,True
10722,2022,Marine LE PEN,Marine LE PEN,True
10723,2022,Marine LE PEN,Marine LE PEN,True
10724,2022,Jean LASSALLE,François FILLON,False
10725,2022,Emmanuel MACRON,François FILLON,False
10726,2022,Marine LE PEN,Marine LE PEN,True
10727,2022,Emmanuel MACRON,François FILLON,False
10729,2022,Marine LE PEN,Marine LE PEN,True
10730,2022,Jean LASSALLE,François FILLON,False
10731,2022,Marine LE PEN,Marine LE PEN,True
10732,2022,Marine LE PEN,Marine LE PEN,True
10733,2022,Marine LE PEN,Marine LE PEN,True
10734,2022,Marine LE PEN,Marine LE PEN,True
10735,2022,Marine LE PEN,Marine LE PEN,True
10736,2022,Emmanuel MACRON,François FILLON,False
10737,2022,Emmanuel MACRON,François FILLON,False
10738,2022,Marine LE PEN,Marine LE PEN,True
10739,2022,Emmanuel MACRON,François FILLON,False
10740,2022,Jean LASSALLE,François FILLON,False
10741,2022,Marine LE PEN,Marine LE PEN,True
10742,2022,Marine LE PEN,Marine LE PEN,True
10743,2022,Marine LE PEN,Marine LE PEN,True
10744,2022,Marine LE PEN,Marine LE PEN,True
10745,2022,Jean LASSALLE,François FILLON,False
10746,2022,Jean-Luc MÉLENCHON,François FILLON,False
10747,2022,Marine LE PEN,Marine LE PEN,True
10748,2022,Marine LE PEN,Marine LE PEN,True
10749,2022,Emmanuel MACRON,Emmanuel MACRON,True
10750,2022,Marine LE PEN,Marine LE PEN,True
10751,2022,Emmanuel MACRON,François FILLON,False
10752,2022,Marine LE PEN,Marine LE PEN,True
10753,2022,Marine LE PEN,Marine LE PEN,True
10756,2022,Marine LE PEN,Marine LE PEN,True
10757,2022,Jean LASSALLE,François FILLON,False
10758,2022,Marine LE PEN,Marine LE PEN,True
10759,2022,Marine LE PEN,Marine LE PEN,True
10761,2022,Jean LASSALLE,Emmanuel MACRON,False
10762,2022,Marine LE PEN,Marine LE PEN,True
10763,2022,Emmanuel MACRON,François FILLON,False
10764,2022,Marine LE PEN,Marine LE PEN,True
10765,2022,Jean LASSALLE,François FILLON,False
10766,2022,Marine LE PEN,Marine LE PEN,True
10767,2022,Marine LE PEN,Marine LE PEN,True
10768,2022,Marine LE PEN,Marine LE PEN,True
10769,2022,Marine LE PEN,Marine LE PEN,True
10770,2022,Jean LASSALLE,François FILLON,False
10771,2022,Jean-Luc MÉLENCHON,François FILLON,False
10772,2022,Marine LE PEN,Marine LE PEN,True
10773,2022,Marine LE PEN,Marine LE PEN,True
10774,2022,Emmanuel MACRON,Emmanuel MACRON,True
10775,2022,Marine LE PEN,Marine LE PEN,True
10776,2022,Marine LE PEN,Marine LE PEN,True
10777,2022,Marine LE PEN,Marine LE PEN,True
10778,2022,Emmanuel MACRON,François FILLON,False
10779,2022,Marine LE PEN,Marine LE PEN,True
10780,2022,Marine LE PEN,Marine LE PEN,True
10781,2022,Marine LE PEN,Marine LE PEN,True
10782,2022,Marine LE PEN,Marine LE PEN,True
10783,2022,Marine LE PEN,Marine LE PEN,True
10784,2022,Emmanuel MACRON,François FILLON,False
10785,2022,Emmanuel MACRON,François FILLON,False
10786,2022,Marine LE PEN,Marine LE PEN,True
10787,2022,Marine LE PEN,Marine LE PEN,True
10788,2022,Marine LE PEN,Marine LE PEN,True
10789,2022,Marine LE PEN,Marine LE PEN,True
10790,2022,Jean LASSALLE,François FILLON,False
10791,2022,Marine LE PEN,Marine LE PEN,True
10792,2022,Marine LE PEN,Marine LE PEN,True
10793,2022,Marine LE PEN,Marine LE PEN,True
10794,2022,Marine LE PEN,Marine LE PEN,True
10795,2022,Marine LE PEN,Marine LE PEN,True
10796,2022,Emmanuel MACRON,François FILLON,False
10797,2022,Jean LASSALLE,François FILLON,False
10798,2022,Emmanuel MACRON,Emmanuel MACRON,True
10799,2022,Jean LASSALLE,François FILLON,False
10800,2022,Marine LE PEN,Marine LE PEN,True
10801,2022,Emmanuel MACRON,François FILLON,False
10802,2022,Marine LE PEN,Marine LE PEN,True
10803,2022,Marine LE PEN,Marine LE PEN,True
10804,2022,Marine LE PEN,Marine LE PEN,True
10805,2022,Marine LE PEN,Marine LE PEN,True
10806,2022,Marine LE PEN,Marine LE PEN,True
10807,2022,Marine LE PEN,Marine LE PEN,True
10808,2022,Marine LE PEN,Marine LE PEN,True
10809,2022,Marine LE PEN,Marine LE PEN,True
10810,2022,Marine LE PEN,Marine LE PEN,True
10811,2022,Emmanuel MACRON,François FILLON,False
10812,2022,Jean LASSALLE,François FILLON,False
10813,2022,Jean-Luc MÉLENCHON,Emmanuel MACRON,False
10814,2022,Marine LE PEN,Marine LE PEN,True
10815,2022,Marine LE PEN,Marine LE PEN,True
10816,2022,Marine LE PEN,Marine LE PEN,True
10817,2022,Marine LE PEN,Marine LE PEN,True
10818,2022,Marine LE PEN,Marine LE PEN,True
10819,2022,Jean-Luc MÉLENCHON,François FILLON,False
10820,2022,Marine LE PEN,Marine LE PEN,True
10821,2022,Emmanuel MACRON,Emmanuel MACRON,True
10822,2022,Jean LASSALLE,François FILLON,False
10823,2022,Marine LE PEN,Marine LE PEN,True
10824,2022,Marine LE PEN,Marine LE PEN,True
10825,2022,Marine LE PEN,Marine LE PEN,True
10826,2022,Emmanuel MACRON,Emmanuel MACRON,True
10827,2022,Jean LASSALLE,Emmanuel MACRON,False
10828,2022,Jean LASSALLE,Emmanuel MACRON,False
10829,2022,Marine LE PEN,Marine LE PEN,True
10830,2022,Emmanuel MACRON,François FILLON,False
10831,2022,Emmanuel MACRON,Emmanuel MACRON,True
10832,2022,Jean LASSALLE,Emmanuel MACRON,False
10833,2022,Jean LASSALLE,Emmanuel MACRON,False
10834,2022,Marine LE PEN,Marine LE PEN,True
10835,2022,Emmanuel MACRON,François FILLON,False
10836,2022,Jean-Luc MÉLENCHON,Emmanuel MACRON,False
10837,2022,Marine LE PEN,Marine LE PEN,True
10838,2022,Marine LE PEN,Marine LE PEN,True
10839,2022,Jean-Luc MÉLENCHON,François FILLON,False
10840,2022,Marine LE PEN,Marine LE PEN,True
10841,2022,Marine LE PEN,Marine LE PEN,True
10842,2022,Emmanuel MACRON,Emmanuel MACRON,True
10843,2022,Marine LE PEN,Marine LE PEN,True
10844,2022,Emmanuel MACRON,François FILLON,False
10845,2022,Marine LE PEN,Marine LE PEN,True
10846,2022,Marine LE PEN,Marine LE PEN,True
10847,2022,Jean LASSALLE,François FILLON,False
10848,2022,Emmanuel MACRON,François FILLON,False
10849,2022,Jean LASSALLE,François FILLON,False
10850,2022,Marine LE PEN,Marine LE PEN,True
10851,2022,Marine LE PEN,Marine LE PEN,True
10852,2022,Marine LE PEN,Marine LE PEN,True
10853,2022,Emmanuel MACRON,François FILLON,False
10854,2022,Marine LE PEN,Marine LE PEN,True
10855,2022,Jean LASSALLE,François FILLON,False
10856,2022,Emmanuel MACRON,François FILLON,False
10857,2022,Marine LE PEN,Marine LE PEN,True
10858,2022,Jean LASSALLE,François FILLON,False
10859,2022,Emmanuel MACRON,François FILLON,False
10860,2022,Emmanuel MACRON,Emmanuel MACRON,True
10861,2022,Jean LASSALLE,Emmanuel MACRON,False
10862,2022,Emmanuel MACRON,Emmanuel MACRON,True
10863,2022,Marine LE PEN,Marine LE PEN,True
10864,2022,Emmanuel MACRON,Emmanuel MACRON,True
10865,2022,Jean LASSALLE,Emmanuel MACRON,False
10866,2022,Marine LE PEN,Marine LE PEN,True
10867,2022,Emmanuel MACRON,François FILLON,False
10868,2022,Marine LE PEN,Marine LE PEN,True
10869,2022,Jean LASSALLE,François FILLON,False
10870,2022,Marine LE PEN,Marine LE PEN,True
10871,2022,Emmanuel MACRON,Emmanuel MACRON,True
10872,2022,Marine LE PEN,Marine LE PEN,True
10873,2022,Jean LASSALLE,Emmanuel MACRON,False
10874,2022,Marine LE PEN,Marine LE PEN,True
10876,2022,Marine LE PEN,Marine LE PEN,True
10877,2022,Marine LE PEN,Marine LE PEN,True
10878,2022,Marine LE PEN,Marine LE PEN,True
10879,2022,Emmanuel MACRON,Emmanuel MACRON,True
10880,2022,Jean LASSALLE,Emmanuel MACRON,False
10881,2022,Marine LE PEN,Marine LE PEN,True
10882,2022,Jean LASSALLE,François FILLON,False
10883,2022,Marine LE PEN,Marine LE PEN,True
10884,2022,Emmanuel MACRON,François FILLON,False
10885,2022,Marine LE PEN,Marine LE PEN,True
10888,2022,Emmanuel MACRON,François FILLON,False
10889,2022,Emmanuel MACRON,François FILLON,False
10890,2022,Emmanuel MACRON,François FILLON,False
10891,2022,Jean-Luc MÉLENCHON,François FILLON,False
10892,2022,Marine LE PEN,Marine LE PEN,True
10893,2022,Jean LASSALLE,Emmanuel MACRON,False
10894,2022,Marine LE PEN,Marine LE PEN,True
10895,2022,Emmanuel MACRON,François FILLON,False
10896,2022,Emmanuel MACRON,Emmanuel MACRON,True
10897,2022,Marine LE PEN,Marine LE PEN,True
10899,2022,Marine LE PEN,Marine LE PEN,True
10900,2022,Emmanuel MACRON,Emmanuel MACRON,True
10901,2022,Marine LE PEN,Marine LE PEN,True
10903,2022,Emmanuel MACRON,François FILLON,False
10904,2022,Jean LASSALLE,Emmanuel MACRON,False
10905,2022,Marine LE PEN,Marine LE PEN,True
10906,2022,Emmanuel MACRON,François FILLON,False
10907,2022,Marine LE PEN,Marine LE PEN,True
10908,2022,Jean LASSALLE,François FILLON,False
10909,2022,Emmanuel MACRON,François FILLON,False
10910,2022,Marine LE PEN,Marine LE PEN,True
10911,2022,Jean LASSALLE,François FILLON,False
10912,2022,Emmanuel MACRON,François FILLON,False
10913,2022,Marine LE PEN,Marine LE PEN,True
10914,2022,Jean LASSALLE,François FILLON,False
10915,2022,Emmanuel MACRON,François FILLON,False
10916,2022,Jean LASSALLE,Emmanuel MACRON,False
10917,2022,Emmanuel MACRON,Emmanuel MACRON,True
10919,2022,Emmanuel MACRON,François FILLON,False
10920,2022,Marine LE PEN,Marine LE PEN,True
10921,2022,Jean-Luc MÉLENCHON,Emmanuel MACRON,False
10922,2022,Marine LE PEN,Marine LE PEN,True
10924,2022,Jean LASSALLE,François FILLON,False
10925,2022,Marine LE PEN,Marine LE PEN,True
10926,2022,Marine LE PEN,Marine LE PEN,True
10927,2022,Emmanuel MACRON,François FILLON,False
10928,2022,Marine LE PEN,Marine LE PEN,True
10929,2022,Marine LE PEN,Marine LE PEN,True
10930,2022,Marine LE PEN,Marine LE PEN,True
10931,2022,Emmanuel MACRON,François FILLON,False
10932,2022,Emmanuel MACRON,Emmanuel MACRON,True
10933,2022,Jean-Luc MÉLENCHON,François FILLON,False
10934,2022,Emmanuel MACRON,François FILLON,False
10935,2022,Emmanuel MACRON,Emmanuel MACRON,True
10937,2022,Marine LE PEN,Marine LE PEN,True
10938,2022,Jean LASSALLE,Emmanuel MACRON,False
10940,2022,Emmanuel MACRON,Emmanuel MACRON,True
10941,2022,Marine LE PEN,Marine LE PEN,True
10942,2022,Marine LE PEN,Marine LE PEN,True
10943,2022,Marine LE PEN,Marine LE PEN,True
10944,2022,Jean LASSALLE,Emmanuel MACRON,False
10945,2022,Marine LE PEN,Marine LE PEN,True
10946,2022,Jean-Luc MÉLENCHON,Emmanuel MACRON,False
10947,2022,Emmanuel MACRON,François FILLON,False
10948,2022,Emmanuel MACRON,François FILLON,False
10950,2022,Emmanuel MACRON,Emmanuel MACRON,True
10951,2022,Marine LE PEN,Marine LE PEN,True
10952,2022,Emmanuel MACRON,Emmanuel MACRON,True
10953,2022,Marine LE PEN,Marine LE PEN,True
10954,2022,Emmanuel MACRON,Emmanuel MACRON,True
10955,2022,Marine LE PEN,Marine LE PEN,True
10957,2022,Jean LASSALLE,Emmanuel MACRON,False
10959,2022,Marine LE PEN,Marine LE PEN,True
10960,2022,Emmanuel MACRON,François FILLON,False
10961,2022,Jean LASSALLE,François FILLON,False
10962,2022,Jean LASSALLE,Emmanuel MACRON,False
10964,2022,Marine LE PEN,Marine LE PEN,True
10965,2022,Jean LASSALLE,Emmanuel MACRON,False
10966,2022,Marine LE PEN,Marine LE PEN,True
10967,2022,Emmanuel MACRON,Emmanuel MACRON,True
10968,2022,Emmanuel MACRON,François FILLON,False
10969,2022,Jean LASSALLE,Emmanuel MACRON,False
10970,2022,Jean-Luc MÉLENCHON,François FILLON,False
10971,2022,Marine LE PEN,Marine LE PEN,True
10972,2022,Jean-Luc MÉLENCHON,Emmanuel MACRON,False
10973,2022,Jean LASSALLE,François FILLON,False
10974,2022,Emmanuel MACRON,Emmanuel MACRON,True
10975,2022,Jean-Luc MÉLENCHON,Emmanuel MACRON,False
10976,2022,Emmanuel MACRON,François FILLON,False
10977,2022,Jean-Luc MÉLENCHON,Emmanuel MACRON,False
10978,2022,Emmanuel MACRON,François FILLON,False
10979,2022,Marine LE PEN,Marine LE PEN,True
10980,2022,Marine LE PEN,Marine LE PEN,True
10981,2022,Marine LE PEN,Marine LE PEN,True
10982,2022,Emmanuel MACRON,François FILLON,False
10983,2022,Marine LE PEN,Marine LE PEN,True
10984,2022,Marine LE PEN,Marine LE PEN,True
10985,2022,Emmanuel MACRON,Emmanuel MACRON,True
10986,2022,Marine LE PEN,Marine LE PEN,True
10987,2022,Marine LE PEN,Marine LE PEN,True
10988,2022,Marine LE PEN,Marine LE PEN,True
10989,2022,Jean LASSALLE,François FILLON,False
10990,2022,Jean-Luc MÉLENCHON,Emmanuel MACRON,False
10991,2022,Marine LE PEN,Marine LE PEN,True
10992,2022,Jean-Luc MÉLENCHON,François FILLON,False
10993,2022,Emmanuel MACRON,François FILLON,False
10994,2022,Emmanuel MACRON,François FILLON,False
10996,2022,Marine LE PEN,Marine LE PEN,True
10997,2022,Jean-Luc MÉLENCHON,François FILLON,False
10998,2022,Jean-Luc MÉLENCHON,Emmanuel MACRON,False
10999,2022,Jean LASSALLE,Emmanuel MACRON,False
11000,2022,Emmanuel MACRON,Emmanuel MACRON,True
11001,2022,Marine LE PEN,Marine LE PEN,True
11002,2022,Marine LE PEN,Marine LE PEN,True
11003,2022,Marine LE PEN,Marine LE PEN,True
11004,2022,Marine LE PEN,Marine LE PEN,True
11005,2022,Marine LE PEN,Marine LE PEN,True
11006,2022,Emmanuel MACRON,Emmanuel MACRON,True
11007,2022,Marine LE PEN,Marine LE PEN,True
11008,2022,Marine LE PEN,Marine LE PEN,True
11009,2022,Emmanuel MACRON,Emmanuel MACRON,True
11010,2022,Marine LE PEN,Marine LE PEN,True
11011,2022,Emmanuel MACRON,François FILLON,False
11012,2022,Marine LE PEN,Marine LE PEN,True
11013,2022,Jean LASSALLE,François FILLON,False
11014,2022,Marine LE PEN,Marine LE PEN,True
11015,2022,Marine LE PEN,Marine LE PEN,True
11016,2022,Marine LE PEN,Marine LE PEN,True
11017,2022,Marine LE PEN,Marine LE PEN,True
11019,2022,Marine LE PEN,Marine LE PEN,True
11020,2022,Emmanuel MACRON,François FILLON,False
11021,2022,Emmanuel MACRON,Emmanuel MACRON,True
11022,2022,Marine LE PEN,Marine LE PEN,True
11023,2022,Jean-Luc MÉLENCHON,Emmanuel MACRON,False
11024,2022,Marine LE PEN,Marine LE PEN,True
11025,2022,Marine LE PEN,Marine LE PEN,True
11026,2022,Marine LE PEN,Marine LE PEN,True
11027,2022,Jean-Luc MÉLENCHON,François FILLON,False
11028,2022,Marine LE PEN,Marine LE PEN,True
11029,2022,Jean LASSALLE,François FILLON,False
11030,2022,Marine LE PEN,Marine LE PEN,True
11031,2022,Marine LE PEN,Marine LE PEN,True
11032,2022,Emmanuel MACRON,François FILLON,False
11034,2022,Emmanuel MACRON,François FILLON,False
11035,2022,Emmanuel MACRON,Emmanuel MACRON,True
11036,2022,Jean-Luc MÉLENCHON,François FILLON,False
11037,2022,Jean-Luc MÉLENCHON,François FILLON,False
11038,2022,Marine LE PEN,Marine LE PEN,True
11039,2022,Marine LE PEN,Marine LE PEN,True
11040,2022,Marine LE PEN,Marine LE PEN,True
11041,2022,Marine LE PEN,Marine LE PEN,True
11042,2022,Emmanuel MACRON,François FILLON,False
11043,2022,Marine LE PEN,Marine LE PEN,True
11044,2022,Marine LE PEN,Marine LE PEN,True
11045,2022,Marine LE PEN,Marine LE PEN,True
11046,2022,Marine LE PEN,Marine LE PEN,True
11047,2022,Marine LE PEN,Marine LE PEN,True
11048,2022,Jean-Luc MÉLENCHON,François FILLON,False
11049,2022,Marine LE PEN,Marine LE PEN,True
11050,2022,Emmanuel MACRON,Emmanuel MACRON,True
11051,2022,Marine LE PEN,Marine LE PEN,True
11052,2022,Marine LE PEN,Marine LE PEN,True
11053,2022,Emmanuel MACRON,François FILLON,False
11054,2022,Emmanuel MACRON,Emmanuel MACRON,True
11055,2022,Marine LE PEN,Marine LE PEN,True
11056,2022,Marine LE PEN,Marine LE PEN,True
11057,2022,Marine LE PEN,Marine LE PEN,True
11059,2022,Jean LASSALLE,François FILLON,False
11060,2022,Emmanuel MACRON,François FILLON,False
6661,2022,Emmanuel MACRON,François FILLON,False
6662,2022,Jean-Luc MÉLENCHON,François FILLON,False
6663,2022,Emmanuel MACRON,François FILLON,False
6664,2022,Emmanuel MACRON,François FILLON,False
6665,2022,Marine LE PEN,Marine LE PEN,True
6666,2022,Marine LE PEN,Marine LE PEN,True
6667,2022,Marine LE PEN,Marine LE PEN,True
6668,2022,Jean-Luc MÉLENCHON,François FILLON,False
6669,2022,Emmanuel MACRON,François FILLON,False
6670,2022,Emmanuel MACRON,François FILLON,False
6671,2022,Emmanuel MACRON,François FILLON,False
6672,2022,Marine LE PEN,Marine LE PEN,True
6673,2022,Jean-Luc MÉLENCHON,François FILLON,False
6674,2022,Marine LE PEN,Marine LE PEN,True
6675,2022,Emmanuel MACRON,François FILLON,False
6676,2022,Emmanuel MACRON,Emmanuel MACRON,True
6677,2022,Emmanuel MACRON,François FILLON,False
6678,2022,Emmanuel MACRON,François FILLON,False
6679,2022,Marine LE PEN,Marine LE PEN,True
6680,2022,Emmanuel MACRON,Emmanuel MACRON,True
6681,2022,Marine LE PEN,Marine LE PEN,True
6682,2022,Marine LE PEN,Marine LE PEN,True
6683,2022,Emmanuel MACRON,François FILLON,False
6684,2022,Marine LE PEN,Marine LE PEN,True
6685,2022,Marine LE PEN,Marine LE PEN,True
6686,2022,Emmanuel MACRON,François FILLON,False
6687,2022,Marine LE PEN,Marine LE PEN,True
6688,2022,Marine LE PEN,Marine LE PEN,True
6689,2022,Jean-Luc MÉLENCHON,François FILLON,False
6690,2022,Marine LE PEN,Marine LE PEN,True
6691,2022,Emmanuel MACRON,François FILLON,False
6692,2022,Emmanuel MACRON,François FILLON,False
6693,2022,Marine LE PEN,Marine LE PEN,True
6694,2022,Marine LE PEN,Marine LE PEN,True
6695,2022,Jean-Luc MÉLENCHON,François FILLON,False
6696,2022,Emmanuel MACRON,François FILLON,False
6697,2022,Marine LE PEN,Marine LE PEN,True
6698,2022,Emmanuel MACRON,François FILLON,False
6699,2022,Emmanuel MACRON,François FILLON,False
6700,2022,Marine LE PEN,Marine LE PEN,True
6701,2022,Emmanuel MACRON,François FILLON,False
6702,2022,Emmanuel MACRON,François FILLON,False
6703,2022,Marine LE PEN,Marine LE PEN,True
6704,2022,Marine LE PEN,Marine LE PEN,True
6705,2022,Jean-Luc MÉLENCHON,François FILLON,False
6706,2022,Jean-Luc MÉLENCHON,François FILLON,False
6707,2022,Emmanuel MACRON,François FILLON,False
6708,2022,Jean LASSALLE,François FILLON,False
6709,2022,Emmanuel MACRON,François FILLON,False
6710,2022,Marine LE PEN,Marine LE PEN,True
6711,2022,Marine LE PEN,Marine LE PEN,True
6712,2022,Marine LE PEN,Marine LE PEN,True
6713,2022,Emmanuel MACRON,François FILLON,False
6715,2022,Emmanuel MACRON,François FILLON,False
6716,2022,Marine LE PEN,Marine LE PEN,True
6717,2022,Marine LE PEN,Marine LE PEN,True
6718,2022,Emmanuel MACRON,Emmanuel MACRON,True
6719,2022,Emmanuel MACRON,François FILLON,False
6720,2022,Marine LE PEN,Marine LE PEN,True
6721,2022,Marine LE PEN,Marine LE PEN,True
6722,2022,Emmanuel MACRON,François FILLON,False
6723,2022,Marine LE PEN,Marine LE PEN,True
6724,2022,Marine LE PEN,Marine LE PEN,True
6725,2022,Emmanuel MACRON,François FILLON,False
6726,2022,Marine LE PEN,Marine LE PEN,True
6727,2022,Emmanuel MACRON,François FILLON,False
6728,2022,Marine LE PEN,Marine LE PEN,True
6729,2022,Jean-Luc MÉLENCHON,François FILLON,False
6730,2022,Emmanuel MACRON,François FILLON,False
6731,2022,Marine LE PEN,Marine LE PEN,True
6733,2022,Emmanuel MACRON,François FILLON,False
6734,2022,Emmanuel MACRON,François FILLON,False
6735,2022,Marine LE PEN,Marine LE PEN,True
6736,2022,Marine LE PEN,Marine LE PEN,True
6737,2022,Marine LE PEN,Marine LE PEN,True
6738,2022,Emmanuel MACRON,François FILLON,False
6739,2022,Marine LE PEN,Marine LE PEN,True
6740,2022,Marine LE PEN,Marine LE PEN,True
6741,2022,Marine LE PEN,Marine LE PEN,True
6742,2022,Marine LE PEN,Marine LE PEN,True
6743,2022,Emmanuel MACRON,François FILLON,False
6744,2022,Emmanuel MACRON,François FILLON,False
6745,2022,Emmanuel MACRON,François FILLON,False
6746,2022,Marine LE PEN,Marine LE PEN,True
6747,2022,Emmanuel MACRON,François FILLON,False
6748,2022,Marine LE PEN,Marine LE PEN,True
6749,2022,Emmanuel MACRON,François FILLON,False
6750,2022,Marine LE PEN,Marine LE PEN,True
6751,2022,Emmanuel MACRON,François FILLON,False
6752,2022,Marine LE PEN,Marine LE PEN,True
6753,2022,Marine LE PEN,Marine LE PEN,True
6754,2022,Emmanuel MACRON,François FILLON,False
6755,2022,Marine LE PEN,Marine LE PEN,True
6756,2022,Emmanuel MACRON,François FILLON,False
6757,2022,Emmanuel MACRON,François FILLON,False
6758,2022,Emmanuel MACRON,François FILLON,False
6759,2022,Jean LASSALLE,Emmanuel MACRON,False
6760,2022,Marine LE PEN,Marine LE PEN,True
6761,2022,Marine LE PEN,Marine LE PEN,True
6762,2022,Marine LE PEN,Marine LE PEN,True
6763,2022,Emmanuel MACRON,François FILLON,False
6764,2022,Emmanuel MACRON,François FILLON,False
6765,2022,Marine LE PEN,Marine LE PEN,True
6766,2022,Emmanuel MACRON,François FILLON,False
6767,2022,Marine LE PEN,Marine LE PEN,True
6768,2022,Marine LE PEN,Marine LE PEN,True
6769,2022,Emmanuel MACRON,François FILLON,False
6770,2022,Emmanuel MACRON,François FILLON,False
6771,2022,Marine LE PEN,Marine LE PEN,True
6772,2022,Marine LE PEN,Marine LE PEN,True
6773,2022,Marine LE PEN,Marine LE PEN,True
6774,2022,Marine LE PEN,Marine LE PEN,True
6775,2022,Marine LE PEN,Marine LE PEN,True
6776,2022,Marine LE PEN,Marine LE PEN,True
6777,2022,Emmanuel MACRON,François FILLON,False
6778,2022,Emmanuel MACRON,François FILLON,False
6779,2022,Jean-Luc MÉLENCHON,François FILLON,False
6780,2022,Emmanuel MACRON,Emmanuel MACRON,True
6781,2022,Emmanuel MACRON,François FILLON,False
6782,2022,Marine LE PEN,Marine LE PEN,True
6783,2022,Marine LE PEN,Marine LE PEN,True
6784,2022,Marine LE PEN,Marine LE PEN,True
6785,2022,Emmanuel MACRON,François FILLON,False
6786,2022,Emmanuel MACRON,François FILLON,False
6787,2022,Marine LE PEN,Marine LE PEN,True
6788,2022,Marine LE PEN,Marine LE PEN,True
6789,2022,Marine LE PEN,Marine LE PEN,True
6790,2022,Marine LE PEN,Marine LE PEN,True
6791,2022,Emmanuel MACRON,François FILLON,False
6792,2022,Emmanuel MACRON,François FILLON,False
6793,2022,Marine LE PEN,Marine LE PEN,True
6794,2022,Marine LE PEN,Marine LE PEN,True
6795,2022,Marine LE PEN,Marine LE PEN,True
6796,2022,Marine LE PEN,Marine LE PEN,True
6797,2022,Marine LE PEN,Marine LE PEN,True
6798,2022,Marine LE PEN,Marine LE PEN,True
6799,2022,Marine LE PEN,Marine LE PEN,True
6800,2022,Jean-Luc MÉLENCHON,Emmanuel MACRON,False
6801,2022,Jean-Luc MÉLENCHON,François FILLON,False
6802,2022,Marine LE PEN,Marine LE PEN,True
6803,2022,Marine LE PEN,Marine LE PEN,True
6804,2022,Marine LE PEN,Marine LE PEN,True
6805,2022,Marine LE PEN,Marine LE PEN,True
6806,2022,Emmanuel MACRON,François FILLON,False
6807,2022,Marine LE PEN,Marine LE PEN,True
6808,2022,Marine LE PEN,Marine LE PEN,True
6809,2022,Emmanuel MACRON,François FILLON,False
6810,2022,Marine LE PEN,Marine LE PEN,True
6811,2022,Emmanuel MACRON,François FILLON,False
6812,2022,Marine LE PEN,Marine LE PEN,True
6813,2022,Marine LE PEN,Marine LE PEN,True
6814,2022,Emmanuel MACRON,François FILLON,False
6815,2022,Emmanuel MACRON,François FILLON,False
6816,2022,Marine LE PEN,Marine LE PEN,True
6817,2022,Emmanuel MACRON,François FILLON,False
6818,2022,Marine LE PEN,Marine LE PEN,True
6819,2022,Marine LE PEN,Marine LE PEN,True
6820,2022,Marine LE PEN,Marine LE PEN,True
6821,2022,Marine LE PEN,Marine LE PEN,True
6822,2022,Marine LE PEN,Marine LE PEN,True
6823,2022,Marine LE PEN,Marine LE PEN,True
6824,2022,Marine LE PEN,Marine LE PEN,True
6825,2022,Jean-Luc MÉLENCHON,François FILLON,False
6826,2022,Emmanuel MACRON,François FILLON,False
6827,2022,Emmanuel MACRON,François FILLON,False
6828,2022,Emmanuel MACRON,François FILLON,False
6829,2022,Marine LE PEN,Marine LE PEN,True
6830,2022,Emmanuel MACRON,Emmanuel MACRON,True
6831,2022,Marine LE PEN,Marine LE PEN,True
6832,2022,Emmanuel MACRON,François FILLON,False
6833,2022,Marine LE PEN,Marine LE PEN,True
6834,2022,Emmanuel MACRON,François FILLON,False
6835,2022,Emmanuel MACRON,François FILLON,False
6836,2022,Emmanuel MACRON,François FILLON,False
6837,2022,Emmanuel MACRON,Emmanuel MACRON,True
6838,2022,Marine LE PEN,Marine LE PEN,True
6839,2022,Emmanuel MACRON,François FILLON,False
6840,2022,Marine LE PEN,Marine LE PEN,True
6841,2022,Marine LE PEN,Marine LE PEN,True
6842,2022,Emmanuel MACRON,François FILLON,False
6843,2022,Emmanuel MACRON,François FILLON,False
6844,2022,Emmanuel MACRON,François FILLON,False
6845,2022,Emmanuel MACRON,François FILLON,False
6846,2022,Emmanuel MACRON,François FILLON,False
6847,2022,Marine LE PEN,Marine LE PEN,True
6848,2022,Marine LE PEN,Marine LE PEN,True
6849,2022,Emmanuel MACRON,François FILLON,False
6850,2022,Emmanuel MACRON,François FILLON,False
6851,2022,Marine LE PEN,Marine LE PEN,True
6852,2022,Jean-Luc MÉLENCHON,François FILLON,False
6853,2022,Marine LE PEN,Marine LE PEN,True
6854,2022,Marine LE PEN,Marine LE PEN,True
6855,2022,Marine LE PEN,Marine LE PEN,True
6856,2022,Emmanuel MACRON,François FILLON,False
6857,2022,Emmanuel MACRON,François FILLON,False
6858,2022,Marine LE PEN,Marine LE PEN,True
6859,2022,Marine LE PEN,Marine LE PEN,True
6860,2022,Marine LE PEN,Marine LE PEN,True
6861,2022,Jean-Luc MÉLENCHON,François FILLON,False
6862,2022,Marine LE PEN,Marine LE PEN,True
6863,2022,Jean-Luc MÉLENCHON,François FILLON,False
6864,2022,Marine LE PEN,Marine LE PEN,True
6865,2022,Emmanuel MACRON,François FILLON,False
6866,2022,Emmanuel MACRON,François FILLON,False
6867,2022,Marine LE PEN,Marine LE PEN,True
6868,2022,Marine LE PEN,Marine LE PEN,True
6870,2022,Marine LE PEN,Marine LE PEN,True
6871,2022,Marine LE PEN,Marine LE PEN,True
6872,2022,Emmanuel MACRON,François FILLON,False
6873,2022,Emmanuel MACRON,François FILLON,False
6874,2022,Jean-Luc MÉLENCHON,François FILLON,False
6875,2022,Jean-Luc MÉLENCHON,François FILLON,False
6876,2022,Marine LE PEN,Marine LE PEN,True
6877,2022,Emmanuel MACRON,François FILLON,False
6878,2022,Emmanuel MACRON,François FILLON,False
6879,2022,Emmanuel MACRON,François FILLON,False
6880,2022,Marine LE PEN,Marine LE PEN,True
6881,2022,Marine LE PEN,Marine LE PEN,True
6882,2022,Emmanuel MACRON,François FILLON,False
6883,2022,Emmanuel MACRON,François FILLON,False
6884,2022,Emmanuel MACRON,François FILLON,False
6885,2022,Emmanuel MACRON,François FILLON,False
6886,2022,Emmanuel MACRON,François FILLON,False
6887,2022,Emmanuel MACRON,Emmanuel MACRON,True
6888,2022,Marine LE PEN,Marine LE PEN,True
6889,2022,Emmanuel MACRON,François FILLON,False
6890,2022,Marine LE PEN,Marine LE PEN,True
6891,2022,Emmanuel MACRON,François FILLON,False
6892,2022,Marine LE PEN,Marine LE PEN,True
6893,2022,Marine LE PEN,Marine LE PEN,True
6894,2022,Jean-Luc MÉLENCHON,François FILLON,False
6895,2022,Marine LE PEN,Marine LE PEN,True
6896,2022,Marine LE PEN,Marine LE PEN,True
6897,2022,Emmanuel MACRON,François FILLON,False
6898,2022,Marine LE PEN,Marine LE PEN,True
6899,2022,Emmanuel MACRON,François FILLON,False
6900,2022,Marine LE PEN,Marine LE PEN,True
6901,2022,Emmanuel MACRON,François FILLON,False
6902,2022,Marine LE PEN,Marine LE PEN,True
6903,2022,Emmanuel MACRON,François FILLON,False
6904,2022,Emmanuel MACRON,François FILLON,False
6905,2022,Marine LE PEN,Marine LE PEN,True
6906,2022,Emmanuel MACRON,François FILLON,False
6907,2022,Marine LE PEN,Marine LE PEN,True
6908,2022,Emmanuel MACRON,François FILLON,False
6909,2022,Marine LE PEN,Marine LE PEN,True
6910,2022,Jean-Luc MÉLENCHON,François FILLON,False
6911,2022,Emmanuel MACRON,François FILLON,False
6912,2022,Marine LE PEN,Marine LE PEN,True
6913,2022,Emmanuel MACRON,François FILLON,False
6914,2022,Marine LE PEN,Marine LE PEN,True
6915,2022,Marine LE PEN,Marine LE PEN,True
6916,2022,Marine LE PEN,Marine LE PEN,True
6917,2022,Emmanuel MACRON,François FILLON,False
6918,2022,Marine LE PEN,Marine LE PEN,True
6919,2022,Emmanuel MACRON,François FILLON,False
6920,2022,Emmanuel MACRON,François FILLON,False
6921,2022,Emmanuel MACRON,François FILLON,False
6922,2022,Emmanuel MACRON,François FILLON,False
6923,2022,Emmanuel MACRON,François FILLON,False
6924,2022,Marine LE PEN,Marine LE PEN,True
6925,2022,Marine LE PEN,Marine LE PEN,True
6926,2022,Emmanuel MACRON,François FILLON,False
6928,2022,Emmanuel MACRON,François FILLON,False
6929,2022,Emmanuel MACRON,Emmanuel MACRON,True
6930,2022,Marine LE PEN,Marine LE PEN,True
6931,2022,Marine LE PEN,Marine LE PEN,True
6932,2022,Emmanuel MACRON,François FILLON,False
6933,2022,Marine LE PEN,Marine LE PEN,True
6934,2022,Emmanuel MACRON,François FILLON,False
6935,2022,Emmanuel MACRON,François FILLON,False
6936,2022,Marine LE PEN,Marine LE PEN,True
6937,2022,Marine LE PEN,Marine LE PEN,True
6938,2022,Marine LE PEN,Marine LE PEN,True
6939,2022,Marine LE PEN,Marine LE PEN,True
6940,2022,Emmanuel MACRON,François FILLON,False
6941,2022,Marine LE PEN,Marine LE PEN,True
6942,2022,Marine LE PEN,Marine LE PEN,True
6943,2022,Marine LE PEN,Marine LE PEN,True
6944,2022,Marine LE PEN,Marine LE PEN,True
6945,2022,Marine LE PEN,Marine LE PEN,True
6946,2022,Emmanuel MACRON,François FILLON,False
6947,2022,Emmanuel MACRON,François FILLON,False
6948,2022,Marine LE PEN,Marine LE PEN,True
6949,2022,Marine LE PEN,Marine LE PEN,True
6950,2022,Emmanuel MACRON,François FILLON,False
6951,2022,Marine LE PEN,Marine LE PEN,True
6952,2022,Marine LE PEN,Marine LE PEN,True
6953,2022,Emmanuel MACRON,François FILLON,False
6954,2022,Marine LE PEN,Marine LE PEN,True
6955,2022,Emmanuel MACRON,François FILLON,False
6956,2022,Emmanuel MACRON,François FILLON,False
6957,2022,Marine LE PEN,Marine LE PEN,True
6958,2022,Marine LE PEN,Marine LE PEN,True
6959,2022,Emmanuel MACRON,François FILLON,False
6960,2022,Marine LE PEN,Marine LE PEN,True
6961,2022,Marine LE PEN,Marine LE PEN,True
6962,2022,Marine LE PEN,Marine LE PEN,True
6963,2022,Emmanuel MACRON,François FILLON,False
6964,2022,Marine LE PEN,Marine LE PEN,True
6965,2022,Marine LE PEN,Marine LE PEN,True
6966,2022,Jean-Luc MÉLENCHON,François FILLON,False
6967,2022,Marine LE PEN,Marine LE PEN,True
6968,2022,Marine LE PEN,Marine LE PEN,True
6969,2022,Jean-Luc MÉLENCHON,François FILLON,False
6970,2022,Emmanuel MACRON,François FILLON,False
6971,2022,Emmanuel MACRON,François FILLON,False
6972,2022,Marine LE PEN,Marine LE PEN,True
6973,2022,Marine LE PEN,Marine LE PEN,True
6974,2022,Marine LE PEN,Marine LE PEN,True
6975,2022,Emmanuel MACRON,François FILLON,False
6976,2022,Emmanuel MACRON,François FILLON,False
6977,2022,Marine LE PEN,Marine LE PEN,True
6978,2022,Emmanuel MACRON,François FILLON,False
6979,2022,Nicolas DUPONT-AIGNAN,François FILLON,False
6980,2022,Marine LE PEN,Marine LE PEN,True
6981,2022,Emmanuel MACRON,François FILLON,False
6982,2022,Marine LE PEN,Marine LE PEN,True
6983,2022,Jean-Luc MÉLENCHON,François FILLON,False
6984,2022,Marine LE PEN,Marine LE PEN,True
6985,2022,Emmanuel MACRON,François FILLON,False
6986,2022,Marine LE PEN,Marine LE PEN,True
6987,2022,Marine LE PEN,Marine LE PEN,True
6988,2022,Marine LE PEN,Marine LE PEN,True
6989,2022,Marine LE PEN,Marine LE PEN,True
6990,2022,Emmanuel MACRON,François FILLON,False
6991,2022,Marine LE PEN,Marine LE PEN,True
6992,2022,Marine LE PEN,Marine LE PEN,True
6993,2022,Jean-Luc MÉLENCHON,François FILLON,False
6994,2022,Emmanuel MACRON,François FILLON,False
6995,2022,Marine LE PEN,Marine LE PEN,True
6996,2022,Marine LE PEN,Marine LE PEN,True
6997,2022,Marine LE PEN,Marine LE PEN,True
6998,2022,Emmanuel MACRON,François FILLON,False
6999,2022,Marine LE PEN,Marine LE PEN,True
7000,2022,Marine LE PEN,Marine LE PEN,True
7001,2022,Marine LE PEN,Marine LE PEN,True
7002,2022,Emmanuel MACRON,François FILLON,False
7003,2022,Emmanuel MACRON,François FILLON,False
7004,2022,Marine LE PEN,Marine LE PEN,True
7005,2022,Marine LE PEN,Marine LE PEN,True
7006,2022,Marine LE PEN,Marine LE PEN,True
7007,2022,Marine LE PEN,Marine LE PEN,True
7008,2022,Marine LE PEN,Marine LE PEN,True
7009,2022,Emmanuel MACRON,François FILLON,False
7010,2022,Jean-Luc MÉLENCHON,François FILLON,False
7011,2022,Marine LE PEN,Marine LE PEN,True
7012,2022,Emmanuel MACRON,François FILLON,False
7013,2022,Emmanuel MACRON,François FILLON,False
7014,2022,Marine LE PEN,Marine LE PEN,True
7015,2022,Emmanuel MACRON,François FILLON,False
7016,2022,Marine LE PEN,Marine LE PEN,True
7017,2022,Marine LE PEN,Marine LE PEN,True
7018,2022,Marine LE PEN,Marine LE PEN,True
7019,2022,Emmanuel MACRON,François FILLON,False
7020,2022,Marine LE PEN,Marine LE PEN,True
7021,2022,Marine LE PEN,Marine LE PEN,True
7022,2022,Marine LE PEN,Marine LE PEN,True
7023,2022,Marine LE PEN,Marine LE PEN,True
7024,2022,Marine LE PEN,Marine LE PEN,True
7025,2022,Emmanuel MACRON,François FILLON,False
7026,2022,Marine LE PEN,Marine LE PEN,True
7027,2022,Marine LE PEN,Marine LE PEN,True
7028,2022,Jean-Luc MÉLENCHON,François FILLON,False
7029,2022,Marine LE PEN,Marine LE PEN,True
7030,2022,Marine LE PEN,Marine LE PEN,True
7031,2022,Emmanuel MACRON,François FILLON,False
7032,2022,Emmanuel MACRON,François FILLON,False
7033,2022,Emmanuel MACRON,François FILLON,False
7034,2022,Marine LE PEN,Marine LE PEN,True
7035,2022,Marine LE PEN,Marine LE PEN,True
7036,2022,Marine LE PEN,Marine LE PEN,True
7037,2022,Marine LE PEN,Marine LE PEN,True
7038,2022,Marine LE PEN,Marine LE PEN,True
7039,2022,Emmanuel MACRON,François FILLON,False
7040,2022,Marine LE PEN,Marine LE PEN,True
7041,2022,Emmanuel MACRON,François FILLON,False
7042,2022,Marine LE PEN,Marine LE PEN,True
7043,2022,Marine LE PEN,Marine LE PEN,True
7044,2022,Marine LE PEN,Marine LE PEN,True
7045,2022,Emmanuel MACRON,François FILLON,False
7046,2022,Emmanuel MACRON,François FILLON,False
7047,2022,Emmanuel MACRON,François FILLON,False
7048,2022,Marine LE PEN,Marine LE PEN,True
7049,2022,Marine LE PEN,Marine LE PEN,True
7050,2022,Marine LE PEN,Marine LE PEN,True
7051,2022,Marine LE PEN,Marine LE PEN,True
7052,2022,Emmanuel MACRON,François FILLON,False
7053,2022,Marine LE PEN,Marine LE PEN,True
7054,2022,Marine LE PEN,Marine LE PEN,True
7056,2022,Emmanuel MACRON,François FILLON,False
7057,2022,Emmanuel MACRON,François FILLON,False
7058,2022,Marine LE PEN,Marine LE PEN,True
7059,2022,Emmanuel MACRON,François FILLON,False
7060,2022,Emmanuel MACRON,François FILLON,False
7061,2022,Marine LE PEN,Marine LE PEN,True
7062,2022,Marine LE PEN,Marine LE PEN,True
7063,2022,Emmanuel MACRON,Emmanuel MACRON,True
7064,2022,Marine LE PEN,Marine LE PEN,True
7065,2022,Marine LE PEN,Marine LE PEN,True
7066,2022,Marine LE PEN,Marine LE PEN,True
7067,2022,Emmanuel MACRON,François FILLON,False
7068,2022,Marine LE PEN,Marine LE PEN,True
7069,2022,Marine LE PEN,Marine LE PEN,True
7070,2022,Emmanuel MACRON,François FILLON,False
7071,2022,Marine LE PEN,Marine LE PEN,True
7072,2022,Jean-Luc MÉLENCHON,François FILLON,False
7073,2022,Marine LE PEN,Marine LE PEN,True
7074,2022,Marine LE PEN,Marine LE PEN,True
7075,2022,Marine LE PEN,Marine LE PEN,True
7076,2022,Marine LE PEN,Marine LE PEN,True
7077,2022,Marine LE PEN,Marine LE PEN,True
7078,2022,Marine LE PEN,Marine LE PEN,True
7079,2022,Marine LE PEN,Marine LE PEN,True
7080,2022,Marine LE PEN,Marine LE PEN,True
7081,2022,Marine LE PEN,Marine LE PEN,True
7082,2022,Emmanuel MACRON,François FILLON,False
7083,2022,Emmanuel MACRON,François FILLON,False
7084,2022,Marine LE PEN,Marine LE PEN,True
7085,2022,Emmanuel MACRON,François FILLON,False
7086,2022,Marine LE PEN,Marine LE PEN,True
7087,2022,Marine LE PEN,Marine LE PEN,True
7088,2022,Marine LE PEN,Marine LE PEN,True
7089,2022,Marine LE PEN,Marine LE PEN,True
7090,2022,Marine LE PEN,Marine LE PEN,True
7091,2022,Marine LE PEN,Marine LE PEN,True
7092,2022,Marine LE PEN,Marine LE PEN,True
7093,2022,Emmanuel MACRON,François FILLON,False
7094,2022,Emmanuel MACRON,François FILLON,False
7095,2022,Marine LE PEN,Marine LE PEN,True
7096,2022,Emmanuel MACRON,François FILLON,False
7097,2022,Emmanuel MACRON,François FILLON,False
7098,2022,Marine LE PEN,Marine LE PEN,True
7099,2022,Marine LE PEN,Marine LE PEN,True
7100,2022,Marine LE PEN,Marine LE PEN,True
7101,2022,Marine LE PEN,Marine LE PEN,True
7102,2022,Marine LE PEN,Marine LE PEN,True
7103,2022,Emmanuel MACRON,François FILLON,False
7104,2022,Emmanuel MACRON,François FILLON,False
7105,2022,Emmanuel MACRON,François FILLON,False
7106,2022,Emmanuel MACRON,François FILLON,False
7107,2022,Emmanuel MACRON,François FILLON,False
7108,2022,Marine LE PEN,Marine LE PEN,True
7109,2022,Marine LE PEN,Marine LE PEN,True
7110,2022,Emmanuel MACRON,François FILLON,False
7111,2022,Emmanuel MACRON,François FILLON,False
7112,2022,Marine LE PEN,Marine LE PEN,True
7113,2022,Marine LE PEN,Marine LE PEN,True
7114,2022,Marine LE PEN,Marine LE PEN,True
7115,2022,Emmanuel MACRON,François FILLON,False
7116,2022,Marine LE PEN,Marine LE PEN,True
7117,2022,Emmanuel MACRON,François FILLON,False
7118,2022,Marine LE PEN,Marine LE PEN,True
7119,2022,Jean-Luc MÉLENCHON,François FILLON,False
7120,2022,Marine LE PEN,Marine LE PEN,True
7121,2022,Marine LE PEN,Marine LE PEN,True
7122,2022,Emmanuel MACRON,François FILLON,False
7123,2022,Emmanuel MACRON,François FILLON,False
7124,2022,Marine LE PEN,Marine LE PEN,True
7125,2022,Marine LE PEN,Marine LE PEN,True
7126,2022,Marine LE PEN,Marine LE PEN,True
7127,2022,Marine LE PEN,Marine LE PEN,True
7128,2022,Marine LE PEN,Marine LE PEN,True
7129,2022,Marine LE PEN,Marine LE PEN,True
7130,2022,Jean-Luc MÉLENCHON,François FILLON,False
7131,2022,Emmanuel MACRON,François FILLON,False
7132,2022,Marine LE PEN,Marine LE PEN,True
7133,2022,Emmanuel MACRON,François FILLON,False
7134,2022,Emmanuel MACRON,Emmanuel MACRON,True
7135,2022,Marine LE PEN,Marine LE PEN,True
7136,2022,Emmanuel MACRON,François FILLON,False
7137,2022,Marine LE PEN,Marine LE PEN,True
7138,2022,Emmanuel MACRON,François FILLON,False
7140,2022,Marine LE PEN,Marine LE PEN,True
7141,2022,Marine LE PEN,Marine LE PEN,True
7142,2022,Emmanuel MACRON,François FILLON,False
7143,2022,Marine LE PEN,Marine LE PEN,True
7144,2022,Marine LE PEN,Marine LE PEN,True
7145,2022,Emmanuel MACRON,François FILLON,False
7146,2022,Marine LE PEN,Marine LE PEN,True
7147,2022,Emmanuel MACRON,François FILLON,False
7148,2022,Marine LE PEN,Marine LE PEN,True
7149,2022,Marine LE PEN,Marine LE PEN,True
7150,2022,Emmanuel MACRON,François FILLON,False
7151,2022,Emmanuel MACRON,François FILLON,False
7152,2022,Marine LE PEN,Marine LE PEN,True
7153,2022,Marine LE PEN,Marine LE PEN,True
7154,2022,Emmanuel MACRON,François FILLON,False
7155,2022,Marine LE PEN,Marine LE PEN,True
7156,2022,Marine LE PEN,Marine LE PEN,True
7157,2022,Jean-Luc MÉLENCHON,François FILLON,False
7158,2022,Emmanuel MACRON,François FILLON,False
7159,2022,Marine LE PEN,Marine LE PEN,True
7161,2022,Emmanuel MACRON,François FILLON,False
7162,2022,Marine LE PEN,Marine LE PEN,True
7163,2022,Emmanuel MACRON,François FILLON,False
7164,2022,Emmanuel MACRON,François FILLON,False
7166,2022,Marine LE PEN,Marine LE PEN,True
7167,2022,Jean-Luc MÉLENCHON,François FILLON,False
7168,2022,Jean-Luc MÉLENCHON,François FILLON,False
7169,2022,Emmanuel MACRON,François FILLON,False
7170,2022,Emmanuel MACRON,François FILLON,False
7171,2022,Marine LE PEN,Marine LE PEN,True
7172,2022,Emmanuel MACRON,François FILLON,False
7173,2022,Emmanuel MACRON,François FILLON,False
7174,2022,Marine LE PEN,Marine LE PEN,True
7175,2022,Emmanuel MACRON,François FILLON,False
7176,2022,Emmanuel MACRON,François FILLON,False
7177,2022,Marine LE PEN,Marine LE PEN,True
7178,2022,Marine LE PEN,Marine LE PEN,True
7179,2022,Marine LE PEN,Marine LE PEN,True
7180,2022,Marine LE PEN,Marine LE PEN,True
7181,2022,Emmanuel MACRON,François FILLON,False
7182,2022,Marine LE PEN,Marine LE PEN,True
7183,2022,Marine LE PEN,Marine LE PEN,True
7184,2022,Emmanuel MACRON,Emmanuel MACRON,True
7185,2022,Emmanuel MACRON,François FILLON,False
7186,2022,Emmanuel MACRON,François FILLON,False
7187,2022,Emmanuel MACRON,Emmanuel MACRON,True
7188,2022,Marine LE PEN,Marine LE PEN,True
7189,2022,Marine LE PEN,Marine LE PEN,True
7190,2022,Emmanuel MACRON,François FILLON,False
7191,2022,Emmanuel MACRON,François FILLON,False
7192,2022,Emmanuel MACRON,François FILLON,False
7193,2022,Emmanuel MACRON,François FILLON,False
7194,2022,Marine LE PEN,Marine LE PEN,True
7195,2022,Marine LE PEN,Marine LE PEN,True
7196,2022,Emmanuel MACRON,François FILLON,False
7197,2022,Marine LE PEN,Marine LE PEN,True
7198,2022,Marine LE PEN,Marine LE PEN,True
7199,2022,Marine LE PEN,Marine LE PEN,True
7200,2022,Marine LE PEN,Marine LE PEN,True
7201,2022,Marine LE PEN,Marine LE PEN,True
7202,2022,Emmanuel MACRON,François FILLON,False
7203,2022,Emmanuel MACRON,François FILLON,False
7204,2022,Jean-Luc MÉLENCHON,François FILLON,False
7205,2022,Marine LE PEN,Marine LE PEN,True
7206,2022,Emmanuel MACRON,Emmanuel MACRON,True
7207,2022,Marine LE PEN,Marine LE PEN,True
7208,2022,Emmanuel MACRON,François FILLON,False
7209,2022,Emmanuel MACRON,François FILLON,False
7210,2022,Emmanuel MACRON,François FILLON,False
7211,2022,Marine LE PEN,Marine LE PEN,True
7212,2022,Marine LE PEN,Marine LE PEN,True
7213,2022,Marine LE PEN,Marine LE PEN,True
7214,2022,Emmanuel MACRON,François FILLON,False
7215,2022,Jean-Luc MÉLENCHON,François FILLON,False
7216,2022,Emmanuel MACRON,François FILLON,False
7217,2022,Emmanuel MACRON,François FILLON,False
7218,2022,Marine LE PEN,Marine LE PEN,True
7219,2022,Marine LE PEN,Marine LE PEN,True
7220,2022,Emmanuel MACRON,François FILLON,False
7221,2022,Marine LE PEN,Marine LE PEN,True
7222,2022,Marine LE PEN,Marine LE PEN,True
7223,2022,Marine LE PEN,Marine LE PEN,True
7224,2022,Emmanuel MACRON,François FILLON,False
7225,2022,Marine LE PEN,Marine LE PEN,True
7226,2022,Marine LE PEN,Marine LE PEN,True
7227,2022,Marine LE PEN,Marine LE PEN,True
7228,2022,Marine LE PEN,Marine LE PEN,True
7229,2022,Marine LE PEN,Marine LE PEN,True
7230,2022,Marine LE PEN,Marine LE PEN,True
7231,2022,Marine LE PEN,Marine LE PEN,True
7232,2022,Marine LE PEN,Marine LE PEN,True
7233,2022,Emmanuel MACRON,François FILLON,False
7234,2022,Marine LE PEN,Marine LE PEN,True
7235,2022,Marine LE PEN,Marine LE PEN,True
7236,2022,Marine LE PEN,Marine LE PEN,True
7237,2022,Emmanuel MACRON,Emmanuel MACRON,True
7238,2022,Marine LE PEN,Marine LE PEN,True
7239,2022,Emmanuel MACRON,François FILLON,False
7240,2022,Emmanuel MACRON,François FILLON,False
7241,2022,Emmanuel MACRON,François FILLON,False
7242,2022,Emmanuel MACRON,François FILLON,False
7243,2022,Emmanuel MACRON,François FILLON,False
7244,2022,Marine LE PEN,Marine LE PEN,True
7245,2022,Marine LE PEN,Marine LE PEN,True
7246,2022,Emmanuel MACRON,François FILLON,False
7247,2022,Marine LE PEN,Marine LE PEN,True
7248,2022,Jean-Luc MÉLENCHON,Emmanuel MACRON,False
7249,2022,Marine LE PEN,Marine LE PEN,True
7250,2022,Marine LE PEN,Marine LE PEN,True
7251,2022,Marine LE PEN,Marine LE PEN,True
7252,2022,Emmanuel MACRON,François FILLON,False
7253,2022,Emmanuel MACRON,François FILLON,False
7254,2022,Emmanuel MACRON,François FILLON,False
7255,2022,Marine LE PEN,Marine LE PEN,True
7256,2022,Emmanuel MACRON,François FILLON,False
7257,2022,Emmanuel MACRON,François FILLON,False
7258,2022,Marine LE PEN,Marine LE PEN,True
7259,2022,Marine LE PEN,Marine LE PEN,True
7260,2022,Marine LE PEN,Marine LE PEN,True
7261,2022,Marine LE PEN,Marine LE PEN,True
7262,2022,Marine LE PEN,Marine LE PEN,True
7263,2022,Marine LE PEN,Marine LE PEN,True
7264,2022,Jean-Luc MÉLENCHON,François FILLON,False
7265,2022,Emmanuel MACRON,François FILLON,False
7266,2022,Marine LE PEN,Marine LE PEN,True
7267,2022,Emmanuel MACRON,François FILLON,False
7268,2022,Emmanuel MACRON,François FILLON,False
7269,2022,Marine LE PEN,Marine LE PEN,True
7270,2022,Marine LE PEN,Marine LE PEN,True
7271,2022,Emmanuel MACRON,François FILLON,False
7273,2022,Emmanuel MACRON,François FILLON,False
7274,2022,Marine LE PEN,Marine LE PEN,True
7275,2022,Marine LE PEN,Marine LE PEN,True
7276,2022,Emmanuel MACRON,François FILLON,False
7277,2022,Marine LE PEN,Marine LE PEN,True
7278,2022,Emmanuel MACRON,François FILLON,False
7279,2022,Marine LE PEN,Marine LE PEN,True
7280,2022,Marine LE PEN,Marine LE PEN,True
7281,2022,Emmanuel MACRON,François FILLON,False
7282,2022,Emmanuel MACRON,François FILLON,False
7283,2022,Marine LE PEN,Marine LE PEN,True
7284,2022,Marine LE PEN,Marine LE PEN,True
7285,2022,Marine LE PEN,Marine LE PEN,True
7286,2022,Emmanuel MACRON,François FILLON,False
7287,2022,Marine LE PEN,Marine LE PEN,True
7288,2022,Marine LE PEN,Marine LE PEN,True
7289,2022,Marine LE PEN,Marine LE PEN,True
7290,2022,Marine LE PEN,Marine LE PEN,True
7291,2022,Marine LE PEN,Marine LE PEN,True
7292,2022,Marine LE PEN,Marine LE PEN,True
7293,2022,Marine LE PEN,Marine LE PEN,True
7294,2022,Marine LE PEN,Marine LE PEN,True
7295,2022,Marine LE PEN,Marine LE PEN,True
7296,2022,Marine LE PEN,Marine LE PEN,True
7297,2022,Emmanuel MACRON,François FILLON,False
7298,2022,Marine LE PEN,Marine LE PEN,True
7299,2022,Emmanuel MACRON,François FILLON,False
7300,2022,Emmanuel MACRON,François FILLON,False
7301,2022,Jean-Luc MÉLENCHON,François FILLON,False
7302,2022,Emmanuel MACRON,François FILLON,False
7303,2022,Emmanuel MACRON,François FILLON,False
7304,2022,Emmanuel MACRON,François FILLON,False
7305,2022,Marine LE PEN,Marine LE PEN,True
7306,2022,Marine LE PEN,Marine LE PEN,True
7307,2022,Emmanuel MACRON,François FILLON,False
7308,2022,Emmanuel MACRON,François FILLON,False
7309,2022,Marine LE PEN,Marine LE PEN,True
7310,2022,Emmanuel MACRON,Emmanuel MACRON,True
7311,2022,Emmanuel MACRON,François FILLON,False
7312,2022,Marine LE PEN,Marine LE PEN,True
7313,2022,Emmanuel MACRON,François FILLON,False
7314,2022,Marine LE PEN,Marine LE PEN,True
7315,2022,Marine LE PEN,Marine LE PEN,True
7316,2022,Emmanuel MACRON,François FILLON,False
7317,2022,Emmanuel MACRON,François FILLON,False
7318,2022,Marine LE PEN,Marine LE PEN,True
7319,2022,Marine LE PEN,Marine LE PEN,True
7320,2022,Marine LE PEN,Marine LE PEN,True
7321,2022,Marine LE PEN,Marine LE PEN,True
7322,2022,Marine LE PEN,Marine LE PEN,True
7323,2022,Emmanuel MACRON,François FILLON,False
7324,2022,Emmanuel MACRON,François FILLON,False
7325,2022,Marine LE PEN,Marine LE PEN,True
7326,2022,Jean-Luc MÉLENCHON,François FILLON,False
7327,2022,Marine LE PEN,Marine LE PEN,True
7328,2022,Marine LE PEN,Marine LE PEN,True
7329,2022,Marine LE PEN,Marine LE PEN,True
7330,2022,Marine LE PEN,Marine LE PEN,True
7331,2022,Marine LE PEN,Marine LE PEN,True
7332,2022,Emmanuel MACRON,François FILLON,False
7333,2022,Marine LE PEN,Marine LE PEN,True
7334,2022,Emmanuel MACRON,François FILLON,False
7335,2022,Marine LE PEN,Marine LE PEN,True
7336,2022,Emmanuel MACRON,François FILLON,False
7337,2022,Emmanuel MACRON,François FILLON,False
7338,2022,Marine LE PEN,Marine LE PEN,True
7339,2022,Marine LE PEN,Marine LE PEN,True
7340,2022,Emmanuel MACRON,François FILLON,False
7341,2022,Marine LE PEN,Marine LE PEN,True
7342,2022,Marine LE PEN,Marine LE PEN,True
7344,2022,Marine LE PEN,Marine LE PEN,True
7345,2022,Jean-Luc MÉLENCHON,François FILLON,False
7346,2022,Marine LE PEN,Marine LE PEN,True
7347,2022,Marine LE PEN,Marine LE PEN,True
7348,2022,Marine LE PEN,Marine LE PEN,True
7349,2022,Marine LE PEN,Marine LE PEN,True
7350,2022,Marine LE PEN,Marine LE PEN,True
7351,2022,Marine LE PEN,Marine LE PEN,True
7352,2022,Jean-Luc MÉLENCHON,François FILLON,False
7353,2022,Marine LE PEN,Marine LE PEN,True
7354,2022,Marine LE PEN,Marine LE PEN,True
7355,2022,Marine LE PEN,Marine LE PEN,True
7356,2022,Emmanuel MACRON,François FILLON,False
7357,2022,Marine LE PEN,Marine LE PEN,True
7358,2022,Marine LE PEN,Marine LE PEN,True
7359,2022,Emmanuel MACRON,François FILLON,False
7360,2022,Marine LE PEN,Marine LE PEN,True
7361,2022,Emmanuel MACRON,François FILLON,False
7362,2022,Marine LE PEN,Marine LE PEN,True
7363,2022,Emmanuel MACRON,François FILLON,False
7364,2022,Marine LE PEN,Marine LE PEN,True
7365,2022,Marine LE PEN,Marine LE PEN,True
7366,2022,Emmanuel MACRON,François FILLON,False
7367,2022,Jean-Luc MÉLENCHON,François FILLON,False
7368,2022,Marine LE PEN,Marine LE PEN,True
7369,2022,Emmanuel MACRON,François FILLON,False
7370,2022,Marine LE PEN,Marine LE PEN,True
7371,2022,Emmanuel MACRON,Emmanuel MACRON,True
7372,2022,Emmanuel MACRON,François FILLON,False
7373,2022,Emmanuel MACRON,François FILLON,False
7374,2022,Emmanuel MACRON,François FILLON,False
7375,2022,Emmanuel MACRON,François FILLON,False
7376,2022,Marine LE PEN,Marine LE PEN,True
7377,2022,Emmanuel MACRON,François FILLON,False
7378,2022,Emmanuel MACRON,François FILLON,False
7379,2022,Emmanuel MACRON,François FILLON,False
7380,2022,Emmanuel MACRON,François FILLON,False
7381,2022,Emmanuel MACRON,François FILLON,False
7382,2022,Marine LE PEN,Marine LE PEN,True
7383,2022,Emmanuel MACRON,François FILLON,False
7384,2022,Emmanuel MACRON,François FILLON,False
7385,2022,Emmanuel MACRON,François FILLON,False
7386,2022,Emmanuel MACRON,François FILLON,False
7387,2022,Emmanuel MACRON,François FILLON,False
7388,2022,Emmanuel MACRON,François FILLON,False
7389,2022,Emmanuel MACRON,François FILLON,False
7390,2022,Marine LE PEN,Marine LE PEN,True
7391,2022,Emmanuel MACRON,François FILLON,False
7392,2022,Emmanuel MACRON,François FILLON,False
7393,2022,Marine LE PEN,Marine LE PEN,True
7394,2022,Emmanuel MACRON,François FILLON,False
7395,2022,Marine LE PEN,Marine LE PEN,True
7396,2022,Emmanuel MACRON,François FILLON,False
7397,2022,Emmanuel MACRON,François FILLON,False
7399,2022,Emmanuel MACRON,François FILLON,False
7400,2022,Marine LE PEN,Marine LE PEN,True
7401,2022,Marine LE PEN,Marine LE PEN,True
7402,2022,Emmanuel MACRON,Emmanuel MACRON,True
7403,2022,Emmanuel MACRON,François FILLON,False
7404,2022,Emmanuel MACRON,Emmanuel MACRON,True
7405,2022,Emmanuel MACRON,François FILLON,False
7406,2022,Marine LE PEN,Marine LE PEN,True
7407,2022,Emmanuel MACRON,François FILLON,False
7408,2022,Emmanuel MACRON,François FILLON,False
7409,2022,Emmanuel MACRON,François FILLON,False
7410,2022,Emmanuel MACRON,François FILLON,False
7411,2022,Emmanuel MACRON,François FILLON,False
7412,2022,Marine LE PEN,Marine LE PEN,True
7413,2022,Emmanuel MACRON,François FILLON,False
7414,2022,Emmanuel MACRON,Emmanuel MACRON,True
7415,2022,Emmanuel MACRON,François FILLON,False
7416,2022,Jean-Luc MÉLENCHON,François FILLON,False
7417,2022,Emmanuel MACRON,François FILLON,False
7418,2022,Emmanuel MACRON,François FILLON,False
7419,2022,Jean-Luc MÉLENCHON,François FILLON,False
7420,2022,Emmanuel MACRON,François FILLON,False
7421,2022,Marine LE PEN,Marine LE PEN,True
7422,2022,Emmanuel MACRON,François FILLON,False
7423,2022,Emmanuel MACRON,Emmanuel MACRON,True
7424,2022,Emmanuel MACRON,François FILLON,False
7425,2022,Emmanuel MACRON,François FILLON,False
7426,2022,Emmanuel MACRON,François FILLON,False
7427,2022,Emmanuel MACRON,François FILLON,False
7428,2022,Emmanuel MACRON,François FILLON,False
7429,2022,Marine LE PEN,Marine LE PEN,True
7430,2022,Emmanuel MACRON,François FILLON,False
7431,2022,Emmanuel MACRON,François FILLON,False
7432,2022,Marine LE PEN,Marine LE PEN,True
7433,2022,Emmanuel MACRON,François FILLON,False
7434,2022,Emmanuel MACRON,Emmanuel MACRON,True
7436,2022,Emmanuel MACRON,François FILLON,False
7437,2022,Emmanuel MACRON,François FILLON,False
7438,2022,Emmanuel MACRON,François FILLON,False
7439,2022,Emmanuel MACRON,François FILLON,False
7440,2022,Emmanuel MACRON,François FILLON,False
7441,2022,Emmanuel MACRON,François FILLON,False
7442,2022,Marine LE PEN,Marine LE PEN,True
7443,2022,Jean-Luc MÉLENCHON,François FILLON,False
7444,2022,Emmanuel MACRON,François FILLON,False
7445,2022,Emmanuel MACRON,François FILLON,False
7446,2022,Marine LE PEN,Marine LE PEN,True
7447,2022,Emmanuel MACRON,François FILLON,False
7448,2022,Emmanuel MACRON,Emmanuel MACRON,True
7449,2022,Emmanuel MACRON,Emmanuel MACRON,True
7450,2022,Marine LE PEN,Marine LE PEN,True
7451,2022,Marine LE PEN,Marine LE PEN,True
7452,2022,Emmanuel MACRON,François FILLON,False
7453,2022,Emmanuel MACRON,Emmanuel MACRON,True
7454,2022,Emmanuel MACRON,François FILLON,False
7456,2022,Emmanuel MACRON,François FILLON,False
7457,2022,Emmanuel MACRON,Emmanuel MACRON,True
7458,2022,Marine LE PEN,Marine LE PEN,True
7459,2022,Marine LE PEN,Marine LE PEN,True
7460,2022,Emmanuel MACRON,Emmanuel MACRON,True
7461,2022,Emmanuel MACRON,François FILLON,False
7462,2022,Jean-Luc MÉLENCHON,François FILLON,False
7463,2022,Jean-Luc MÉLENCHON,François FILLON,False
7464,2022,Emmanuel MACRON,Emmanuel MACRON,True
7465,2022,Emmanuel MACRON,François FILLON,False
7466,2022,Emmanuel MACRON,François FILLON,False
7467,2022,Emmanuel MACRON,Emmanuel MACRON,True
7468,2022,Emmanuel MACRON,François FILLON,False
7469,2022,Emmanuel MACRON,François FILLON,False
7470,2022,Marine LE PEN,Marine LE PEN,True
7471,2022,Emmanuel MACRON,Emmanuel MACRON,True
7472,2022,Emmanuel MACRON,Emmanuel MACRON,True
7473,2022,Jean-Luc MÉLENCHON,François FILLON,False
7474,2022,Marine LE PEN,Marine LE PEN,True
7475,2022,Marine LE PEN,Marine LE PEN,True
7477,2022,Jean-Luc MÉLENCHON,François FILLON,False
7478,2022,Marine LE PEN,Marine LE PEN,True
7479,2022,Emmanuel MACRON,François FILLON,False
7480,2022,Emmanuel MACRON,François FILLON,False
7481,2022,Jean-Luc MÉLENCHON,François FILLON,False
7482,2022,Marine LE PEN,Marine LE PEN,True
7483,2022,Emmanuel MACRON,François FILLON,False
7484,2022,Emmanuel MACRON,François FILLON,False
7485,2022,Emmanuel MACRON,François FILLON,False
7486,2022,Marine LE PEN,Marine LE PEN,True
7487,2022,Emmanuel MACRON,François FILLON,False
7488,2022,Marine LE PEN,Marine LE PEN,True
7489,2022,Jean-Luc MÉLENCHON,François FILLON,False
7490,2022,Emmanuel MACRON,François FILLON,False
7491,2022,Emmanuel MACRON,François FILLON,False
7492,2022,Marine LE PEN,Marine LE PEN,True
7493,2022,Emmanuel MACRON,François FILLON,False
7494,2022,Emmanuel MACRON,François FILLON,False
7495,2022,Marine LE PEN,Marine LE PEN,True
7496,2022,Jean-Luc MÉLENCHON,François FILLON,False
7497,2022,Emmanuel MACRON,François FILLON,False
7498,2022,Marine LE PEN,Marine LE PEN,True
7499,2022,Jean-Luc MÉLENCHON,François FILLON,False
7500,2022,Emmanuel MACRON,François FILLON,False
7501,2022,Emmanuel MACRON,François FILLON,False
7502,2022,Jean-Luc MÉLENCHON,François FILLON,False
7504,2022,Emmanuel MACRON,Emmanuel MACRON,True
7505,2022,Marine LE PEN,Marine LE PEN,True
7506,2022,Marine LE PEN,Marine LE PEN,True
7507,2022,Emmanuel MACRON,Emmanuel MACRON,True
7508,2022,Emmanuel MACRON,Emmanuel MACRON,True
7509,2022,Emmanuel MACRON,François FILLON,False
7510,2022,Emmanuel MACRON,Emmanuel MACRON,True
7511,2022,Marine LE PEN,Marine LE PEN,True
7512,2022,Emmanuel MACRON,François FILLON,False
7513,2022,Emmanuel MACRON,François FILLON,False
7514,2022,Emmanuel MACRON,François FILLON,False
7515,2022,Emmanuel MACRON,François FILLON,False
7516,2022,Jean-Luc MÉLENCHON,François FILLON,False
7517,2022,Emmanuel MACRON,Emmanuel MACRON,True
7518,2022,Emmanuel MACRON,Emmanuel MACRON,True
7519,2022,Emmanuel MACRON,François FILLON,False
7521,2022,Marine LE PEN,Marine LE PEN,True
7522,2022,Emmanuel MACRON,Emmanuel MACRON,True
7523,2022,Emmanuel MACRON,Emmanuel MACRON,True
7524,2022,Emmanuel MACRON,François FILLON,False
7525,2022,Emmanuel MACRON,François FILLON,False
7526,2022,Emmanuel MACRON,François FILLON,False
7527,2022,Emmanuel MACRON,Emmanuel MACRON,True
7528,2022,Marine LE PEN,Marine LE PEN,True
7529,2022,Emmanuel MACRON,Emmanuel MACRON,True
7530,2022,Marine LE PEN,Marine LE PEN,True
7531,2022,Emmanuel MACRON,François FILLON,False
7532,2022,Emmanuel MACRON,François FILLON,False
7533,2022,Emmanuel MACRON,François FILLON,False
7534,2022,Emmanuel MACRON,François FILLON,False
7535,2022,Marine LE PEN,Marine LE PEN,True
7536,2022,Emmanuel MACRON,François FILLON,False
7537,2022,Emmanuel MACRON,Emmanuel MACRON,True
7538,2022,Emmanuel MACRON,François FILLON,False
7539,2022,Emmanuel MACRON,François FILLON,False
7540,2022,Emmanuel MACRON,François FILLON,False
7541,2022,Emmanuel MACRON,François FILLON,False
7542,2022,Emmanuel MACRON,François FILLON,False
7543,2022,Emmanuel MACRON,François FILLON,False
7544,2022,Marine LE PEN,Marine LE PEN,True
7545,2022,Marine LE PEN,Marine LE PEN,True
7546,2022,Emmanuel MACRON,François FILLON,False
7547,2022,Marine LE PEN,Marine LE PEN,True
7548,2022,Emmanuel MACRON,François FILLON,False
7549,2022,Emmanuel MACRON,François FILLON,False
7550,2022,Marine LE PEN,Marine LE PEN,True
7551,2022,Emmanuel MACRON,François FILLON,False
7552,2022,Marine LE PEN,Marine LE PEN,True
7553,2022,Emmanuel MACRON,François FILLON,False
7554,2022,Emmanuel MACRON,François FILLON,False
7555,2022,Emmanuel MACRON,François FILLON,False
7556,2022,Emmanuel MACRON,François FILLON,False
7557,2022,Marine LE PEN,Marine LE PEN,True
7558,2022,Emmanuel MACRON,François FILLON,False
7559,2022,Emmanuel MACRON,François FILLON,False
7560,2022,Emmanuel MACRON,François FILLON,False
7561,2022,Marine LE PEN,Marine LE PEN,True
7562,2022,Marine LE PEN,Marine LE PEN,True
7563,2022,Emmanuel MACRON,François FILLON,False
7564,2022,Emmanuel MACRON,François FILLON,False
7565,2022,Emmanuel MACRON,François FILLON,False
7566,2022,Jean-Luc MÉLENCHON,François FILLON,False
7567,2022,Emmanuel MACRON,François FILLON,False
7568,2022,Emmanuel MACRON,François FILLON,False
7569,2022,Emmanuel MACRON,Emmanuel MACRON,True
7570,2022,Emmanuel MACRON,Emmanuel MACRON,True
7571,2022,Emmanuel MACRON,François FILLON,False
7572,2022,Marine LE PEN,Marine LE PEN,True
7573,2022,Marine LE PEN,Marine LE PEN,True
7574,2022,Marine LE PEN,Marine LE PEN,True
7575,2022,Jean-Luc MÉLENCHON,François FILLON,False
7576,2022,Emmanuel MACRON,Emmanuel MACRON,True
7577,2022,Marine LE PEN,Marine LE PEN,True
7578,2022,Marine LE PEN,Marine LE PEN,True
7579,2022,Emmanuel MACRON,François FILLON,False
7580,2022,Marine LE PEN,Marine LE PEN,True
7581,2022,Emmanuel MACRON,Emmanuel MACRON,True
7582,2022,Jean-Luc MÉLENCHON,François FILLON,False
7583,2022,Marine LE PEN,Marine LE PEN,True
7584,2022,Emmanuel MACRON,François FILLON,False
7585,2022,Emmanuel MACRON,François FILLON,False
7586,2022,Emmanuel MACRON,François FILLON,False
7587,2022,Marine LE PEN,Marine LE PEN,True
7588,2022,Emmanuel MACRON,François FILLON,False
7589,2022,Marine LE PEN,Marine LE PEN,True
7590,2022,Emmanuel MACRON,Emmanuel MACRON,True
7592,2022,Emmanuel MACRON,François FILLON,False
7593,2022,Marine LE PEN,Marine LE PEN,True
7594,2022,Emmanuel MACRON,François FILLON,False
7595,2022,Emmanuel MACRON,Emmanuel MACRON,True
7597,2022,Emmanuel MACRON,François FILLON,False
7598,2022,Marine LE PEN,Marine LE PEN,True
7599,2022,Marine LE PEN,Marine LE PEN,True
7600,2022,Emmanuel MACRON,François FILLON,False
7601,2022,Emmanuel MACRON,Emmanuel MACRON,True
7602,2022,Emmanuel MACRON,François FILLON,False
7603,2022,Emmanuel MACRON,François FILLON,False
7604,2022,Marine LE PEN,Marine LE PEN,True
7605,2022,Emmanuel MACRON,François FILLON,False
7606,2022,Emmanuel MACRON,François FILLON,False
7607,2022,Emmanuel MACRON,François FILLON,False
7608,2022,Emmanuel MACRON,François FILLON,False
7609,2022,Emmanuel MACRON,François FILLON,False
7610,2022,Marine LE PEN,Marine LE PEN,True
7611,2022,Marine LE PEN,Marine LE PEN,True
7612,2022,Emmanuel MACRON,François FILLON,False
7613,2022,Marine LE PEN,Marine LE PEN,True
7614,2022,Emmanuel MACRON,François FILLON,False
7615,2022,Emmanuel MACRON,Emmanuel MACRON,True
7616,2022,Jean-Luc MÉLENCHON,François FILLON,False
7617,2022,Emmanuel MACRON,François FILLON,False
7618,2022,Emmanuel MACRON,François FILLON,False
7619,2022,Emmanuel MACRON,Emmanuel MACRON,True
7620,2022,Emmanuel MACRON,François FILLON,False
7621,2022,Emmanuel MACRON,François FILLON,False
7622,2022,Emmanuel MACRON,François FILLON,False
7623,2022,Marine LE PEN,Marine LE PEN,True
7624,2022,Emmanuel MACRON,François FILLON,False
7625,2022,Marine LE PEN,Marine LE PEN,True
7626,2022,Marine LE PEN,Marine LE PEN,True
7627,2022,Emmanuel MACRON,François FILLON,False
7628,2022,Emmanuel MACRON,François FILLON,False
7629,2022,Emmanuel MACRON,Emmanuel MACRON,True
7630,2022,Emmanuel MACRON,François FILLON,False
7631,2022,Emmanuel MACRON,François FILLON,False
7632,2022,Emmanuel MACRON,François FILLON,False
7633,2022,Emmanuel MACRON,François FILLON,False
7634,2022,Marine LE PEN,Marine LE PEN,True
7635,2022,Emmanuel MACRON,François FILLON,False
7636,2022,Marine LE PEN,Marine LE PEN,True
7637,2022,Emmanuel MACRON,Emmanuel MACRON,True
7638,2022,Marine LE PEN,Marine LE PEN,True
7639,2022,Emmanuel MACRON,François FILLON,False
7640,2022,Jean-Luc MÉLENCHON,François FILLON,False
7641,2022,Emmanuel MACRON,François FILLON,False
7642,2022,Marine LE PEN,Marine LE PEN,True
7643,2022,Emmanuel MACRON,Emmanuel MACRON,True
7644,2022,Emmanuel MACRON,François FILLON,False
7645,2022,Emmanuel MACRON,François FILLON,False
7646,2022,Marine LE PEN,Marine LE PEN,True
7647,2022,Emmanuel MACRON,François FILLON,False
7648,2022,Emmanuel MACRON,François FILLON,False
7649,2022,Emmanuel MACRON,François FILLON,False
7650,2022,Marine LE PEN,Marine LE PEN,True
7651,2022,Emmanuel MACRON,François FILLON,False
7652,2022,Marine LE PEN,Marine LE PEN,True
7653,2022,Marine LE PEN,Marine LE PEN,True
7654,2022,Emmanuel MACRON,François FILLON,False
7655,2022,Emmanuel MACRON,François FILLON,False
7656,2022,Jean-Luc MÉLENCHON,François FILLON,False
7657,2022,Emmanuel MACRON,François FILLON,False
7658,2022,Marine LE PEN,Marine LE PEN,True
7659,2022,Emmanuel MACRON,François FILLON,False
7660,2022,Emmanuel MACRON,François FILLON,False
7661,2022,Emmanuel MACRON,François FILLON,False
7662,2022,Emmanuel MACRON,François FILLON,False
7663,2022,Emmanuel MACRON,Emmanuel MACRON,True
7664,2022,Jean-Luc MÉLENCHON,François FILLON,False
7665,2022,Emmanuel MACRON,François FILLON,False
7666,2022,Emmanuel MACRON,François FILLON,False
7667,2022,Emmanuel MACRON,François FILLON,False
7668,2022,Marine LE PEN,Marine LE PEN,True
7669,2022,Emmanuel MACRON,François FILLON,False
7670,2022,Marine LE PEN,Marine LE PEN,True
7671,2022,Marine LE PEN,Marine LE PEN,True
7672,2022,Marine LE PEN,Marine LE PEN,True
7673,2022,Emmanuel MACRON,François FILLON,False
7674,2022,Emmanuel MACRON,François FILLON,False
7675,2022,Emmanuel MACRON,François FILLON,False
7676,2022,Marine LE PEN,Marine LE PEN,True
7677,2022,Emmanuel MACRON,François FILLON,False
7678,2022,Marine LE PEN,Marine LE PEN,True
7679,2022,Emmanuel MACRON,Emmanuel MACRON,True
7680,2022,Emmanuel MACRON,François FILLON,False
7681,2022,Emmanuel MACRON,François FILLON,False
7682,2022,Emmanuel MACRON,François FILLON,False
7683,2022,Jean-Luc MÉLENCHON,Emmanuel MACRON,False
7684,2022,Jean-Luc MÉLENCHON,François FILLON,False
7685,2022,Emmanuel MACRON,François FILLON,False
7686,2022,Emmanuel MACRON,François FILLON,False
7687,2022,Emmanuel MACRON,François FILLON,False
7688,2022,Marine LE PEN,Marine LE PEN,True
7689,2022,Emmanuel MACRON,Emmanuel MACRON,True
7690,2022,Jean-Luc MÉLENCHON,François FILLON,False
7691,2022,Jean-Luc MÉLENCHON,François FILLON,False
7692,2022,Emmanuel MACRON,Emmanuel MACRON,True
7693,2022,Emmanuel MACRON,François FILLON,False
7694,2022,Emmanuel MACRON,François FILLON,False
7695,2022,Emmanuel MACRON,François FILLON,False
7696,2022,Emmanuel MACRON,Emmanuel MACRON,True
7697,2022,Jean-Luc MÉLENCHON,Emmanuel MACRON,False
7698,2022,Emmanuel MACRON,François FILLON,False
7699,2022,Emmanuel MACRON,François FILLON,False
7700,2022,Emmanuel MACRON,François FILLON,False
7701,2022,Marine LE PEN,Marine LE PEN,True
7702,2022,Emmanuel MACRON,François FILLON,False
7703,2022,Emmanuel MACRON,Emmanuel MACRON,True
7704,2022,Marine LE PEN,Marine LE PEN,True
7705,2022,Emmanuel MACRON,Emmanuel MACRON,True
7706,2022,Emmanuel MACRON,François FILLON,False
7707,2022,Emmanuel MACRON,François FILLON,False
7708,2022,Emmanuel MACRON,François FILLON,False
7709,2022,Emmanuel MACRON,François FILLON,False
7710,2022,Marine LE PEN,Marine LE PEN,True
7711,2022,Emmanuel MACRON,François FILLON,False
7712,2022,Emmanuel MACRON,François FILLON,False
7713,2022,Emmanuel MACRON,François FILLON,False
7714,2022,Emmanuel MACRON,François FILLON,False
7715,2022,Emmanuel MACRON,François FILLON,False
7716,2022,Jean-Luc MÉLENCHON,François FILLON,False
7717,2022,Marine LE PEN,Marine LE PEN,True
7718,2022,Emmanuel MACRON,Emmanuel MACRON,True
7719,2022,Marine LE PEN,Marine LE PEN,True
7720,2022,Emmanuel MACRON,François FILLON,False
7721,2022,Marine LE PEN,Marine LE PEN,True
7722,2022,Marine LE PEN,Marine LE PEN,True
7723,2022,Marine LE PEN,Marine LE PEN,True
7724,2022,Marine LE PEN,Marine LE PEN,True
7725,2022,Marine LE PEN,Marine LE PEN,True
7726,2022,Emmanuel MACRON,François FILLON,False
7727,2022,Emmanuel MACRON,François FILLON,False
7728,2022,Jean-Luc MÉLENCHON,François FILLON,False
7729,2022,Emmanuel MACRON,François FILLON,False
7730,2022,Emmanuel MACRON,François FILLON,False
7731,2022,Marine LE PEN,Marine LE PEN,True
7732,2022,Jean LASSALLE,Emmanuel MACRON,False
7733,2022,Emmanuel MACRON,Emmanuel MACRON,True
7734,2022,Emmanuel MACRON,François FILLON,False
7735,2022,Marine LE PEN,Marine LE PEN,True
7736,2022,Emmanuel MACRON,Emmanuel MACRON,True
7737,2022,Marine LE PEN,Marine LE PEN,True
7738,2022,Emmanuel MACRON,Emmanuel MACRON,True
7739,2022,Jean-Luc MÉLENCHON,Emmanuel MACRON,False
7740,2022,Emmanuel MACRON,François FILLON,False
7741,2022,Emmanuel MACRON,François FILLON,False
7742,2022,Marine LE PEN,Marine LE PEN,True
7743,2022,Marine LE PEN,Marine LE PEN,True
7744,2022,Marine LE PEN,Marine LE PEN,True
7745,2022,Marine LE PEN,Marine LE PEN,True
7746,2022,Marine LE PEN,Marine LE PEN,True
7747,2022,Emmanuel MACRON,Emmanuel MACRON,True
7748,2022,Marine LE PEN,Marine LE PEN,True
7749,2022,Marine LE PEN,Marine LE PEN,True
7750,2022,Emmanuel MACRON,François FILLON,False
7751,2022,Emmanuel MACRON,François FILLON,False
7752,2022,Emmanuel MACRON,François FILLON,False
7753,2022,Marine LE PEN,Marine LE PEN,True
7754,2022,Emmanuel MACRON,Jean-Luc MÉLENCHON,False
7755,2022,Marine LE PEN,Marine LE PEN,True
7756,2022,Marine LE PEN,Marine LE PEN,True
7757,2022,Emmanuel MACRON,François FILLON,False
7758,2022,Marine LE PEN,Marine LE PEN,True
7759,2022,Jean-Luc MÉLENCHON,François FILLON,False
7760,2022,Marine LE PEN,Marine LE PEN,True
7761,2022,Marine LE PEN,Marine LE PEN,True
7762,2022,Emmanuel MACRON,François FILLON,False
7763,2022,Marine LE PEN,Marine LE PEN,True
7764,2022,Jean-Luc MÉLENCHON,François FILLON,False
7765,2022,Marine LE PEN,Marine LE PEN,True
7766,2022,Emmanuel MACRON,François FILLON,False
7767,2022,Jean-Luc MÉLENCHON,François FILLON,False
7768,2022,Jean-Luc MÉLENCHON,Emmanuel MACRON,False
7769,2022,Jean-Luc MÉLENCHON,François FILLON,False
7770,2022,Jean-Luc MÉLENCHON,François FILLON,False
7771,2022,Marine LE PEN,Marine LE PEN,True
7772,2022,Jean-Luc MÉLENCHON,François FILLON,False
7773,2022,Emmanuel MACRON,Emmanuel MACRON,True
7774,2022,Marine LE PEN,Marine LE PEN,True
7775,2022,Marine LE PEN,Marine LE PEN,True
7776,2022,Emmanuel MACRON,François FILLON,False
7777,2022,Marine LE PEN,Marine LE PEN,True
7778,2022,Emmanuel MACRON,François FILLON,False
7779,2022,Emmanuel MACRON,François FILLON,False
7780,2022,Emmanuel MACRON,François FILLON,False
7781,2022,Marine LE PEN,Marine LE PEN,True
7782,2022,Marine LE PEN,Marine LE PEN,True
7783,2022,Marine LE PEN,Marine LE PEN,True
7784,2022,Marine LE PEN,Marine LE PEN,True
7785,2022,Marine LE PEN,Marine LE PEN,True
7786,2022,Marine LE PEN,Marine LE PEN,True
7787,2022,Emmanuel MACRON,François FILLON,False
7788,2022,Marine LE PEN,Marine LE PEN,True
7789,2022,Emmanuel MACRON,François FILLON,False
7790,2022,Marine LE PEN,Marine LE PEN,True
7791,2022,Marine LE PEN,Marine LE PEN,True
7792,2022,Marine LE PEN,Marine LE PEN,True
7793,2022,Marine LE PEN,Marine LE PEN,True
7794,2022,Marine LE PEN,Marine LE PEN,True
7795,2022,Emmanuel MACRON,François FILLON,False
7796,2022,Emmanuel MACRON,François FILLON,False
7797,2022,Jean-Luc MÉLENCHON,François FILLON,False
7798,2022,Marine LE PEN,Marine LE PEN,True
7799,2022,Jean-Luc MÉLENCHON,Emmanuel MACRON,False
7800,2022,Emmanuel MACRON,François FILLON,False
7801,2022,Emmanuel MACRON,François FILLON,False
7802,2022,Marine LE PEN,Marine LE PEN,True
7803,2022,Marine LE PEN,Marine LE PEN,True
7804,2022,Jean-Luc MÉLENCHON,François FILLON,False
7805,2022,Emmanuel MACRON,François FILLON,False
7806,2022,Emmanuel MACRON,François FILLON,False
7807,2022,Marine LE PEN,Marine LE PEN,True
7808,2022,Marine LE PEN,Marine LE PEN,True
7809,2022,Jean-Luc MÉLENCHON,Emmanuel MACRON,False
7810,2022,Jean-Luc MÉLENCHON,Emmanuel MACRON,False
7811,2022,Marine LE PEN,Marine LE PEN,True
7812,2022,Marine LE PEN,Marine LE PEN,True
7813,2022,Marine LE PEN,Marine LE PEN,True
7814,2022,Emmanuel MACRON,François FILLON,False
7815,2022,Emmanuel MACRON,François FILLON,False
7816,2022,Jean-Luc MÉLENCHON,Emmanuel MACRON,False
7817,2022,Marine LE PEN,Marine LE PEN,True
7818,2022,Emmanuel MACRON,Emmanuel MACRON,True
7819,2022,Marine LE PEN,Marine LE PEN,True
7820,2022,Marine LE PEN,Marine LE PEN,True
7821,2022,Marine LE PEN,Marine LE PEN,True
7822,2022,Marine LE PEN,Marine LE PEN,True
7823,2022,Marine LE PEN,Marine LE PEN,True
7824,2022,Marine LE PEN,Marine LE PEN,True
7825,2022,Marine LE PEN,Marine LE PEN,True
7826,2022,Marine LE PEN,Marine LE PEN,True
7827,2022,Marine LE PEN,Marine LE PEN,True
7828,2022,Jean-Luc MÉLENCHON,Jean-Luc MÉLENCHON,True
7829,2022,Marine LE PEN,Marine LE PEN,True
7830,2022,Marine LE PEN,Marine LE PEN,True
7831,2022,Marine LE PEN,Marine LE PEN,True
7832,2022,Marine LE PEN,Marine LE PEN,True
7833,2022,Jean-Luc MÉLENCHON,François FILLON,False
7834,2022,Marine LE PEN,Marine LE PEN,True
7835,2022,Emmanuel MACRON,François FILLON,False
7836,2022,Jean-Luc MÉLENCHON,François FILLON,False
7837,2022,Emmanuel MACRON,François FILLON,False
7838,2022,Marine LE PEN,Marine LE PEN,True
7840,2022,Jean-Luc MÉLENCHON,François FILLON,False
7841,2022,Emmanuel MACRON,Emmanuel MACRON,True
7842,2022,Emmanuel MACRON,François FILLON,False
7843,2022,Jean-Luc MÉLENCHON,François FILLON,False
7845,2022,Marine LE PEN,Marine LE PEN,True
7846,2022,Emmanuel MACRON,Emmanuel MACRON,True
7847,2022,Jean-Luc MÉLENCHON,François FILLON,False
7848,2022,Marine LE PEN,Marine LE PEN,True
7849,2022,Emmanuel MACRON,François FILLON,False
7850,2022,Marine LE PEN,Marine LE PEN,True
7851,2022,Marine LE PEN,Marine LE PEN,True
7852,2022,Marine LE PEN,Marine LE PEN,True
7853,2022,Marine LE PEN,Marine LE PEN,True
7854,2022,Emmanuel MACRON,Emmanuel MACRON,True
7855,2022,Emmanuel MACRON,François FILLON,False
7856,2022,Marine LE PEN,Marine LE PEN,True
7857,2022,Marine LE PEN,Marine LE PEN,True
7858,2022,Marine LE PEN,Marine LE PEN,True
7859,2022,Marine LE PEN,Marine LE PEN,True
7860,2022,Emmanuel MACRON,Emmanuel MACRON,True
7861,2022,Jean-Luc MÉLENCHON,François FILLON,False
7862,2022,Marine LE PEN,Marine LE PEN,True
7863,2022,Jean-Luc MÉLENCHON,Emmanuel MACRON,False
7864,2022,Marine LE PEN,Marine LE PEN,True
7865,2022,Marine LE PEN,Marine LE PEN,True
7866,2022,Marine LE PEN,Marine LE PEN,True
7867,2022,Jean-Luc MÉLENCHON,François FILLON,False
7868,2022,Marine LE PEN,Marine LE PEN,True
7869,2022,Marine LE PEN,Marine LE PEN,True
7870,2022,Marine LE PEN,Marine LE PEN,True
7871,2022,Emmanuel MACRON,Emmanuel MACRON,True
7872,2022,Jean-Luc MÉLENCHON,Emmanuel MACRON,False
7873,2022,Jean-Luc MÉLENCHON,François FILLON,False
7874,2022,Emmanuel MACRON,Emmanuel MACRON,True
7875,2022,Marine LE PEN,Marine LE PEN,True
7876,2022,Marine LE PEN,Marine LE PEN,True
7877,2022,Marine LE PEN,Marine LE PEN,True
7878,2022,Marine LE PEN,Marine LE PEN,True
7879,2022,Marine LE PEN,Marine LE PEN,True
7880,2022,Jean-Luc MÉLENCHON,François FILLON,False
7881,2022,Emmanuel MACRON,François FILLON,False
7882,2022,Jean-Luc MÉLENCHON,Emmanuel MACRON,False
7883,2022,Marine LE PEN,Marine LE PEN,True
7884,2022,Jean-Luc MÉLENCHON,François FILLON,False
7885,2022,Marine LE PEN,Marine LE PEN,True
7886,2022,Marine LE PEN,Marine LE PEN,True
7887,2022,Marine LE PEN,Marine LE PEN,True
7888,2022,Marine LE PEN,Marine LE PEN,True
7889,2022,Jean-Luc MÉLENCHON,François FILLON,False
7890,2022,Emmanuel MACRON,Emmanuel MACRON,True
7891,2022,Jean-Luc MÉLENCHON,François FILLON,False
7892,2022,Emmanuel MACRON,Emmanuel MACRON,True
7893,2022,Jean-Luc MÉLENCHON,François FILLON,False
7894,2022,Marine LE PEN,Marine LE PEN,True
7895,2022,Emmanuel MACRON,François FILLON,False
7896,2022,Jean-Luc MÉLENCHON,François FILLON,False
7897,2022,Jean-Luc MÉLENCHON,François FILLON,False
7898,2022,Marine LE PEN,Marine LE PEN,True
7899,2022,Marine LE PEN,Marine LE PEN,True
7900,2022,Jean-Luc MÉLENCHON,Emmanuel MACRON,False
7901,2022,Marine LE PEN,Marine LE PEN,True
7902,2022,Marine LE PEN,Marine LE PEN,True
7903,2022,Marine LE PEN,Marine LE PEN,True
7904,2022,Marine LE PEN,Marine LE PEN,True
7905,2022,Jean-Luc MÉLENCHON,François FILLON,False
7906,2022,Emmanuel MACRON,François FILLON,False
7907,2022,Emmanuel MACRON,Emmanuel MACRON,True
7908,2022,Marine LE PEN,Marine LE PEN,True
7909,2022,Marine LE PEN,Marine LE PEN,True
7910,2022,Jean-Luc MÉLENCHON,Emmanuel MACRON,False
7911,2022,Jean-Luc MÉLENCHON,Emmanuel MACRON,False
7912,2022,Jean-Luc MÉLENCHON,Emmanuel MACRON,False
7913,2022,Marine LE PEN,Marine LE PEN,True
7914,2022,Jean-Luc MÉLENCHON,François FILLON,False
7915,2022,Marine LE PEN,Marine LE PEN,True
7916,2022,Marine LE PEN,Marine LE PEN,True
7917,2022,Emmanuel MACRON,François FILLON,False
7918,2022,Marine LE PEN,Marine LE PEN,True
7919,2022,Marine LE PEN,Marine LE PEN,True
7920,2022,Marine LE PEN,Marine LE PEN,True
7921,2022,Marine LE PEN,Marine LE PEN,True
7922,2022,Marine LE PEN,Marine LE PEN,True
7923,2022,Marine LE PEN,Marine LE PEN,True
7924,2022,Marine LE PEN,Marine LE PEN,True
7925,2022,Marine LE PEN,Marine LE PEN,True
7926,2022,Jean-Luc MÉLENCHON,François FILLON,False
7927,2022,Marine LE PEN,Marine LE PEN,True
7928,2022,Marine LE PEN,Marine LE PEN,True
7929,2022,Marine LE PEN,Marine LE PEN,True
7930,2022,Jean-Luc MÉLENCHON,François FILLON,False
7931,2022,Jean-Luc MÉLENCHON,François FILLON,False
7932,2022,Emmanuel MACRON,François FILLON,False
7933,2022,Marine LE PEN,Marine LE PEN,True
7934,2022,Marine LE PEN,Marine LE PEN,True
7935,2022,Jean LASSALLE,Emmanuel MACRON,False
7936,2022,Jean-Luc MÉLENCHON,François FILLON,False
7937,2022,Jean-Luc MÉLENCHON,François FILLON,False
7938,2022,Emmanuel MACRON,Emmanuel MACRON,True
7939,2022,Jean-Luc MÉLENCHON,Emmanuel MACRON,False
7940,2022,Jean-Luc MÉLENCHON,François FILLON,False
7941,2022,Marine LE PEN,Marine LE PEN,True
7942,2022,Marine LE PEN,Marine LE PEN,True
7943,2022,Marine LE PEN,Marine LE PEN,True
7944,2022,Marine LE PEN,Marine LE PEN,True
7945,2022,Jean-Luc MÉLENCHON,François FILLON,False
7946,2022,Marine LE PEN,Marine LE PEN,True
7947,2022,Marine LE PEN,Marine LE PEN,True
7948,2022,Marine LE PEN,Marine LE PEN,True
7949,2022,Emmanuel MACRON,François FILLON,False
7950,2022,Emmanuel MACRON,François FILLON,False
7951,2022,Emmanuel MACRON,François FILLON,False
7952,2022,Emmanuel MACRON,Emmanuel MACRON,True
7953,2022,Marine LE PEN,Marine LE PEN,True
7954,2022,Jean-Luc MÉLENCHON,Emmanuel MACRON,False
7955,2022,Emmanuel MACRON,François FILLON,False
7956,2022,Emmanuel MACRON,Emmanuel MACRON,True
7957,2022,Marine LE PEN,Marine LE PEN,True
7958,2022,Emmanuel MACRON,Emmanuel MACRON,True
7959,2022,Marine LE PEN,Marine LE PEN,True
7960,2022,Emmanuel MACRON,Emmanuel MACRON,True
7961,2022,Marine LE PEN,Marine LE PEN,True
7962,2022,Jean-Luc MÉLENCHON,François FILLON,False
7963,2022,Marine LE PEN,Marine LE PEN,True
7964,2022,Marine LE PEN,Marine LE PEN,True
7965,2022,Jean-Luc MÉLENCHON,François FILLON,False
7966,2022,Marine LE PEN,Marine LE PEN,True
7967,2022,Marine LE PEN,Marine LE PEN,True
7968,2022,Marine LE PEN,Marine LE PEN,True
7969,2022,Marine LE PEN,Marine LE PEN,True
7970,2022,Marine LE PEN,Marine LE PEN,True
7971,2022,Marine LE PEN,Marine LE PEN,True
7972,2022,Marine LE PEN,Marine LE PEN,True
7973,2022,Marine LE PEN,Marine LE PEN,True
7974,2022,Marine LE PEN,Marine LE PEN,True
7975,2022,Marine LE PEN,Marine LE PEN,True
7976,2022,Jean-Luc MÉLENCHON,Jean-Luc MÉLENCHON,True
7977,2022,Emmanuel MACRON,François FILLON,False
7978,2022,Marine LE PEN,Marine LE PEN,True
7979,2022,Emmanuel MACRON,Emmanuel MACRON,True
7980,2022,Marine LE PEN,Marine LE PEN,True
7981,2022,Jean-Luc MÉLENCHON,François FILLON,False
7982,2022,Marine LE PEN,Marine LE PEN,True
7983,2022,Marine LE PEN,Marine LE PEN,True
7984,2022,Marine LE PEN,Marine LE PEN,True
7985,2022,Marine LE PEN,Marine LE PEN,True
7986,2022,Emmanuel MACRON,Emmanuel MACRON,True
7987,2022,Marine LE PEN,Marine LE PEN,True
7988,2022,Marine LE PEN,Marine LE PEN,True
7989,2022,Emmanuel MACRON,Emmanuel MACRON,True
7990,2022,Jean-Luc MÉLENCHON,Emmanuel MACRON,False
7991,2022,Jean-Luc MÉLENCHON,François FILLON,False
7992,2022,Marine LE PEN,Marine LE PEN,True
7993,2022,Emmanuel MACRON,François FILLON,False
7994,2022,Emmanuel MACRON,Emmanuel MACRON,True
7995,2022,Emmanuel MACRON,Emmanuel MACRON,True
7996,2022,Emmanuel MACRON,Emmanuel MACRON,True
7997,2022,Jean-Luc MÉLENCHON,Emmanuel MACRON,False
7998,2022,Marine LE PEN,Marine LE PEN,True
7999,2022,Emmanuel MACRON,Jean-Luc MÉLENCHON,False
8000,2022,Jean-Luc MÉLENCHON,Emmanuel MACRON,False
8001,2022,Marine LE PEN,Marine LE PEN,True
8002,2022,Marine LE PEN,Marine LE PEN,True
8003,2022,Emmanuel MACRON,Emmanuel MACRON,True
8004,2022,Marine LE PEN,Marine LE PEN,True
8005,2022,Marine LE PEN,Marine LE PEN,True
8006,2022,Marine LE PEN,Marine LE PEN,True
8007,2022,Marine LE PEN,Marine LE PEN,True
8008,2022,Jean-Luc MÉLENCHON,Emmanuel MACRON,False
8009,2022,Jean-Luc MÉLENCHON,Emmanuel MACRON,False
8010,2022,Emmanuel MACRON,Emmanuel MACRON,True
8011,2022,Emmanuel MACRON,Emmanuel MACRON,True
8012,2022,Marine LE PEN,Marine LE PEN,True
8013,2022,Jean-Luc MÉLENCHON,Emmanuel MACRON,False
8014,2022,Emmanuel MACRON,Emmanuel MACRON,True
8015,2022,Marine LE PEN,Marine LE PEN,True
8016,2022,Jean LASSALLE,Emmanuel MACRON,False
8017,2022,Emmanuel MACRON,Emmanuel MACRON,True
8018,2022,Emmanuel MACRON,Emmanuel MACRON,True
8019,2022,Marine LE PEN,Marine LE PEN,True
8020,2022,Emmanuel MACRON,Emmanuel MACRON,True
8021,2022,Marine LE PEN,Marine LE PEN,True
8022,2022,Marine LE PEN,Marine LE PEN,True
8023,2022,Emmanuel MACRON,Emmanuel MACRON,True
8024,2022,Marine LE PEN,Marine LE PEN,True
8025,2022,Jean-Luc MÉLENCHON,Emmanuel MACRON,False
8026,2022,Jean-Luc MÉLENCHON,Emmanuel MACRON,False
8027,2022,Marine LE PEN,Marine LE PEN,True
8028,2022,Marine LE PEN,Marine LE PEN,True
8029,2022,Marine LE PEN,Marine LE PEN,True
8030,2022,Emmanuel MACRON,Emmanuel MACRON,True
8031,2022,Jean-Luc MÉLENCHON,Emmanuel MACRON,False
8032,2022,Marine LE PEN,Marine LE PEN,True
8033,2022,Emmanuel MACRON,Emmanuel MACRON,True
8034,2022,Marine LE PEN,Marine LE PEN,True
8035,2022,Jean-Luc MÉLENCHON,François FILLON,False
8036,2022,Marine LE PEN,Marine LE PEN,True
8037,2022,Jean-Luc MÉLENCHON,Emmanuel MACRON,False
8038,2022,Marine LE PEN,Marine LE PEN,True
8039,2022,Jean-Luc MÉLENCHON,Emmanuel MACRON,False
8040,2022,Marine LE PEN,Marine LE PEN,True
8041,2022,Emmanuel MACRON,Emmanuel MACRON,True
8042,2022,Emmanuel MACRON,Emmanuel MACRON,True
8043,2022,Jean-Luc MÉLENCHON,Emmanuel MACRON,False
8044,2022,Emmanuel MACRON,François FILLON,False
8045,2022,Marine LE PEN,Marine LE PEN,True
8047,2022,Emmanuel MACRON,François FILLON,False
8048,2022,Emmanuel MACRON,Emmanuel MACRON,True
8049,2022,Jean-Luc MÉLENCHON,Emmanuel MACRON,False
8050,2022,Marine LE PEN,Marine LE PEN,True
8051,2022,Jean-Luc MÉLENCHON,Jean-Luc MÉLENCHON,True
8052,2022,Marine LE PEN,Marine LE PEN,True
8053,2022,Jean-Luc MÉLENCHON,Emmanuel MACRON,False
8054,2022,Emmanuel MACRON,Emmanuel MACRON,True
8055,2022,Marine LE PEN,Marine LE PEN,True
8057,2022,Marine LE PEN,Marine LE PEN,True
8058,2022,Emmanuel MACRON,Emmanuel MACRON,True
8059,2022,Marine LE PEN,Marine LE PEN,True
8060,2022,Marine LE PEN,Marine LE PEN,True
8061,2022,Emmanuel MACRON,Emmanuel MACRON,True
8062,2022,Marine LE PEN,Marine LE PEN,True
8063,2022,Emmanuel MACRON,Emmanuel MACRON,True
8064,2022,Marine LE PEN,Marine LE PEN,True
8065,2022,Marine LE PEN,Marine LE PEN,True
8066,2022,Emmanuel MACRON,Emmanuel MACRON,True
8067,2022,Jean-Luc MÉLENCHON,François FILLON,False
8068,2022,Marine LE PEN,Marine LE PEN,True
8069,2022,Emmanuel MACRON,Emmanuel MACRON,True
8070,2022,Jean-Luc MÉLENCHON,Emmanuel MACRON,False
8071,2022,Marine LE PEN,Marine LE PEN,True
8072,2022,Marine LE PEN,Marine LE PEN,True
8073,2022,Emmanuel MACRON,Jean-Luc MÉLENCHON,False
8074,2022,Emmanuel MACRON,Emmanuel MACRON,True
8075,2022,Marine LE PEN,Marine LE PEN,True
8076,2022,Marine LE PEN,Marine LE PEN,True
8077,2022,Emmanuel MACRON,Emmanuel MACRON,True
8078,2022,Marine LE PEN,Marine LE PEN,True
8079,2022,Emmanuel MACRON,Emmanuel MACRON,True
8080,2022,Marine LE PEN,Marine LE PEN,True
8081,2022,Emmanuel MACRON,Emmanuel MACRON,True
8082,2022,Emmanuel MACRON,Jean-Luc MÉLENCHON,False
8083,2022,Marine LE PEN,Marine LE PEN,True
8084,2022,Marine LE PEN,Marine LE PEN,True
8085,2022,Emmanuel MACRON,Emmanuel MACRON,True
8086,2022,Marine LE PEN,Marine LE PEN,True
8088,2022,Marine LE PEN,Marine LE PEN,True
8089,2022,Marine LE PEN,Marine LE PEN,True
8091,2022,Marine LE PEN,Marine LE PEN,True
8092,2022,Emmanuel MACRON,Emmanuel MACRON,True
8093,2022,Marine LE PEN,Marine LE PEN,True
8094,2022,Marine LE PEN,Marine LE PEN,True
8095,2022,Emmanuel MACRON,Emmanuel MACRON,True
8096,2022,Marine LE PEN,Marine LE PEN,True
8097,2022,Jean-Luc MÉLENCHON,Emmanuel MACRON,False
8098,2022,Emmanuel MACRON,Emmanuel MACRON,True
8099,2022,Marine LE PEN,Marine LE PEN,True
8100,2022,Marine LE PEN,Marine LE PEN,True
8101,2022,Marine LE PEN,Marine LE PEN,True
8102,2022,Emmanuel MACRON,Emmanuel MACRON,True
8103,2022,Marine LE PEN,Marine LE PEN,True
8104,2022,Jean-Luc MÉLENCHON,Emmanuel MACRON,False
8105,2022,Marine LE PEN,Marine LE PEN,True
8106,2022,Jean-Luc MÉLENCHON,Emmanuel MACRON,False
8107,2022,Marine LE PEN,Marine LE PEN,True
8108,2022,Marine LE PEN,Marine LE PEN,True
8109,2022,Emmanuel MACRON,Emmanuel MACRON,True
8110,2022,Emmanuel MACRON,François FILLON,False
8111,2022,Emmanuel MACRON,Emmanuel MACRON,True
8112,2022,Emmanuel MACRON,Emmanuel MACRON,True
8113,2022,Jean-Luc MÉLENCHON,Emmanuel MACRON,False
8114,2022,Marine LE PEN,Marine LE PEN,True
8115,2022,Marine LE PEN,Marine LE PEN,True
8116,2022,Marine LE PEN,Marine LE PEN,True
8117,2022,Marine LE PEN,Marine LE PEN,True
8118,2022,Marine LE PEN,Marine LE PEN,True
8119,2022,Marine LE PEN,Marine LE PEN,True
8120,2022,Jean-Luc MÉLENCHON,Jean-Luc MÉLENCHON,True
8121,2022,Marine LE PEN,Marine LE PEN,True
8122,2022,Marine LE PEN,Marine LE PEN,True
8123,2022,Emmanuel MACRON,Emmanuel MACRON,True
8124,2022,Marine LE PEN,Marine LE PEN,True
8125,2022,Emmanuel MACRON,Emmanuel MACRON,True
8126,2022,Marine LE PEN,Marine LE PEN,True
8128,2022,Marine LE PEN,Marine LE PEN,True
8129,2022,Jean-Luc MÉLENCHON,Emmanuel MACRON,False
8130,2022,Emmanuel MACRON,François FILLON,False
8131,2022,Emmanuel MACRON,François FILLON,False
8132,2022,Jean-Luc MÉLENCHON,Emmanuel MACRON,False
8133,2022,Marine LE PEN,Marine LE PEN,True
8134,2022,Marine LE PEN,Marine LE PEN,True
8135,2022,Marine LE PEN,Marine LE PEN,True
8137,2022,Marine LE PEN,Marine LE PEN,True
8138,2022,Jean-Luc MÉLENCHON,Emmanuel MACRON,False
8139,2022,Emmanuel MACRON,Emmanuel MACRON,True
8140,2022,Marine LE PEN,Marine LE PEN,True
8141,2022,Marine LE PEN,Marine LE PEN,True
8142,2022,Marine LE PEN,Marine LE PEN,True
8143,2022,Emmanuel MACRON,Emmanuel MACRON,True
8144,2022,Marine LE PEN,Marine LE PEN,True
8145,2022,Emmanuel MACRON,Emmanuel MACRON,True
8146,2022,Emmanuel MACRON,Emmanuel MACRON,True
8147,2022,Marine LE PEN,Marine LE PEN,True
8148,2022,Jean-Luc MÉLENCHON,Emmanuel MACRON,False
8149,2022,Marine LE PEN,Marine LE PEN,True
8150,2022,Emmanuel MACRON,Emmanuel MACRON,True
8152,2022,Emmanuel MACRON,Emmanuel MACRON,True
8153,2022,Jean-Luc MÉLENCHON,Emmanuel MACRON,False
8154,2022,Emmanuel MACRON,François FILLON,False
8155,2022,Marine LE PEN,Marine LE PEN,True
8156,2022,Marine LE PEN,Marine LE PEN,True
8157,2022,Marine LE PEN,Marine LE PEN,True
8158,2022,Marine LE PEN,Marine LE PEN,True
8159,2022,Marine LE PEN,Marine LE PEN,True
8160,2022,Marine LE PEN,Marine LE PEN,True
8161,2022,Jean-Luc MÉLENCHON,Emmanuel MACRON,False
8162,2022,Marine LE PEN,Marine LE PEN,True
8163,2022,Marine LE PEN,Marine LE PEN,True
8164,2022,Marine LE PEN,Marine LE PEN,True
8165,2022,Emmanuel MACRON,Emmanuel MACRON,True
8166,2022,Emmanuel MACRON,Jean-Luc MÉLENCHON,False
8167,2022,Marine LE PEN,Marine LE PEN,True
8168,2022,Marine LE PEN,Marine LE PEN,True
8169,2022,Marine LE PEN,Marine LE PEN,True
8170,2022,Jean-Luc MÉLENCHON,Emmanuel MACRON,False
8171,2022,Marine LE PEN,Marine LE PEN,True
8172,2022,Marine LE PEN,Marine LE PEN,True
8173,2022,Marine LE PEN,Marine LE PEN,True
8174,2022,Marine LE PEN,Marine LE PEN,True
8175,2022,Marine LE PEN,Marine LE PEN,True
8176,2022,Emmanuel MACRON,Emmanuel MACRON,True
8177,2022,Marine LE PEN,Marine LE PEN,True
8178,2022,Marine LE PEN,Marine LE PEN,True
8179,2022,Jean-Luc MÉLENCHON,Jean-Luc MÉLENCHON,True
8180,2022,Marine LE PEN,Marine LE PEN,True
8181,2022,Marine LE PEN,Marine LE PEN,True
8183,2022,Jean-Luc MÉLENCHON,Emmanuel MACRON,False
8184,2022,Marine LE PEN,Marine LE PEN,True
8185,2022,Marine LE PEN,Marine LE PEN,True
8186,2022,Marine LE PEN,Marine LE PEN,True
8187,2022,Emmanuel MACRON,Emmanuel MACRON,True
8188,2022,Jean-Luc MÉLENCHON,Emmanuel MACRON,False
8189,2022,Marine LE PEN,Marine LE PEN,True
8190,2022,Marine LE PEN,Marine LE PEN,True
8191,2022,Marine LE PEN,Marine LE PEN,True
8192,2022,Emmanuel MACRON,François FILLON,False
8193,2022,Marine LE PEN,Marine LE PEN,True
8194,2022,Marine LE PEN,Marine LE PEN,True
8195,2022,Marine LE PEN,Marine LE PEN,True
8197,2022,Emmanuel MACRON,Emmanuel MACRON,True
8198,2022,Marine LE PEN,Marine LE PEN,True
8199,2022,Marine LE PEN,Marine LE PEN,True
8200,2022,Emmanuel MACRON,Emmanuel MACRON,True
8201,2022,Emmanuel MACRON,Emmanuel MACRON,True
8202,2022,Marine LE PEN,Marine LE PEN,True
8203,2022,Marine LE PEN,Marine LE PEN,True
8204,2022,Marine LE PEN,Marine LE PEN,True
8205,2022,Emmanuel MACRON,Emmanuel MACRON,True
8206,2022,Jean-Luc MÉLENCHON,Emmanuel MACRON,False
8207,2022,Emmanuel MACRON,Emmanuel MACRON,True
8208,2022,Emmanuel MACRON,Emmanuel MACRON,True
8209,2022,Marine LE PEN,Marine LE PEN,True
8210,2022,Marine LE PEN,Marine LE PEN,True
8211,2022,Marine LE PEN,Marine LE PEN,True
8212,2022,Jean-Luc MÉLENCHON,Emmanuel MACRON,False
8213,2022,Marine LE PEN,Marine LE PEN,True
8214,2022,Marine LE PEN,Marine LE PEN,True
8215,2022,Marine LE PEN,Marine LE PEN,True
8216,2022,Marine LE PEN,Marine LE PEN,True
8217,2022,Emmanuel MACRON,Emmanuel MACRON,True
8218,2022,Emmanuel MACRON,Emmanuel MACRON,True
8219,2022,Marine LE PEN,Marine LE PEN,True
8220,2022,Marine LE PEN,Marine LE PEN,True
8221,2022,Emmanuel MACRON,Emmanuel MACRON,True
8222,2022,Emmanuel MACRON,François FILLON,False
8223,2022,Emmanuel MACRON,Emmanuel MACRON,True
8224,2022,Marine LE PEN,Marine LE PEN,True
8225,2022,Marine LE PEN,Marine LE PEN,True
8226,2022,Jean-Luc MÉLENCHON,Emmanuel MACRON,False
8227,2022,Emmanuel MACRON,François FILLON,False
8228,2022,Emmanuel MACRON,Emmanuel MACRON,True
8229,2022,Marine LE PEN,Marine LE PEN,True
8230,2022,Marine LE PEN,Marine LE PEN,True
8231,2022,Jean-Luc MÉLENCHON,Emmanuel MACRON,False
8232,2022,Jean-Luc MÉLENCHON,Emmanuel MACRON,False
8233,2022,Marine LE PEN,Marine LE PEN,True
8234,2022,Marine LE PEN,Marine LE PEN,True
8235,2022,Marine LE PEN,Marine LE PEN,True
8236,2022,Marine LE PEN,Marine LE PEN,True
8237,2022,Marine LE PEN,Marine LE PEN,True
8238,2022,Marine LE PEN,Marine LE PEN,True
8239,2022,Marine LE PEN,Marine LE PEN,True
8240,2022,Marine LE PEN,Marine LE PEN,True
8241,2022,Marine LE PEN,Marine LE PEN,True
8242,2022,Emmanuel MACRON,Emmanuel MACRON,True
8243,2022,Emmanuel MACRON,Emmanuel MACRON,True
8244,2022,Marine LE PEN,Marine LE PEN,True
8245,2022,Emmanuel MACRON,Emmanuel MACRON,True
8246,2022,Emmanuel MACRON,Jean-Luc MÉLENCHON,False
8247,2022,Marine LE PEN,Marine LE PEN,True
8248,2022,Marine LE PEN,Marine LE PEN,True
8249,2022,Marine LE PEN,Marine LE PEN,True
8250,2022,Marine LE PEN,Marine LE PEN,True
8251,2022,Marine LE PEN,Marine LE PEN,True
8252,2022,Marine LE PEN,Marine LE PEN,True
8254,2022,Marine LE PEN,Marine LE PEN,True
8255,2022,Emmanuel MACRON,Emmanuel MACRON,True
8256,2022,Emmanuel MACRON,François FILLON,False
8257,2022,Marine LE PEN,Marine LE PEN,True
8258,2022,Marine LE PEN,Marine LE PEN,True
8259,2022,Marine LE PEN,Marine LE PEN,True
8260,2022,Emmanuel MACRON,Emmanuel MACRON,True
8261,2022,Emmanuel MACRON,Emmanuel MACRON,True
8262,2022,Marine LE PEN,Marine LE PEN,True
8263,2022,Marine LE PEN,Marine LE PEN,True
8264,2022,Jean-Luc MÉLENCHON,Emmanuel MACRON,False
8265,2022,Jean-Luc MÉLENCHON,Emmanuel MACRON,False
8266,2022,Emmanuel MACRON,Emmanuel MACRON,True
8267,2022,Marine LE PEN,Marine LE PEN,True
8268,2022,Jean-Luc MÉLENCHON,Emmanuel MACRON,False
8269,2022,Emmanuel MACRON,Emmanuel MACRON,True
8270,2022,Emmanuel MACRON,Emmanuel MACRON,True
8271,2022,Marine LE PEN,Marine LE PEN,True
8272,2022,Jean-Luc MÉLENCHON,Emmanuel MACRON,False
8273,2022,Emmanuel MACRON,Emmanuel MACRON,True
8274,2022,Marine LE PEN,Marine LE PEN,True
8275,2022,Jean-Luc MÉLENCHON,Jean-Luc MÉLENCHON,True
8276,2022,Marine LE PEN,Marine LE PEN,True
8277,2022,Emmanuel MACRON,Emmanuel MACRON,True
8278,2022,Marine LE PEN,Marine LE PEN,True
8279,2022,Marine LE PEN,Marine LE PEN,True
8280,2022,Emmanuel MACRON,Emmanuel MACRON,True
8281,2022,Marine LE PEN,Marine LE PEN,True
8282,2022,Marine LE PEN,Marine LE PEN,True
8283,2022,Marine LE PEN,Marine LE PEN,True
8284,2022,Marine LE PEN,Marine LE PEN,True
8285,2022,Marine LE PEN,Marine LE PEN,True
8286,2022,Emmanuel MACRON,Emmanuel MACRON,True
8287,2022,Marine LE PEN,Marine LE PEN,True
8288,2022,Emmanuel MACRON,Emmanuel MACRON,True
8289,2022,Marine LE PEN,Marine LE PEN,True
8290,2022,Marine LE PEN,Marine LE PEN,True
8291,2022,Marine LE PEN,Marine LE PEN,True
8292,2022,Jean-Luc MÉLENCHON,François FILLON,False
8293,2022,Marine LE PEN,Marine LE PEN,True
8294,2022,Emmanuel MACRON,Emmanuel MACRON,True
8295,2022,Jean-Luc MÉLENCHON,Emmanuel MACRON,False
8296,2022,Marine LE PEN,Marine LE PEN,True
8297,2022,Jean-Luc MÉLENCHON,Emmanuel MACRON,False
8298,2022,Marine LE PEN,Marine LE PEN,True
8299,2022,Marine LE PEN,Marine LE PEN,True
8300,2022,Jean-Luc MÉLENCHON,Emmanuel MACRON,False
8301,2022,Marine LE PEN,Marine LE PEN,True
8302,2022,Marine LE PEN,Marine LE PEN,True
8303,2022,Marine LE PEN,Marine LE PEN,True
8304,2022,Emmanuel MACRON,Jean-Luc MÉLENCHON,False
8305,2022,Emmanuel MACRON,Emmanuel MACRON,True
8306,2022,Emmanuel MACRON,Jean-Luc MÉLENCHON,False
8307,2022,Marine LE PEN,Marine LE PEN,True
8308,2022,Emmanuel MACRON,Emmanuel MACRON,True
8309,2022,Marine LE PEN,Marine LE PEN,True
8310,2022,Jean-Luc MÉLENCHON,Emmanuel MACRON,False
8311,2022,Marine LE PEN,Marine LE PEN,True
8312,2022,Marine LE PEN,Marine LE PEN,True
8313,2022,Emmanuel MACRON,Emmanuel MACRON,True
8314,2022,Marine LE PEN,Marine LE PEN,True
8315,2022,Emmanuel MACRON,Emmanuel MACRON,True
8316,2022,Emmanuel MACRON,Emmanuel MACRON,True
8318,2022,Marine LE PEN,Marine LE PEN,True
8320,2022,Emmanuel MACRON,Emmanuel MACRON,True
8321,2022,Emmanuel MACRON,Emmanuel MACRON,True
8322,2022,Marine LE PEN,Marine LE PEN,True
8323,2022,Marine LE PEN,Marine LE PEN,True
8324,2022,Emmanuel MACRON,Emmanuel MACRON,True
8325,2022,Emmanuel MACRON,Emmanuel MACRON,True
8326,2022,Marine LE PEN,Marine LE PEN,True
8327,2022,Marine LE PEN,Marine LE PEN,True
8328,2022,Emmanuel MACRON,Emmanuel MACRON,True
8330,2022,Marine LE PEN,Marine LE PEN,True
8331,2022,Marine LE PEN,Marine LE PEN,True
8332,2022,Emmanuel MACRON,Emmanuel MACRON,True
8333,2022,Jean-Luc MÉLENCHON,Emmanuel MACRON,False
8334,2022,Marine LE PEN,Marine LE PEN,True
8335,2022,Marine LE PEN,Marine LE PEN,True
8336,2022,Marine LE PEN,Marine LE PEN,True
8337,2022,Marine LE PEN,Marine LE PEN,True
8338,2022,Marine LE PEN,Marine LE PEN,True
8339,2022,Emmanuel MACRON,Emmanuel MACRON,True
8340,2022,Marine LE PEN,Marine LE PEN,True
8341,2022,Jean-Luc MÉLENCHON,François FILLON,False
8342,2022,Marine LE PEN,Marine LE PEN,True
8343,2022,Jean-Luc MÉLENCHON,Emmanuel MACRON,False
8344,2022,Jean-Luc MÉLENCHON,Emmanuel MACRON,False
8345,2022,Marine LE PEN,Marine LE PEN,True
8346,2022,Marine LE PEN,Marine LE PEN,True
8347,2022,Marine LE PEN,Marine LE PEN,True
8348,2022,Jean-Luc MÉLENCHON,Emmanuel MACRON,False
8349,2022,Marine LE PEN,Marine LE PEN,True
8350,2022,Marine LE PEN,Marine LE PEN,True
8351,2022,Marine LE PEN,Marine LE PEN,True
8352,2022,Emmanuel MACRON,Emmanuel MACRON,True
8353,2022,Emmanuel MACRON,Emmanuel MACRON,True
8355,2022,Marine LE PEN,Marine LE PEN,True
8356,2022,Marine LE PEN,Marine LE PEN,True
8358,2022,Jean-Luc MÉLENCHON,Emmanuel MACRON,False
8360,2022,Jean-Luc MÉLENCHON,Emmanuel MACRON,False
8361,2022,Marine LE PEN,Marine LE PEN,True
8362,2022,Emmanuel MACRON,Emmanuel MACRON,True
8363,2022,Jean-Luc MÉLENCHON,Emmanuel MACRON,False
8364,2022,Jean-Luc MÉLENCHON,Jean-Luc MÉLENCHON,True
8365,2022,Marine LE PEN,Marine LE PEN,True
8366,2022,Jean-Luc MÉLENCHON,Emmanuel MACRON,False
8367,2022,Marine LE PEN,Marine LE PEN,True
8368,2022,Marine LE PEN,Marine LE PEN,True
8369,2022,Emmanuel MACRON,Emmanuel MACRON,True
8370,2022,Emmanuel MACRON,Emmanuel MACRON,True
8371,2022,Marine LE PEN,Marine LE PEN,True
8372,2022,Marine LE PEN,Marine LE PEN,True
8373,2022,Marine LE PEN,Marine LE PEN,True
8374,2022,Emmanuel MACRON,Jean-Luc MÉLENCHON,False
8375,2022,Emmanuel MACRON,Emmanuel MACRON,True
8376,2022,Marine LE PEN,Marine LE PEN,True
8377,2022,Marine LE PEN,Marine LE PEN,True
8378,2022,Marine LE PEN,Marine LE PEN,True
8379,2022,Emmanuel MACRON,Emmanuel MACRON,True
8380,2022,Jean-Luc MÉLENCHON,François FILLON,False
8381,2022,Jean-Luc MÉLENCHON,Emmanuel MACRON,False
8382,2022,Marine LE PEN,Marine LE PEN,True
8383,2022,Marine LE PEN,Marine LE PEN,True
8384,2022,Marine LE PEN,Marine LE PEN,True
8385,2022,Emmanuel MACRON,Emmanuel MACRON,True
8386,2022,Marine LE PEN,Marine LE PEN,True
8387,2022,Marine LE PEN,Marine LE PEN,True
8388,2022,Marine LE PEN,Marine LE PEN,True
8389,2022,Emmanuel MACRON,Emmanuel MACRON,True
8390,2022,Jean-Luc MÉLENCHON,Emmanuel MACRON,False
8391,2022,Emmanuel MACRON,Emmanuel MACRON,True
8392,2022,Marine LE PEN,Marine LE PEN,True
8393,2022,Emmanuel MACRON,Emmanuel MACRON,True
8394,2022,Marine LE PEN,Marine LE PEN,True
8395,2022,Jean-Luc MÉLENCHON,Emmanuel MACRON,False
8396,2022,Jean-Luc MÉLENCHON,Emmanuel MACRON,False
8397,2022,Marine LE PEN,Marine LE PEN,True
8398,2022,Marine LE PEN,Marine LE PEN,True
8399,2022,Marine LE PEN,Marine LE PEN,True
8400,2022,Marine LE PEN,Marine LE PEN,True
8401,2022,Marine LE PEN,Marine LE PEN,True
8402,2022,Marine LE PEN,Marine LE PEN,True
8403,2022,Marine LE PEN,Marine LE PEN,True
8404,2022,Marine LE PEN,Marine LE PEN,True
8405,2022,Jean-Luc MÉLENCHON,François FILLON,False
8406,2022,Marine LE PEN,Marine LE PEN,True
8407,2022,Marine LE PEN,Marine LE PEN,True
8408,2022,Marine LE PEN,Marine LE PEN,True
8409,2022,Marine LE PEN,Marine LE PEN,True
8410,2022,Marine LE PEN,Marine LE PEN,True
8411,2022,Marine LE PEN,Marine LE PEN,True
8412,2022,Emmanuel MACRON,Jean-Luc MÉLENCHON,False
8413,2022,Marine LE PEN,Marine LE PEN,True
8414,2022,Emmanuel MACRON,Emmanuel MACRON,True
8415,2022,Marine LE PEN,Marine LE PEN,True
8416,2022,Emmanuel MACRON,Emmanuel MACRON,True
8417,2022,Emmanuel MACRON,Emmanuel MACRON,True
8418,2022,Marine LE PEN,Marine LE PEN,True
8419,2022,Marine LE PEN,Marine LE PEN,True
8420,2022,Marine LE PEN,Marine LE PEN,True
8421,2022,Emmanuel MACRON,Emmanuel MACRON,True
8422,2022,Emmanuel MACRON,Emmanuel MACRON,True
8423,2022,Marine LE PEN,Marine LE PEN,True
8424,2022,Jean-Luc MÉLENCHON,Emmanuel MACRON,False
8425,2022,Marine LE PEN,Marine LE PEN,True
8426,2022,Emmanuel MACRON,Emmanuel MACRON,True
8427,2022,Marine LE PEN,Marine LE PEN,True
8428,2022,Marine LE PEN,Marine LE PEN,True
8429,2022,Marine LE PEN,Marine LE PEN,True
8430,2022,Marine LE PEN,Marine LE PEN,True
8431,2022,Jean-Luc MÉLENCHON,Emmanuel MACRON,False
8432,2022,Marine LE PEN,Marine LE PEN,True
8433,2022,Marine LE PEN,Marine LE PEN,True
8434,2022,Marine LE PEN,Marine LE PEN,True
8435,2022,Marine LE PEN,Marine LE PEN,True
8436,2022,Emmanuel MACRON,Emmanuel MACRON,True
8437,2022,Marine LE PEN,Marine LE PEN,True
8438,2022,Marine LE PEN,Marine LE PEN,True
8439,2022,Emmanuel MACRON,Emmanuel MACRON,True
8440,2022,Jean-Luc MÉLENCHON,Emmanuel MACRON,False
8441,2022,Marine LE PEN,Marine LE PEN,True
8442,2022,Emmanuel MACRON,Emmanuel MACRON,True
8443,2022,Marine LE PEN,Marine LE PEN,True
8444,2022,Emmanuel MACRON,Emmanuel MACRON,True
8445,2022,Marine LE PEN,Marine LE PEN,True
8447,2022,Emmanuel MACRON,Emmanuel MACRON,True
8448,2022,Marine LE PEN,Marine LE PEN,True
8449,2022,Marine LE PEN,Marine LE PEN,True
8450,2022,Marine LE PEN,Marine LE PEN,True
8451,2022,Marine LE PEN,Marine LE PEN,True
8452,2022,Marine LE PEN,Marine LE PEN,True
8453,2022,Marine LE PEN,Marine LE PEN,True
8454,2022,Marine LE PEN,Marine LE PEN,True
8455,2022,Emmanuel MACRON,Emmanuel MACRON,True
8456,2022,Emmanuel MACRON,Emmanuel MACRON,True
8457,2022,Marine LE PEN,Marine LE PEN,True
8458,2022,Marine LE PEN,Marine LE PEN,True
8459,2022,Jean-Luc MÉLENCHON,Emmanuel MACRON,False
8460,2022,Emmanuel MACRON,Emmanuel MACRON,True
8461,2022,Emmanuel MACRON,Emmanuel MACRON,True
8462,2022,Marine LE PEN,Marine LE PEN,True
8463,2022,Marine LE PEN,Marine LE PEN,True
8464,2022,Marine LE PEN,Marine LE PEN,True
8465,2022,Marine LE PEN,Marine LE PEN,True
8466,2022,Marine LE PEN,Marine LE PEN,True
8467,2022,Marine LE PEN,Marine LE PEN,True
8468,2022,Marine LE PEN,Marine LE PEN,True
8469,2022,Marine LE PEN,Marine LE PEN,True
8470,2022,Marine LE PEN,Marine LE PEN,True
8471,2022,Emmanuel MACRON,Emmanuel MACRON,True
8472,2022,Marine LE PEN,Marine LE PEN,True
8473,2022,Jean-Luc MÉLENCHON,Emmanuel MACRON,False
8474,2022,Emmanuel MACRON,Emmanuel MACRON,True
8476,2022,Emmanuel MACRON,François FILLON,False
8477,2022,Jean-Luc MÉLENCHON,Emmanuel MACRON,False
8478,2022,Marine LE PEN,Marine LE PEN,True
8479,2022,Marine LE PEN,Marine LE PEN,True
8480,2022,Marine LE PEN,Marine LE PEN,True
8481,2022,Marine LE PEN,Marine LE PEN,True
8482,2022,Marine LE PEN,Marine LE PEN,True
8483,2022,Marine LE PEN,Marine LE PEN,True
8484,2022,Emmanuel MACRON,Emmanuel MACRON,True
8485,2022,Marine LE PEN,Marine LE PEN,True
8486,2022,Jean-Luc MÉLENCHON,Emmanuel MACRON,False
8487,2022,Emmanuel MACRON,Emmanuel MACRON,True
8488,2022,Jean-Luc MÉLENCHON,François FILLON,False
8489,2022,Jean-Luc MÉLENCHON,Emmanuel MACRON,False
8490,2022,Marine LE PEN,Marine LE PEN,True
8491,2022,Emmanuel MACRON,Emmanuel MACRON,True
8492,2022,Jean-Luc MÉLENCHON,François FILLON,False
8493,2022,Emmanuel MACRON,Emmanuel MACRON,True
8494,2022,Marine LE PEN,Marine LE PEN,True
8495,2022,Marine LE PEN,Marine LE PEN,True
8496,2022,Marine LE PEN,Marine LE PEN,True
8497,2022,Marine LE PEN,Marine LE PEN,True
8498,2022,Emmanuel MACRON,Emmanuel MACRON,True
8499,2022,Marine LE PEN,Marine LE PEN,True
8500,2022,Emmanuel MACRON,François FILLON,False
8501,2022,Marine LE PEN,Marine LE PEN,True
8502,2022,Marine LE PEN,Marine LE PEN,True
8503,2022,Marine LE PEN,Marine LE PEN,True
8504,2022,Marine LE PEN,Marine LE PEN,True
8505,2022,Marine LE PEN,Marine LE PEN,True
8506,2022,Marine LE PEN,Marine LE PEN,True
8507,2022,Marine LE PEN,Marine LE PEN,True
8508,2022,Marine LE PEN,Marine LE PEN,True
8509,2022,Emmanuel MACRON,Emmanuel MACRON,True
8510,2022,Marine LE PEN,Marine LE PEN,True
8511,2022,Marine LE PEN,Marine LE PEN,True
8512,2022,Emmanuel MACRON,Emmanuel MACRON,True
8513,2022,Marine LE PEN,Marine LE PEN,True
8514,2022,Emmanuel MACRON,Emmanuel MACRON,True
8515,2022,Marine LE PEN,Marine LE PEN,True
8516,2022,Marine LE PEN,Marine LE PEN,True
8517,2022,Marine LE PEN,Marine LE PEN,True
8518,2022,Emmanuel MACRON,François FILLON,False
8519,2022,Marine LE PEN,Marine LE PEN,True
8520,2022,Emmanuel MACRON,Emmanuel MACRON,True
8521,2022,Emmanuel MACRON,Emmanuel MACRON,True
8522,2022,Emmanuel MACRON,François FILLON,False
8524,2022,Marine LE PEN,Marine LE PEN,True
8525,2022,Emmanuel MACRON,Emmanuel MACRON,True
8526,2022,Jean-Luc MÉLENCHON,Jean-Luc MÉLENCHON,True
8527,2022,Marine LE PEN,Marine LE PEN,True
8528,2022,Marine LE PEN,Marine LE PEN,True
8529,2022,Emmanuel MACRON,Emmanuel MACRON,True
8530,2022,Emmanuel MACRON,Emmanuel MACRON,True
8531,2022,Emmanuel MACRON,Emmanuel MACRON,True
8532,2022,Emmanuel MACRON,Emmanuel MACRON,True
8533,2022,Marine LE PEN,Marine LE PEN,True
8534,2022,Marine LE PEN,Marine LE PEN,True
8535,2022,Emmanuel MACRON,Emmanuel MACRON,True
8536,2022,Marine LE PEN,Marine LE PEN,True
8537,2022,Emmanuel MACRON,Emmanuel MACRON,True
8538,2022,Marine LE PEN,Marine LE PEN,True
8539,2022,Marine LE PEN,Marine LE PEN,True
8540,2022,Emmanuel MACRON,Emmanuel MACRON,True
8541,2022,Marine LE PEN,Marine LE PEN,True
8542,2022,Marine LE PEN,Marine LE PEN,True
8543,2022,Emmanuel MACRON,François FILLON,False
8544,2022,Marine LE PEN,Marine LE PEN,True
8545,2022,Emmanuel MACRON,Emmanuel MACRON,True
8546,2022,Emmanuel MACRON,Emmanuel MACRON,True
8547,2022,Emmanuel MACRON,François FILLON,False
8548,2022,Marine LE PEN,Marine LE PEN,True
8549,2022,Jean-Luc MÉLENCHON,Emmanuel MACRON,False
8550,2022,Jean-Luc MÉLENCHON,François FILLON,False
8551,2022,Jean-Luc MÉLENCHON,François FILLON,False
8552,2022,Marine LE PEN,Marine LE PEN,True
8553,2022,Emmanuel MACRON,François FILLON,False
8554,2022,Marine LE PEN,Marine LE PEN,True
8555,2022,Emmanuel MACRON,Emmanuel MACRON,True
8556,2022,Marine LE PEN,Marine LE PEN,True
8557,2022,Emmanuel MACRON,François FILLON,False
8558,2022,Marine LE PEN,Marine LE PEN,True
8559,2022,Marine LE PEN,Marine LE PEN,True
8560,2022,Emmanuel MACRON,Emmanuel MACRON,True
8561,2022,Marine LE PEN,Marine LE PEN,True
8562,2022,Emmanuel MACRON,Emmanuel MACRON,True
8563,2022,Marine LE PEN,Marine LE PEN,True
8564,2022,Marine LE PEN,Marine LE PEN,True
8565,2022,Emmanuel MACRON,François FILLON,False
8566,2022,Marine LE PEN,Marine LE PEN,True
8567,2022,Marine LE PEN,Marine LE PEN,True
8568,2022,Marine LE PEN,Marine LE PEN,True
8569,2022,Marine LE PEN,Marine LE PEN,True
8570,2022,Marine LE PEN,Marine LE PEN,True
8571,2022,Emmanuel MACRON,Emmanuel MACRON,True
8572,2022,Emmanuel MACRON,François FILLON,False
8573,2022,Emmanuel MACRON,Emmanuel MACRON,True
8574,2022,Marine LE PEN,Marine LE PEN,True
8575,2022,Marine LE PEN,Marine LE PEN,True
8576,2022,Emmanuel MACRON,Emmanuel MACRON,True
8577,2022,Emmanuel MACRON,Emmanuel MACRON,True
8578,2022,Marine LE PEN,Marine LE PEN,True
8579,2022,Jean-Luc MÉLENCHON,Emmanuel MACRON,False
8580,2022,Emmanuel MACRON,Emmanuel MACRON,True
8581,2022,Emmanuel MACRON,François FILLON,False
8582,2022,Marine LE PEN,Marine LE PEN,True
8583,2022,Emmanuel MACRON,Emmanuel MACRON,True
8584,2022,Emmanuel MACRON,Emmanuel MACRON,True
8585,2022,Jean-Luc MÉLENCHON,Emmanuel MACRON,False
8586,2022,Emmanuel MACRON,Emmanuel MACRON,True
8587,2022,Marine LE PEN,Marine LE PEN,True
8588,2022,Marine LE PEN,Marine LE PEN,True
8589,2022,Jean LASSALLE,Jean-Luc MÉLENCHON,False
8590,2022,Emmanuel MACRON,Emmanuel MACRON,True
8591,2022,Jean-Luc MÉLENCHON,Emmanuel MACRON,False
8592,2022,Marine LE PEN,Marine LE PEN,True
8593,2022,Emmanuel MACRON,Emmanuel MACRON,True
8594,2022,Marine LE PEN,Marine LE PEN,True
8595,2022,Emmanuel MACRON,François FILLON,False
8596,2022,Marine LE PEN,Marine LE PEN,True
8597,2022,Emmanuel MACRON,Emmanuel MACRON,True
8598,2022,Marine LE PEN,Marine LE PEN,True
8599,2022,Emmanuel MACRON,François FILLON,False
8600,2022,Marine LE PEN,Marine LE PEN,True
8601,2022,Marine LE PEN,Marine LE PEN,True
8602,2022,Emmanuel MACRON,Emmanuel MACRON,True
8603,2022,Emmanuel MACRON,François FILLON,False
8604,2022,Marine LE PEN,Marine LE PEN,True
8605,2022,Marine LE PEN,Marine LE PEN,True
8606,2022,Emmanuel MACRON,François FILLON,False
8607,2022,Jean-Luc MÉLENCHON,François FILLON,False
8608,2022,Marine LE PEN,Marine LE PEN,True
8609,2022,Emmanuel MACRON,François FILLON,False
8610,2022,Marine LE PEN,Marine LE PEN,True
8611,2022,Marine LE PEN,Marine LE PEN,True
8612,2022,Emmanuel MACRON,Emmanuel MACRON,True
8613,2022,Marine LE PEN,Marine LE PEN,True
8614,2022,Emmanuel MACRON,François FILLON,False
8615,2022,Emmanuel MACRON,Emmanuel MACRON,True
8616,2022,Marine LE PEN,Marine LE PEN,True
8617,2022,Emmanuel MACRON,Emmanuel MACRON,True
8619,2022,Emmanuel MACRON,François FILLON,False
8621,2022,Marine LE PEN,Marine LE PEN,True
8622,2022,Emmanuel MACRON,François FILLON,False
8624,2022,Marine LE PEN,Marine LE PEN,True
8625,2022,Emmanuel MACRON,Emmanuel MACRON,True
8626,2022,Marine LE PEN,Marine LE PEN,True
8627,2022,Emmanuel MACRON,François FILLON,False
8628,2022,Emmanuel MACRON,Emmanuel MACRON,True
8629,2022,Emmanuel MACRON,François FILLON,False
8630,2022,Emmanuel MACRON,François FILLON,False
8631,2022,Emmanuel MACRON,François FILLON,False
8632,2022,Marine LE PEN,Marine LE PEN,True
8633,2022,Marine LE PEN,Marine LE PEN,True
8634,2022,Emmanuel MACRON,Emmanuel MACRON,True
8635,2022,Emmanuel MACRON,François FILLON,False
8636,2022,Emmanuel MACRON,François FILLON,False
8637,2022,Marine LE PEN,Marine LE PEN,True
8638,2022,Emmanuel MACRON,François FILLON,False
8639,2022,Marine LE PEN,Marine LE PEN,True
8640,2022,Emmanuel MACRON,Emmanuel MACRON,True
8641,2022,Emmanuel MACRON,François FILLON,False
8642,2022,Marine LE PEN,Marine LE PEN,True
8643,2022,Marine LE PEN,Marine LE PEN,True
8644,2022,Marine LE PEN,Marine LE PEN,True
8645,2022,Emmanuel MACRON,Jean-Luc MÉLENCHON,False
8646,2022,Emmanuel MACRON,François FILLON,False
8647,2022,Emmanuel MACRON,Emmanuel MACRON,True
8648,2022,Marine LE PEN,Marine LE PEN,True
8649,2022,Marine LE PEN,Marine LE PEN,True
8650,2022,Marine LE PEN,Marine LE PEN,True
8651,2022,Marine LE PEN,Marine LE PEN,True
8652,2022,Marine LE PEN,Marine LE PEN,True
8653,2022,Marine LE PEN,Marine LE PEN,True
8654,2022,Marine LE PEN,Marine LE PEN,True
8655,2022,Jean LASSALLE,Emmanuel MACRON,False
8656,2022,Jean-Luc MÉLENCHON,François FILLON,False
8657,2022,Marine LE PEN,Marine LE PEN,True
8658,2022,Marine LE PEN,Marine LE PEN,True
8659,2022,Marine LE PEN,Marine LE PEN,True
8660,2022,Marine LE PEN,Marine LE PEN,True
8661,2022,Emmanuel MACRON,Emmanuel MACRON,True
8662,2022,Emmanuel MACRON,Emmanuel MACRON,True
8663,2022,Marine LE PEN,Marine LE PEN,True
8664,2022,Marine LE PEN,Marine LE PEN,True
8665,2022,Marine LE PEN,Marine LE PEN,True
8666,2022,Marine LE PEN,Marine LE PEN,True
8667,2022,Marine LE PEN,Marine LE PEN,True
8668,2022,Marine LE PEN,Marine LE PEN,True
8669,2022,Emmanuel MACRON,François FILLON,False
8670,2022,Marine LE PEN,Marine LE PEN,True
8671,2022,Emmanuel MACRON,Emmanuel MACRON,True
8672,2022,Marine LE PEN,Marine LE PEN,True
8673,2022,Marine LE PEN,Marine LE PEN,True
8674,2022,Marine LE PEN,Marine LE PEN,True
8675,2022,Emmanuel MACRON,Emmanuel MACRON,True
8676,2022,Emmanuel MACRON,Emmanuel MACRON,True
8677,2022,Emmanuel MACRON,Emmanuel MACRON,True
8678,2022,Marine LE PEN,Marine LE PEN,True
8679,2022,Emmanuel MACRON,Emmanuel MACRON,True
8680,2022,Emmanuel MACRON,François FILLON,False
8681,2022,Marine LE PEN,Marine LE PEN,True
8682,2022,Emmanuel MACRON,Emmanuel MACRON,True
8683,2022,Emmanuel MACRON,Emmanuel MACRON,True
8684,2022,Marine LE PEN,Marine LE PEN,True
8685,2022,Marine LE PEN,Marine LE PEN,True
8686,2022,Emmanuel MACRON,Emmanuel MACRON,True
8687,2022,Emmanuel MACRON,François FILLON,False
8688,2022,Marine LE PEN,Marine LE PEN,True
8689,2022,Marine LE PEN,Marine LE PEN,True
8690,2022,Emmanuel MACRON,François FILLON,False
8691,2022,Emmanuel MACRON,François FILLON,False
8692,2022,Emmanuel MACRON,Emmanuel MACRON,True
8693,2022,Emmanuel MACRON,Emmanuel MACRON,True
8694,2022,Emmanuel MACRON,François FILLON,False
8695,2022,Emmanuel MACRON,François FILLON,False
8696,2022,Emmanuel MACRON,Emmanuel MACRON,True
8697,2022,Marine LE PEN,Marine LE PEN,True
8698,2022,Marine LE PEN,Marine LE PEN,True
8699,2022,Marine LE PEN,Marine LE PEN,True
8700,2022,Marine LE PEN,Marine LE PEN,True
8701,2022,Marine LE PEN,Marine LE PEN,True
8702,2022,Marine LE PEN,Marine LE PEN,True
8703,2022,Emmanuel MACRON,François FILLON,False
8704,2022,Marine LE PEN,Marine LE PEN,True
8705,2022,Marine LE PEN,Marine LE PEN,True
8706,2022,Marine LE PEN,Marine LE PEN,True
8707,2022,Emmanuel MACRON,François FILLON,False
8708,2022,Emmanuel MACRON,François FILLON,False
8709,2022,Marine LE PEN,Marine LE PEN,True
8710,2022,Emmanuel MACRON,François FILLON,False
8711,2022,Marine LE PEN,Marine LE PEN,True
8712,2022,Marine LE PEN,Marine LE PEN,True
8713,2022,Marine LE PEN,Marine LE PEN,True
8714,2022,Emmanuel MACRON,François FILLON,False
8715,2022,Emmanuel MACRON,François FILLON,False
8716,2022,Marine LE PEN,Marine LE PEN,True
8717,2022,Marine LE PEN,Marine LE PEN,True
8718,2022,Emmanuel MACRON,Emmanuel MACRON,True
8719,2022,Emmanuel MACRON,Emmanuel MACRON,True
8720,2022,Marine LE PEN,Marine LE PEN,True
8721,2022,Marine LE PEN,Marine LE PEN,True
8722,2022,Emmanuel MACRON,François FILLON,False
8723,2022,Marine LE PEN,Marine LE PEN,True
8725,2022,Emmanuel MACRON,Emmanuel MACRON,True
8726,2022,Emmanuel MACRON,Emmanuel MACRON,True
8727,2022,Marine LE PEN,Marine LE PEN,True
8728,2022,Emmanuel MACRON,François FILLON,False
8729,2022,Emmanuel MACRON,François FILLON,False
8730,2022,Marine LE PEN,Marine LE PEN,True
8731,2022,Emmanuel MACRON,François FILLON,False
8732,2022,Emmanuel MACRON,Emmanuel MACRON,True
8733,2022,Marine LE PEN,Marine LE PEN,True
8734,2022,Jean-Luc MÉLENCHON,François FILLON,False
8735,2022,Emmanuel MACRON,François FILLON,False
8736,2022,Marine LE PEN,Marine LE PEN,True
8737,2022,Marine LE PEN,Marine LE PEN,True
8738,2022,Emmanuel MACRON,François FILLON,False
8739,2022,Marine LE PEN,Marine LE PEN,True
8740,2022,Emmanuel MACRON,Emmanuel MACRON,True
8741,2022,Marine LE PEN,Marine LE PEN,True
8742,2022,Marine LE PEN,Marine LE PEN,True
8743,2022,Emmanuel MACRON,François FILLON,False
8744,2022,Emmanuel MACRON,Emmanuel MACRON,True
8745,2022,Jean-Luc MÉLENCHON,François FILLON,False
8746,2022,Marine LE PEN,Marine LE PEN,True
8747,2022,Marine LE PEN,Marine LE PEN,True
8748,2022,Emmanuel MACRON,François FILLON,False
8749,2022,Marine LE PEN,Marine LE PEN,True
8750,2022,Emmanuel MACRON,François FILLON,False
8751,2022,Marine LE PEN,Marine LE PEN,True
8752,2022,Marine LE PEN,Marine LE PEN,True
8753,2022,Marine LE PEN,Marine LE PEN,True
8754,2022,Emmanuel MACRON,François FILLON,False
8755,2022,Marine LE PEN,Marine LE PEN,True
8756,2022,Jean-Luc MÉLENCHON,François FILLON,False
8757,2022,Emmanuel MACRON,François FILLON,False
8758,2022,Marine LE PEN,Marine LE PEN,True
8759,2022,Emmanuel MACRON,Emmanuel MACRON,True
8760,2022,Emmanuel MACRON,Emmanuel MACRON,True
8761,2022,Marine LE PEN,Marine LE PEN,True
8762,2022,Marine LE PEN,Marine LE PEN,True
8763,2022,Emmanuel MACRON,Emmanuel MACRON,True
8764,2022,Emmanuel MACRON,François FILLON,False
8765,2022,Emmanuel MACRON,François FILLON,False
8766,2022,Emmanuel MACRON,François FILLON,False
8767,2022,Marine LE PEN,Marine LE PEN,True
8768,2022,Marine LE PEN,Marine LE PEN,True
8769,2022,Emmanuel MACRON,François FILLON,False
8770,2022,Emmanuel MACRON,François FILLON,False
8771,2022,Marine LE PEN,Marine LE PEN,True
8772,2022,Marine LE PEN,Marine LE PEN,True
8773,2022,Emmanuel MACRON,François FILLON,False
8774,2022,Marine LE PEN,Marine LE PEN,True
8775,2022,Emmanuel MACRON,François FILLON,False
8776,2022,Emmanuel MACRON,François FILLON,False
8777,2022,Emmanuel MACRON,Emmanuel MACRON,True
8778,2022,Jean-Luc MÉLENCHON,François FILLON,False
8779,2022,Marine LE PEN,Marine LE PEN,True
8780,2022,Marine LE PEN,Marine LE PEN,True
8781,2022,Marine LE PEN,Marine LE PEN,True
8782,2022,Marine LE PEN,Marine LE PEN,True
8783,2022,Marine LE PEN,Marine LE PEN,True
8784,2022,Marine LE PEN,Marine LE PEN,True
8785,2022,Marine LE PEN,Marine LE PEN,True
8786,2022,Emmanuel MACRON,François FILLON,False
8787,2022,Emmanuel MACRON,Emmanuel MACRON,True
8788,2022,Emmanuel MACRON,François FILLON,False
8789,2022,Marine LE PEN,Marine LE PEN,True
8790,2022,Marine LE PEN,Marine LE PEN,True
8791,2022,Marine LE PEN,Marine LE PEN,True
8792,2022,Emmanuel MACRON,François FILLON,False
8793,2022,Marine LE PEN,Marine LE PEN,True
8794,2022,Marine LE PEN,Marine LE PEN,True
8795,2022,Emmanuel MACRON,Emmanuel MACRON,True
8796,2022,Emmanuel MACRON,François FILLON,False
8797,2022,Jean-Luc MÉLENCHON,Emmanuel MACRON,False
8798,2022,Marine LE PEN,Marine LE PEN,True
8799,2022,Marine LE PEN,Marine LE PEN,True
8800,2022,Emmanuel MACRON,Emmanuel MACRON,True
8801,2022,Marine LE PEN,Marine LE PEN,True
8802,2022,Marine LE PEN,Marine LE PEN,True
8803,2022,Jean-Luc MÉLENCHON,François FILLON,False
8804,2022,Emmanuel MACRON,Emmanuel MACRON,True
8805,2022,Emmanuel MACRON,François FILLON,False
8806,2022,Marine LE PEN,Marine LE PEN,True
8807,2022,Marine LE PEN,Marine LE PEN,True
8808,2022,Emmanuel MACRON,François FILLON,False
8809,2022,Marine LE PEN,Marine LE PEN,True
8811,2022,Marine LE PEN,Marine LE PEN,True
8812,2022,Emmanuel MACRON,Emmanuel MACRON,True
8813,2022,Marine LE PEN,Marine LE PEN,True
8814,2022,Emmanuel MACRON,François FILLON,False
8815,2022,Marine LE PEN,Marine LE PEN,True
8816,2022,Marine LE PEN,Marine LE PEN,True
8817,2022,Emmanuel MACRON,François FILLON,False
8818,2022,Marine LE PEN,Marine LE PEN,True
8819,2022,Emmanuel MACRON,Emmanuel MACRON,True
8820,2022,Emmanuel MACRON,Emmanuel MACRON,True
8821,2022,Emmanuel MACRON,Emmanuel MACRON,True
8822,2022,Emmanuel MACRON,Emmanuel MACRON,True
8823,2022,Jean-Luc MÉLENCHON,François FILLON,False
8824,2022,Emmanuel MACRON,François FILLON,False
8825,2022,Emmanuel MACRON,Emmanuel MACRON,True
8826,2022,Emmanuel MACRON,Emmanuel MACRON,True
8827,2022,Marine LE PEN,Marine LE PEN,True
8828,2022,Emmanuel MACRON,Emmanuel MACRON,True
8829,2022,Marine LE PEN,Marine LE PEN,True
8830,2022,Emmanuel MACRON,Emmanuel MACRON,True
8831,2022,Emmanuel MACRON,François FILLON,False
8832,2022,Marine LE PEN,Marine LE PEN,True
8833,2022,Emmanuel MACRON,Emmanuel MACRON,True
8834,2022,Marine LE PEN,Marine LE PEN,True
8835,2022,Emmanuel MACRON,Emmanuel MACRON,True
8836,2022,Marine LE PEN,Marine LE PEN,True
8837,2022,Emmanuel MACRON,Emmanuel MACRON,True
8838,2022,Marine LE PEN,Marine LE PEN,True
8839,2022,Emmanuel MACRON,Emmanuel MACRON,True
8840,2022,Marine LE PEN,Marine LE PEN,True
8841,2022,Jean-Luc MÉLENCHON,François FILLON,False
8842,2022,Emmanuel MACRON,François FILLON,False
8843,2022,Emmanuel MACRON,Emmanuel MACRON,True
8844,2022,Emmanuel MACRON,François FILLON,False
8845,2022,Marine LE PEN,Marine LE PEN,True
8846,2022,Marine LE PEN,Marine LE PEN,True
8847,2022,Marine LE PEN,Marine LE PEN,True
8848,2022,Emmanuel MACRON,François FILLON,False
8849,2022,Marine LE PEN,Marine LE PEN,True
8850,2022,Jean-Luc MÉLENCHON,Emmanuel MACRON,False
8851,2022,Emmanuel MACRON,Emmanuel MACRON,True
8852,2022,Marine LE PEN,Marine LE PEN,True
8853,2022,Emmanuel MACRON,Emmanuel MACRON,True
8854,2022,Emmanuel MACRON,Emmanuel MACRON,True
8855,2022,Marine LE PEN,Marine LE PEN,True
8856,2022,Marine LE PEN,Marine LE PEN,True
8857,2022,Emmanuel MACRON,Emmanuel MACRON,True
8858,2022,Emmanuel MACRON,Emmanuel MACRON,True
8859,2022,Emmanuel MACRON,Emmanuel MACRON,True
8860,2022,Emmanuel MACRON,François FILLON,False
8861,2022,Marine LE PEN,Marine LE PEN,True
8863,2022,Emmanuel MACRON,Emmanuel MACRON,True
8864,2022,Emmanuel MACRON,Emmanuel MACRON,True
8865,2022,Emmanuel MACRON,François FILLON,False
8866,2022,Emmanuel MACRON,Emmanuel MACRON,True
8867,2022,Marine LE PEN,Marine LE PEN,True
8868,2022,Emmanuel MACRON,François FILLON,False
8869,2022,Emmanuel MACRON,Emmanuel MACRON,True
8870,2022,Emmanuel MACRON,François FILLON,False
8871,2022,Marine LE PEN,Marine LE PEN,True
8872,2022,Jean-Luc MÉLENCHON,François FILLON,False
8873,2022,Emmanuel MACRON,François FILLON,False
8874,2022,Emmanuel MACRON,Emmanuel MACRON,True
8875,2022,Emmanuel MACRON,Emmanuel MACRON,True
8876,2022,Marine LE PEN,Marine LE PEN,True
8877,2022,Jean-Luc MÉLENCHON,Emmanuel MACRON,False
8878,2022,Emmanuel MACRON,François FILLON,False
8879,2022,Emmanuel MACRON,Emmanuel MACRON,True
8880,2022,Emmanuel MACRON,Emmanuel MACRON,True
8881,2022,Emmanuel MACRON,Emmanuel MACRON,True
8882,2022,Marine LE PEN,Marine LE PEN,True
8883,2022,Emmanuel MACRON,François FILLON,False
8884,2022,Marine LE PEN,Marine LE PEN,True
8885,2022,Marine LE PEN,Marine LE PEN,True
8886,2022,Emmanuel MACRON,Emmanuel MACRON,True
8887,2022,Marine LE PEN,Marine LE PEN,True
8888,2022,Emmanuel MACRON,Emmanuel MACRON,True
8889,2022,Marine LE PEN,Marine LE PEN,True
8890,2022,Emmanuel MACRON,Emmanuel MACRON,True
8891,2022,Marine LE PEN,Marine LE PEN,True
8892,2022,Marine LE PEN,Marine LE PEN,True
8893,2022,Emmanuel MACRON,François FILLON,False
8894,2022,Emmanuel MACRON,Emmanuel MACRON,True
8895,2022,Marine LE PEN,Marine LE PEN,True
8896,2022,Marine LE PEN,Marine LE PEN,True
8897,2022,Emmanuel MACRON,François FILLON,False
8898,2022,Emmanuel MACRON,François FILLON,False
8899,2022,Marine LE PEN,Marine LE PEN,True
8900,2022,Marine LE PEN,Marine LE PEN,True
8901,2022,Jean-Luc MÉLENCHON,Emmanuel MACRON,False
8902,2022,Emmanuel MACRON,François FILLON,False
8903,2022,Marine LE PEN,Marine LE PEN,True
8904,2022,Emmanuel MACRON,Emmanuel MACRON,True
8905,2022,Emmanuel MACRON,Emmanuel MACRON,True
8906,2022,Emmanuel MACRON,Emmanuel MACRON,True
8907,2022,Emmanuel MACRON,François FILLON,False
8908,2022,Marine LE PEN,Marine LE PEN,True
8909,2022,Marine LE PEN,Marine LE PEN,True
8910,2022,Emmanuel MACRON,Emmanuel MACRON,True
8911,2022,Emmanuel MACRON,Emmanuel MACRON,True
8912,2022,Marine LE PEN,Marine LE PEN,True
8913,2022,Emmanuel MACRON,Emmanuel MACRON,True
8914,2022,Emmanuel MACRON,François FILLON,False
8915,2022,Emmanuel MACRON,Emmanuel MACRON,True
8916,2022,Emmanuel MACRON,François FILLON,False
8917,2022,Marine LE PEN,Marine LE PEN,True
8918,2022,Emmanuel MACRON,Emmanuel MACRON,True
8919,2022,Marine LE PEN,Marine LE PEN,True
8920,2022,Emmanuel MACRON,Emmanuel MACRON,True
8921,2022,Marine LE PEN,Marine LE PEN,True
8922,2022,Marine LE PEN,Marine LE PEN,True
8923,2022,Emmanuel MACRON,Emmanuel MACRON,True
8924,2022,Marine LE PEN,Marine LE PEN,True
8925,2022,Marine LE PEN,Marine LE PEN,True
8926,2022,Marine LE PEN,Marine LE PEN,True
8927,2022,Marine LE PEN,Marine LE PEN,True
8928,2022,Emmanuel MACRON,Emmanuel MACRON,True
8929,2022,Jean-Luc MÉLENCHON,François FILLON,False
8930,2022,Emmanuel MACRON,François FILLON,False
8931,2022,Emmanuel MACRON,François FILLON,False
8932,2022,Marine LE PEN,Marine LE PEN,True
8933,2022,Emmanuel MACRON,Emmanuel MACRON,True
8934,2022,Marine LE PEN,Marine LE PEN,True
8935,2022,Marine LE PEN,Marine LE PEN,True
8936,2022,Marine LE PEN,Marine LE PEN,True
8937,2022,Emmanuel MACRON,François FILLON,False
8938,2022,Jean-Luc MÉLENCHON,François FILLON,False
8939,2022,Marine LE PEN,Marine LE PEN,True
8940,2022,Emmanuel MACRON,François FILLON,False
8941,2022,Emmanuel MACRON,Emmanuel MACRON,True
8942,2022,Emmanuel MACRON,Emmanuel MACRON,True
8943,2022,Emmanuel MACRON,Emmanuel MACRON,True
8944,2022,Emmanuel MACRON,François FILLON,False
8945,2022,Marine LE PEN,Marine LE PEN,True
8946,2022,Emmanuel MACRON,Emmanuel MACRON,True
8947,2022,Emmanuel MACRON,Emmanuel MACRON,True
8948,2022,Emmanuel MACRON,François FILLON,False
8949,2022,Emmanuel MACRON,Emmanuel MACRON,True
8950,2022,Marine LE PEN,Marine LE PEN,True
8951,2022,Marine LE PEN,Marine LE PEN,True
8952,2022,Marine LE PEN,Marine LE PEN,True
8953,2022,Marine LE PEN,Marine LE PEN,True
8954,2022,Emmanuel MACRON,Emmanuel MACRON,True
8955,2022,Nicolas DUPONT-AIGNAN,Emmanuel MACRON,False
8956,2022,Marine LE PEN,Marine LE PEN,True
8957,2022,Marine LE PEN,Marine LE PEN,True
8958,2022,Marine LE PEN,Marine LE PEN,True
8959,2022,Marine LE PEN,Marine LE PEN,True
8960,2022,Marine LE PEN,Marine LE PEN,True
8961,2022,Marine LE PEN,Marine LE PEN,True
8962,2022,Marine LE PEN,Marine LE PEN,True
8963,2022,Marine LE PEN,Marine LE PEN,True
8964,2022,Marine LE PEN,Marine LE PEN,True
8965,2022,Marine LE PEN,Marine LE PEN,True
8966,2022,Marine LE PEN,Marine LE PEN,True
8967,2022,Emmanuel MACRON,François FILLON,False
8968,2022,Emmanuel MACRON,Emmanuel MACRON,True
8969,2022,Marine LE PEN,Marine LE PEN,True
8970,2022,Emmanuel MACRON,François FILLON,False
8971,2022,Marine LE PEN,Marine LE PEN,True
8972,2022,Marine LE PEN,Marine LE PEN,True
8973,2022,Marine LE PEN,Marine LE PEN,True
8974,2022,Marine LE PEN,Marine LE PEN,True
8975,2022,Emmanuel MACRON,Emmanuel MACRON,True
8976,2022,Marine LE PEN,Marine LE PEN,True
8977,2022,Marine LE PEN,Marine LE PEN,True
8978,2022,Emmanuel MACRON,François FILLON,False
8979,2022,Marine LE PEN,Marine LE PEN,True
8980,2022,Marine LE PEN,Marine LE PEN,True
8981,2022,Marine LE PEN,Marine LE PEN,True
8982,2022,Emmanuel MACRON,François FILLON,False
8983,2022,Emmanuel MACRON,Emmanuel MACRON,True
8984,2022,Jean-Luc MÉLENCHON,Emmanuel MACRON,False
8985,2022,Emmanuel MACRON,Emmanuel MACRON,True
8986,2022,Marine LE PEN,Marine LE PEN,True
8987,2022,Emmanuel MACRON,Emmanuel MACRON,True
8988,2022,Emmanuel MACRON,François FILLON,False
8989,2022,Marine LE PEN,Marine LE PEN,True
8990,2022,Marine LE PEN,Marine LE PEN,True
8991,2022,Marine LE PEN,Marine LE PEN,True
8992,2022,Marine LE PEN,Marine LE PEN,True
8993,2022,Emmanuel MACRON,Emmanuel MACRON,True
8994,2022,Marine LE PEN,Marine LE PEN,True
8995,2022,Emmanuel MACRON,Emmanuel MACRON,True
8996,2022,Emmanuel MACRON,François FILLON,False
8997,2022,Marine LE PEN,Marine LE PEN,True
8998,2022,Marine LE PEN,Marine LE PEN,True
8999,2022,Emmanuel MACRON,François FILLON,False
9000,2022,Marine LE PEN,Marine LE PEN,True
9001,2022,Marine LE PEN,Marine LE PEN,True
9002,2022,Marine LE PEN,Marine LE PEN,True
9003,2022,Marine LE PEN,Marine LE PEN,True
9004,2022,Emmanuel MACRON,Emmanuel MACRON,True
9005,2022,Emmanuel MACRON,François FILLON,False
9006,2022,Marine LE PEN,Marine LE PEN,True
9007,2022,Emmanuel MACRON,Emmanuel MACRON,True
9008,2022,Emmanuel MACRON,Emmanuel MACRON,True
9009,2022,Marine LE PEN,Marine LE PEN,True
9010,2022,Emmanuel MACRON,Emmanuel MACRON,True
9011,2022,Emmanuel MACRON,François FILLON,False
9012,2022,Marine LE PEN,Marine LE PEN,True
9013,2022,Marine LE PEN,Marine LE PEN,True
9014,2022,Emmanuel MACRON,François FILLON,False
9015,2022,Emmanuel MACRON,François FILLON,False
9016,2022,Emmanuel MACRON,François FILLON,False
9017,2022,Emmanuel MACRON,Emmanuel MACRON,True
9018,2022,Emmanuel MACRON,Emmanuel MACRON,True
9020,2022,Emmanuel MACRON,François FILLON,False
9021,2022,Marine LE PEN,Marine LE PEN,True
9022,2022,Emmanuel MACRON,Emmanuel MACRON,True
9023,2022,Marine LE PEN,Marine LE PEN,True
9024,2022,Marine LE PEN,Marine LE PEN,True
9025,2022,Emmanuel MACRON,Emmanuel MACRON,True
9026,2022,Marine LE PEN,Marine LE PEN,True
9027,2022,Jean-Luc MÉLENCHON,Emmanuel MACRON,False
9028,2022,Emmanuel MACRON,Emmanuel MACRON,True
9029,2022,Emmanuel MACRON,François FILLON,False
9030,2022,Emmanuel MACRON,Emmanuel MACRON,True
9031,2022,Marine LE PEN,Marine LE PEN,True
9033,2022,Marine LE PEN,Marine LE PEN,True
9034,2022,Emmanuel MACRON,François FILLON,False
9035,2022,Marine LE PEN,Marine LE PEN,True
9036,2022,Marine LE PEN,Marine LE PEN,True
9037,2022,Emmanuel MACRON,François FILLON,False
9038,2022,Emmanuel MACRON,François FILLON,False
9039,2022,Marine LE PEN,Marine LE PEN,True
9040,2022,Marine LE PEN,Marine LE PEN,True
9041,2022,Marine LE PEN,Marine LE PEN,True
9042,2022,Marine LE PEN,Marine LE PEN,True
9043,2022,Marine LE PEN,Marine LE PEN,True
9044,2022,Emmanuel MACRON,François FILLON,False
9045,2022,Marine LE PEN,Marine LE PEN,True
9046,2022,Emmanuel MACRON,Emmanuel MACRON,True
9047,2022,Marine LE PEN,Marine LE PEN,True
9048,2022,Emmanuel MACRON,Emmanuel MACRON,True
9049,2022,Emmanuel MACRON,Emmanuel MACRON,True
9050,2022,Marine LE PEN,Marine LE PEN,True
9051,2022,Marine LE PEN,Marine LE PEN,True
9052,2022,Emmanuel MACRON,Emmanuel MACRON,True
9053,2022,Emmanuel MACRON,Emmanuel MACRON,True
9054,2022,Marine LE PEN,Marine LE PEN,True
9055,2022,Marine LE PEN,Marine LE PEN,True
9056,2022,Marine LE PEN,Marine LE PEN,True
9057,2022,Marine LE PEN,Marine LE PEN,True
9058,2022,Marine LE PEN,Marine LE PEN,True
9059,2022,Marine LE PEN,Marine LE PEN,True
9060,2022,Emmanuel MACRON,Emmanuel MACRON,True
9061,2022,Emmanuel MACRON,François FILLON,False
9062,2022,Emmanuel MACRON,Emmanuel MACRON,True
9063,2022,Emmanuel MACRON,François FILLON,False
9064,2022,Marine LE PEN,Marine LE PEN,True
9065,2022,Marine LE PEN,Marine LE PEN,True
9066,2022,Emmanuel MACRON,François FILLON,False
9067,2022,Emmanuel MACRON,Emmanuel MACRON,True
9068,2022,Marine LE PEN,Marine LE PEN,True
9070,2022,Jean-Luc MÉLENCHON,Emmanuel MACRON,False
9071,2022,Marine LE PEN,Marine LE PEN,True
9072,2022,Emmanuel MACRON,François FILLON,False
9073,2022,Marine LE PEN,Marine LE PEN,True
9074,2022,Marine LE PEN,Marine LE PEN,True
9075,2022,Emmanuel MACRON,Emmanuel MACRON,True
9076,2022,Marine LE PEN,Marine LE PEN,True
9077,2022,Jean-Luc MÉLENCHON,Jean-Luc MÉLENCHON,True
9078,2022,Marine LE PEN,Marine LE PEN,True
9079,2022,Marine LE PEN,Marine LE PEN,True
9080,2022,Emmanuel MACRON,Emmanuel MACRON,True
9081,2022,Marine LE PEN,Marine LE PEN,True
9082,2022,Jean-Luc MÉLENCHON,Emmanuel MACRON,False
9083,2022,Emmanuel MACRON,François FILLON,False
9084,2022,Marine LE PEN,Marine LE PEN,True
9085,2022,Marine LE PEN,Marine LE PEN,True
9086,2022,Marine LE PEN,Marine LE PEN,True
9087,2022,Jean-Luc MÉLENCHON,Emmanuel MACRON,False
9088,2022,Emmanuel MACRON,François FILLON,False
9089,2022,Jean-Luc MÉLENCHON,François FILLON,False
9090,2022,Marine LE PEN,Marine LE PEN,True
9091,2022,Jean-Luc MÉLENCHON,François FILLON,False
9092,2022,Marine LE PEN,Marine LE PEN,True
9093,2022,Jean-Luc MÉLENCHON,Jean-Luc MÉLENCHON,True
9095,2022,Jean-Luc MÉLENCHON,Jean-Luc MÉLENCHON,True
9096,2022,Jean-Luc MÉLENCHON,François FILLON,False
9097,2022,Jean-Luc MÉLENCHON,Jean-Luc MÉLENCHON,True
9098,2022,Jean-Luc MÉLENCHON,Jean-Luc MÉLENCHON,True
9099,2022,Marine LE PEN,Marine LE PEN,True
9100,2022,Marine LE PEN,Marine LE PEN,True
9101,2022,Jean-Luc MÉLENCHON,Jean-Luc MÉLENCHON,True
9102,2022,Jean-Luc MÉLENCHON,Jean-Luc MÉLENCHON,True
9103,2022,Jean-Luc MÉLENCHON,Jean-Luc MÉLENCHON,True
9104,2022,Marine LE PEN,Marine LE PEN,True
9105,2022,Jean-Luc MÉLENCHON,François FILLON,False
9106,2022,Marine LE PEN,Marine LE PEN,True
9107,2022,Emmanuel MACRON,Emmanuel MACRON,True
9108,2022,Marine LE PEN,Marine LE PEN,True
9109,2022,Marine LE PEN,Marine LE PEN,True
9110,2022,Jean-Luc MÉLENCHON,Jean-Luc MÉLENCHON,True
9111,2022,Jean-Luc MÉLENCHON,Jean-Luc MÉLENCHON,True
9112,2022,Emmanuel MACRON,Emmanuel MACRON,True
9113,2022,Marine LE PEN,Marine LE PEN,True
9114,2022,Marine LE PEN,Marine LE PEN,True
9115,2022,Emmanuel MACRON,François FILLON,False
9116,2022,Marine LE PEN,Marine LE PEN,True
9117,2022,Emmanuel MACRON,Emmanuel MACRON,True
9118,2022,Jean-Luc MÉLENCHON,Jean-Luc MÉLENCHON,True
9119,2022,Marine LE PEN,Marine LE PEN,True
9120,2022,Jean-Luc MÉLENCHON,François FILLON,False
9121,2022,Jean-Luc MÉLENCHON,Jean-Luc MÉLENCHON,True
9122,2022,Jean-Luc MÉLENCHON,Jean-Luc MÉLENCHON,True
9123,2022,Marine LE PEN,Marine LE PEN,True
9124,2022,Jean-Luc MÉLENCHON,Jean-Luc MÉLENCHON,True
9125,2022,Jean-Luc MÉLENCHON,Jean-Luc MÉLENCHON,True
9126,2022,Marine LE PEN,Marine LE PEN,True
9127,2022,Marine LE PEN,Marine LE PEN,True
9128,2022,Jean-Luc MÉLENCHON,Jean-Luc MÉLENCHON,True
9129,2022,Jean-Luc MÉLENCHON,Emmanuel MACRON,False
9130,2022,Marine LE PEN,Marine LE PEN,True
9131,2022,Emmanuel MACRON,Emmanuel MACRON,True
9132,2022,Marine LE PEN,Marine LE PEN,True
9133,2022,Jean-Luc MÉLENCHON,Jean-Luc MÉLENCHON,True
9134,2022,Emmanuel MACRON,Jean-Luc MÉLENCHON,False
9135,2022,Jean LASSALLE,Jean-Luc MÉLENCHON,False
9136,2022,Jean-Luc MÉLENCHON,Jean-Luc MÉLENCHON,True
9137,2022,Emmanuel MACRON,Emmanuel MACRON,True
9138,2022,Emmanuel MACRON,Jean-Luc MÉLENCHON,False
9139,2022,Emmanuel MACRON,François FILLON,False
9140,2022,Jean-Luc MÉLENCHON,Jean-Luc MÉLENCHON,True
9141,2022,Marine LE PEN,Marine LE PEN,True
9142,2022,Jean-Luc MÉLENCHON,Jean-Luc MÉLENCHON,True
9143,2022,Marine LE PEN,Marine LE PEN,True
9144,2022,Marine LE PEN,Marine LE PEN,True
9145,2022,Emmanuel MACRON,Jean-Luc MÉLENCHON,False
9146,2022,Emmanuel MACRON,Emmanuel MACRON,True
9147,2022,Jean-Luc MÉLENCHON,Jean-Luc MÉLENCHON,True
9148,2022,Emmanuel MACRON,Jean-Luc MÉLENCHON,False
9149,2022,Jean-Luc MÉLENCHON,Jean-Luc MÉLENCHON,True
9150,2022,Marine LE PEN,Marine LE PEN,True
9151,2022,Marine LE PEN,Marine LE PEN,True
9152,2022,Emmanuel MACRON,Emmanuel MACRON,True
9153,2022,Jean-Luc MÉLENCHON,Jean-Luc MÉLENCHON,True
9154,2022,Jean-Luc MÉLENCHON,Emmanuel MACRON,False
9155,2022,Emmanuel MACRON,Jean-Luc MÉLENCHON,False
9156,2022,Marine LE PEN,Marine LE PEN,True
9157,2022,Marine LE PEN,Marine LE PEN,True
9158,2022,Marine LE PEN,Marine LE PEN,True
9159,2022,Jean-Luc MÉLENCHON,Jean-Luc MÉLENCHON,True
9160,2022,Emmanuel MACRON,Emmanuel MACRON,True
9161,2022,Marine LE PEN,Marine LE PEN,True
9162,2022,Marine LE PEN,Marine LE PEN,True
9163,2022,Jean-Luc MÉLENCHON,François FILLON,False
9164,2022,Emmanuel MACRON,François FILLON,False
9165,2022,Marine LE PEN,Marine LE PEN,True
9166,2022,Marine LE PEN,Marine LE PEN,True
9167,2022,Marine LE PEN,Marine LE PEN,True
9168,2022,Marine LE PEN,Marine LE PEN,True
9169,2022,Marine LE PEN,Marine LE PEN,True
9170,2022,Emmanuel MACRON,Jean-Luc MÉLENCHON,False
9171,2022,Jean-Luc MÉLENCHON,Jean-Luc MÉLENCHON,True
9172,2022,Marine LE PEN,Marine LE PEN,True
9173,2022,Jean-Luc MÉLENCHON,Jean-Luc MÉLENCHON,True
9174,2022,Jean-Luc MÉLENCHON,Jean-Luc MÉLENCHON,True
9175,2022,Emmanuel MACRON,Jean-Luc MÉLENCHON,False
9176,2022,Emmanuel MACRON,Jean-Luc MÉLENCHON,False
9177,2022,Jean-Luc MÉLENCHON,Jean-Luc MÉLENCHON,True
9178,2022,Jean-Luc MÉLENCHON,François FILLON,False
9179,2022,Marine LE PEN,Marine LE PEN,True
9180,2022,Marine LE PEN,Marine LE PEN,True
9181,2022,Jean-Luc MÉLENCHON,Emmanuel MACRON,False
9182,2022,Emmanuel MACRON,Emmanuel MACRON,True
9183,2022,Jean-Luc MÉLENCHON,Jean-Luc MÉLENCHON,True
9184,2022,Jean-Luc MÉLENCHON,Jean-Luc MÉLENCHON,True
9185,2022,Jean-Luc MÉLENCHON,François FILLON,False
9186,2022,Jean-Luc MÉLENCHON,Emmanuel MACRON,False
9187,2022,Jean-Luc MÉLENCHON,Jean-Luc MÉLENCHON,True
9188,2022,Marine LE PEN,Marine LE PEN,True
9189,2022,Jean-Luc MÉLENCHON,François FILLON,False
9190,2022,Marine LE PEN,Marine LE PEN,True
9191,2022,Marine LE PEN,Marine LE PEN,True
9192,2022,Marine LE PEN,Marine LE PEN,True
9193,2022,Jean-Luc MÉLENCHON,François FILLON,False
9194,2022,Jean-Luc MÉLENCHON,Jean-Luc MÉLENCHON,True
9195,2022,Emmanuel MACRON,Emmanuel MACRON,True
9196,2022,Jean-Luc MÉLENCHON,Emmanuel MACRON,False
9197,2022,Jean-Luc MÉLENCHON,Jean-Luc MÉLENCHON,True
9198,2022,Jean-Luc MÉLENCHON,Jean-Luc MÉLENCHON,True
9199,2022,Jean-Luc MÉLENCHON,Jean-Luc MÉLENCHON,True
9200,2022,Marine LE PEN,Marine LE PEN,True
9201,2022,Marine LE PEN,Marine LE PEN,True
9202,2022,Jean-Luc MÉLENCHON,Jean-Luc MÉLENCHON,True
9203,2022,Emmanuel MACRON,Jean-Luc MÉLENCHON,False
9204,2022,Jean-Luc MÉLENCHON,Jean-Luc MÉLENCHON,True
9205,2022,Marine LE PEN,Marine LE PEN,True
9206,2022,Jean-Luc MÉLENCHON,Jean-Luc MÉLENCHON,True
9207,2022,Jean-Luc MÉLENCHON,Jean-Luc MÉLENCHON,True
9208,2022,Marine LE PEN,Marine LE PEN,True
9209,2022,Emmanuel MACRON,Emmanuel MACRON,True
9210,2022,Emmanuel MACRON,Jean-Luc MÉLENCHON,False
9211,2022,Jean-Luc MÉLENCHON,Jean-Luc MÉLENCHON,True
9212,2022,Jean-Luc MÉLENCHON,Jean-Luc MÉLENCHON,True
9213,2022,Marine LE PEN,Marine LE PEN,True
9214,2022,Jean-Luc MÉLENCHON,Emmanuel MACRON,False
9215,2022,Marine LE PEN,Marine LE PEN,True
9216,2022,Emmanuel MACRON,Emmanuel MACRON,True
9217,2022,Marine LE PEN,Marine LE PEN,True
9218,2022,Marine LE PEN,Marine LE PEN,True
9219,2022,Marine LE PEN,Marine LE PEN,True
9221,2022,Emmanuel MACRON,François FILLON,False
9222,2022,Emmanuel MACRON,Jean-Luc MÉLENCHON,False
9223,2022,Marine LE PEN,Marine LE PEN,True
9224,2022,Marine LE PEN,Marine LE PEN,True
9225,2022,Emmanuel MACRON,Emmanuel MACRON,True
9226,2022,Marine LE PEN,Marine LE PEN,True
9227,2022,Emmanuel MACRON,Jean-Luc MÉLENCHON,False
9228,2022,Marine LE PEN,Marine LE PEN,True
9229,2022,Marine LE PEN,Marine LE PEN,True
9230,2022,Marine LE PEN,Marine LE PEN,True
9231,2022,Emmanuel MACRON,François FILLON,False
9232,2022,Emmanuel MACRON,François FILLON,False
9233,2022,Marine LE PEN,Marine LE PEN,True
9234,2022,Marine LE PEN,Marine LE PEN,True
9235,2022,Jean-Luc MÉLENCHON,Jean-Luc MÉLENCHON,True
9236,2022,Jean-Luc MÉLENCHON,Jean-Luc MÉLENCHON,True
9237,2022,Marine LE PEN,Marine LE PEN,True
9238,2022,Emmanuel MACRON,Emmanuel MACRON,True
9239,2022,Jean-Luc MÉLENCHON,Jean-Luc MÉLENCHON,True
9240,2022,Marine LE PEN,Marine LE PEN,True
9241,2022,Emmanuel MACRON,Jean-Luc MÉLENCHON,False
9242,2022,Marine LE PEN,Marine LE PEN,True
9243,2022,Jean-Luc MÉLENCHON,Jean-Luc MÉLENCHON,True
9244,2022,Emmanuel MACRON,Emmanuel MACRON,True
9245,2022,Emmanuel MACRON,Jean-Luc MÉLENCHON,False
9246,2022,Jean-Luc MÉLENCHON,Jean-Luc MÉLENCHON,True
9247,2022,Emmanuel MACRON,Emmanuel MACRON,True
9248,2022,Emmanuel MACRON,Jean-Luc MÉLENCHON,False
9249,2022,Marine LE PEN,Marine LE PEN,True
9250,2022,Marine LE PEN,Marine LE PEN,True
9251,2022,Jean-Luc MÉLENCHON,Jean-Luc MÉLENCHON,True
9253,2022,Emmanuel MACRON,Jean-Luc MÉLENCHON,False
9254,2022,Jean-Luc MÉLENCHON,François FILLON,False
9255,2022,Jean-Luc MÉLENCHON,Jean-Luc MÉLENCHON,True
9256,2022,Jean-Luc MÉLENCHON,Jean-Luc MÉLENCHON,True
9257,2022,Jean-Luc MÉLENCHON,Jean-Luc MÉLENCHON,True
9258,2022,Marine LE PEN,Marine LE PEN,True
9259,2022,Marine LE PEN,Marine LE PEN,True
9260,2022,Jean-Luc MÉLENCHON,Jean-Luc MÉLENCHON,True
9261,2022,Marine LE PEN,Marine LE PEN,True
9262,2022,Marine LE PEN,Marine LE PEN,True
9263,2022,Emmanuel MACRON,Emmanuel MACRON,True
9264,2022,Emmanuel MACRON,Emmanuel MACRON,True
9265,2022,Emmanuel MACRON,Emmanuel MACRON,True
9267,2022,Jean-Luc MÉLENCHON,François FILLON,False
9268,2022,Jean-Luc MÉLENCHON,François FILLON,False
9269,2022,Jean-Luc MÉLENCHON,Jean-Luc MÉLENCHON,True
9270,2022,Emmanuel MACRON,Jean-Luc MÉLENCHON,False
9271,2022,Marine LE PEN,Marine LE PEN,True
9272,2022,Jean-Luc MÉLENCHON,François FILLON,False
9273,2022,Emmanuel MACRON,Emmanuel MACRON,True
9274,2022,Marine LE PEN,Marine LE PEN,True
9275,2022,Emmanuel MACRON,Emmanuel MACRON,True
9276,2022,Emmanuel MACRON,François FILLON,False
9277,2022,Marine LE PEN,Marine LE PEN,True
9278,2022,Marine LE PEN,Marine LE PEN,True
9279,2022,Emmanuel MACRON,Emmanuel MACRON,True
9280,2022,Marine LE PEN,Marine LE PEN,True
9281,2022,Jean-Luc MÉLENCHON,Jean-Luc MÉLENCHON,True
9282,2022,Jean-Luc MÉLENCHON,Jean-Luc MÉLENCHON,True
9283,2022,Marine LE PEN,Marine LE PEN,True
9284,2022,Jean-Luc MÉLENCHON,François FILLON,False
9285,2022,Emmanuel MACRON,Emmanuel MACRON,True
9287,2022,Jean-Luc MÉLENCHON,Jean-Luc MÉLENCHON,True
9288,2022,Emmanuel MACRON,Jean-Luc MÉLENCHON,False
9290,2022,Emmanuel MACRON,Jean-Luc MÉLENCHON,False
9291,2022,Jean-Luc MÉLENCHON,François FILLON,False
9292,2022,Marine LE PEN,Marine LE PEN,True
9293,2022,Marine LE PEN,Marine LE PEN,True
9294,2022,Emmanuel MACRON,François FILLON,False
9295,2022,Jean-Luc MÉLENCHON,François FILLON,False
9296,2022,Marine LE PEN,Marine LE PEN,True
9297,2022,Emmanuel MACRON,Emmanuel MACRON,True
9298,2022,Emmanuel MACRON,Jean-Luc MÉLENCHON,False
9299,2022,Emmanuel MACRON,Jean-Luc MÉLENCHON,False
9300,2022,Jean-Luc MÉLENCHON,Jean-Luc MÉLENCHON,True
9301,2022,Marine LE PEN,Marine LE PEN,True
9302,2022,Jean-Luc MÉLENCHON,Jean-Luc MÉLENCHON,True
9303,2022,Jean-Luc MÉLENCHON,Jean-Luc MÉLENCHON,True
9304,2022,Marine LE PEN,Marine LE PEN,True
9305,2022,Jean-Luc MÉLENCHON,Jean-Luc MÉLENCHON,True
9306,2022,Jean-Luc MÉLENCHON,Jean-Luc MÉLENCHON,True
9307,2022,Emmanuel MACRON,François FILLON,False
9308,2022,Jean-Luc MÉLENCHON,Jean-Luc MÉLENCHON,True
9309,2022,Jean-Luc MÉLENCHON,Jean-Luc MÉLENCHON,True
9311,2022,Jean-Luc MÉLENCHON,François FILLON,False
9312,2022,Emmanuel MACRON,Jean-Luc MÉLENCHON,False
9313,2022,Jean-Luc MÉLENCHON,Jean-Luc MÉLENCHON,True
9314,2022,Jean-Luc MÉLENCHON,Emmanuel MACRON,False
9315,2022,Marine LE PEN,Marine LE PEN,True
9316,2022,Emmanuel MACRON,Jean-Luc MÉLENCHON,False
9317,2022,Marine LE PEN,Marine LE PEN,True
9318,2022,Jean-Luc MÉLENCHON,Jean-Luc MÉLENCHON,True
9319,2022,Jean-Luc MÉLENCHON,François FILLON,False
9320,2022,Jean-Luc MÉLENCHON,François FILLON,False
9321,2022,Jean-Luc MÉLENCHON,François FILLON,False
9322,2022,Marine LE PEN,Marine LE PEN,True
9323,2022,Emmanuel MACRON,Jean-Luc MÉLENCHON,False
9324,2022,Emmanuel MACRON,Jean-Luc MÉLENCHON,False
9325,2022,Emmanuel MACRON,Jean-Luc MÉLENCHON,False
9326,2022,Jean-Luc MÉLENCHON,François FILLON,False
9327,2022,Jean-Luc MÉLENCHON,François FILLON,False
9328,2022,Marine LE PEN,Marine LE PEN,True
9329,2022,Emmanuel MACRON,François FILLON,False
9330,2022,Jean-Luc MÉLENCHON,François FILLON,False
9331,2022,Jean-Luc MÉLENCHON,François FILLON,False
9332,2022,Jean-Luc MÉLENCHON,François FILLON,False
9333,2022,Emmanuel MACRON,François FILLON,False
9334,2022,Emmanuel MACRON,Emmanuel MACRON,True
9335,2022,Marine LE PEN,Marine LE PEN,True
9336,2022,Jean-Luc MÉLENCHON,François FILLON,False
9337,2022,Marine LE PEN,Marine LE PEN,True
9338,2022,Marine LE PEN,Marine LE PEN,True
9339,2022,Jean-Luc MÉLENCHON,Jean-Luc MÉLENCHON,True
9340,2022,Marine LE PEN,Marine LE PEN,True
9341,2022,Jean-Luc MÉLENCHON,François FILLON,False
9342,2022,Marine LE PEN,Marine LE PEN,True
9343,2022,Jean-Luc MÉLENCHON,Emmanuel MACRON,False
9344,2022,Jean-Luc MÉLENCHON,François FILLON,False
9345,2022,Marine LE PEN,Marine LE PEN,True
9346,2022,Marine LE PEN,Marine LE PEN,True
9347,2022,Jean-Luc MÉLENCHON,Jean-Luc MÉLENCHON,True
9348,2022,Jean-Luc MÉLENCHON,François FILLON,False
9349,2022,Emmanuel MACRON,Jean-Luc MÉLENCHON,False
9350,2022,Emmanuel MACRON,Jean-Luc MÉLENCHON,False
9351,2022,Jean-Luc MÉLENCHON,Emmanuel MACRON,False
9352,2022,Jean-Luc MÉLENCHON,Jean-Luc MÉLENCHON,True
9353,2022,Jean-Luc MÉLENCHON,François FILLON,False
9354,2022,Emmanuel MACRON,Jean-Luc MÉLENCHON,False
9355,2022,Marine LE PEN,Marine LE PEN,True
9356,2022,Emmanuel MACRON,Jean-Luc MÉLENCHON,False
9357,2022,Marine LE PEN,Marine LE PEN,True
9358,2022,Jean-Luc MÉLENCHON,François FILLON,False
9360,2022,Marine LE PEN,Marine LE PEN,True
9361,2022,Jean-Luc MÉLENCHON,Jean-Luc MÉLENCHON,True
9362,2022,Jean-Luc MÉLENCHON,François FILLON,False
9363,2022,Emmanuel MACRON,Emmanuel MACRON,True
9364,2022,Marine LE PEN,Marine LE PEN,True
9365,2022,Jean-Luc MÉLENCHON,Jean-Luc MÉLENCHON,True
9366,2022,Jean-Luc MÉLENCHON,Jean-Luc MÉLENCHON,True
9367,2022,Marine LE PEN,Marine LE PEN,True
9368,2022,Jean-Luc MÉLENCHON,François FILLON,False
9369,2022,Jean-Luc MÉLENCHON,Jean-Luc MÉLENCHON,True
9370,2022,Jean-Luc MÉLENCHON,Jean-Luc MÉLENCHON,True
9371,2022,Jean-Luc MÉLENCHON,Jean-Luc MÉLENCHON,True
9372,2022,Marine LE PEN,Marine LE PEN,True
9373,2022,Marine LE PEN,Marine LE PEN,True
9374,2022,Marine LE PEN,Marine LE PEN,True
9375,2022,Emmanuel MACRON,Emmanuel MACRON,True
9376,2022,Marine LE PEN,Marine LE PEN,True
9377,2022,Jean-Luc MÉLENCHON,Jean-Luc MÉLENCHON,True
9378,2022,Emmanuel MACRON,Jean-Luc MÉLENCHON,False
9379,2022,Marine LE PEN,Marine LE PEN,True
9380,2022,Marine LE PEN,Marine LE PEN,True
9381,2022,Marine LE PEN,Marine LE PEN,True
9382,2022,Marine LE PEN,Marine LE PEN,True
9383,2022,Emmanuel MACRON,François FILLON,False
9384,2022,Marine LE PEN,Marine LE PEN,True
9385,2022,Emmanuel MACRON,Emmanuel MACRON,True
9386,2022,Marine LE PEN,Marine LE PEN,True
9387,2022,Marine LE PEN,Marine LE PEN,True
9388,2022,Marine LE PEN,Marine LE PEN,True
9389,2022,Jean-Luc MÉLENCHON,Jean-Luc MÉLENCHON,True
9390,2022,Emmanuel MACRON,François FILLON,False
9391,2022,Emmanuel MACRON,Jean-Luc MÉLENCHON,False
9392,2022,Marine LE PEN,Marine LE PEN,True
9393,2022,Marine LE PEN,Marine LE PEN,True
9394,2022,Marine LE PEN,Marine LE PEN,True
9395,2022,Jean-Luc MÉLENCHON,Jean-Luc MÉLENCHON,True
9396,2022,Marine LE PEN,Marine LE PEN,True
9397,2022,Emmanuel MACRON,François FILLON,False
9398,2022,Jean-Luc MÉLENCHON,Jean-Luc MÉLENCHON,True
9399,2022,Marine LE PEN,Marine LE PEN,True
9400,2022,Emmanuel MACRON,Emmanuel MACRON,True
9401,2022,Marine LE PEN,Marine LE PEN,True
9402,2022,Marine LE PEN,Marine LE PEN,True
9403,2022,Marine LE PEN,Marine LE PEN,True
9404,2022,Marine LE PEN,Marine LE PEN,True
9405,2022,Emmanuel MACRON,Jean-Luc MÉLENCHON,False
9406,2022,Jean-Luc MÉLENCHON,Jean-Luc MÉLENCHON,True
9407,2022,Marine LE PEN,Marine LE PEN,True
9408,2022,Jean-Luc MÉLENCHON,François FILLON,False
9409,2022,Emmanuel MACRON,Emmanuel MACRON,True
9410,2022,Marine LE PEN,Marine LE PEN,True
9411,2022,Marine LE PEN,Marine LE PEN,True
9412,2022,Jean-Luc MÉLENCHON,François FILLON,False
9413,2022,Jean-Luc MÉLENCHON,François FILLON,False
9414,2022,Jean-Luc MÉLENCHON,Jean-Luc MÉLENCHON,True
9415,2022,Marine LE PEN,Marine LE PEN,True
9417,2022,Emmanuel MACRON,Jean-Luc MÉLENCHON,False
9418,2022,Jean-Luc MÉLENCHON,Jean-Luc MÉLENCHON,True
9419,2022,Marine LE PEN,Marine LE PEN,True
9420,2022,Emmanuel MACRON,Emmanuel MACRON,True
9421,2022,Jean-Luc MÉLENCHON,François FILLON,False
9422,2022,Marine LE PEN,Marine LE PEN,True
9423,2022,Jean-Luc MÉLENCHON,Jean-Luc MÉLENCHON,True
9424,2022,Jean-Luc MÉLENCHON,Emmanuel MACRON,False
9425,2022,Jean-Luc MÉLENCHON,François FILLON,False
9426,2022,Marine LE PEN,Marine LE PEN,True
9427,2022,Jean-Luc MÉLENCHON,Jean-Luc MÉLENCHON,True
9428,2022,Emmanuel MACRON,Jean-Luc MÉLENCHON,False
9429,2022,Jean-Luc MÉLENCHON,Jean-Luc MÉLENCHON,True
9430,2022,Emmanuel MACRON,François FILLON,False
9431,2022,Emmanuel MACRON,François FILLON,False
9432,2022,Jean-Luc MÉLENCHON,François FILLON,False
9433,2022,Emmanuel MACRON,François FILLON,False
9434,2022,Jean-Luc MÉLENCHON,Jean-Luc MÉLENCHON,True
9435,2022,Jean-Luc MÉLENCHON,François FILLON,False
9436,2022,Emmanuel MACRON,François FILLON,False
9437,2022,Jean-Luc MÉLENCHON,François FILLON,False
9438,2022,Marine LE PEN,Marine LE PEN,True
9439,2022,Emmanuel MACRON,François FILLON,False
9440,2022,Marine LE PEN,Marine LE PEN,True
9441,2022,Emmanuel MACRON,Jean-Luc MÉLENCHON,False
9442,2022,Marine LE PEN,Marine LE PEN,True
9443,2022,Marine LE PEN,Marine LE PEN,True
9444,2022,Marine LE PEN,Marine LE PEN,True
9445,2022,Marine LE PEN,Marine LE PEN,True
9446,2022,Marine LE PEN,Marine LE PEN,True
9447,2022,Marine LE PEN,Marine LE PEN,True
9448,2022,Marine LE PEN,Marine LE PEN,True
9449,2022,Emmanuel MACRON,Jean-Luc MÉLENCHON,False
9450,2022,Marine LE PEN,Marine LE PEN,True
9451,2022,Marine LE PEN,Marine LE PEN,True
9452,2022,Marine LE PEN,Marine LE PEN,True
9453,2022,Marine LE PEN,Marine LE PEN,True
9454,2022,Marine LE PEN,Marine LE PEN,True
9455,2022,Marine LE PEN,Marine LE PEN,True
9456,2022,Marine LE PEN,Marine LE PEN,True
9457,2022,Marine LE PEN,Marine LE PEN,True
9458,2022,Marine LE PEN,Marine LE PEN,True
9459,2022,Emmanuel MACRON,François FILLON,False
9460,2022,Marine LE PEN,Marine LE PEN,True
9461,2022,Marine LE PEN,Marine LE PEN,True
9462,2022,Emmanuel MACRON,François FILLON,False
9463,2022,Marine LE PEN,Marine LE PEN,True
9464,2022,Marine LE PEN,Marine LE PEN,True
9465,2022,Marine LE PEN,Marine LE PEN,True
9466,2022,Marine LE PEN,Marine LE PEN,True
9467,2022,Marine LE PEN,Marine LE PEN,True
9468,2022,Marine LE PEN,Marine LE PEN,True
9469,2022,Marine LE PEN,Marine LE PEN,True
9470,2022,Emmanuel MACRON,François FILLON,False
9471,2022,Marine LE PEN,Marine LE PEN,True
9472,2022,Marine LE PEN,Marine LE PEN,True
9473,2022,Marine LE PEN,Marine LE PEN,True
9474,2022,Marine LE PEN,Marine LE PEN,True
9475,2022,Marine LE PEN,Marine LE PEN,True
9476,2022,Marine LE PEN,Marine LE PEN,True
9477,2022,Emmanuel MACRON,François FILLON,False
9478,2022,Marine LE PEN,Marine LE PEN,True
9479,2022,Marine LE PEN,Marine LE PEN,True
9480,2022,Marine LE PEN,Marine LE PEN,True
9481,2022,Marine LE PEN,Marine LE PEN,True
9482,2022,Emmanuel MACRON,François FILLON,False
9483,2022,Marine LE PEN,Marine LE PEN,True
9484,2022,Marine LE PEN,Marine LE PEN,True
9485,2022,Marine LE PEN,Marine LE PEN,True
9486,2022,Emmanuel MACRON,François FILLON,False
9487,2022,Marine LE PEN,Marine LE PEN,True
9488,2022,Marine LE PEN,Marine LE PEN,True
9489,2022,Marine LE PEN,Marine LE PEN,True
9490,2022,Emmanuel MACRON,François FILLON,False
9491,2022,Marine LE PEN,Marine LE PEN,True
9492,2022,Marine LE PEN,Marine LE PEN,True
9493,2022,Marine LE PEN,Marine LE PEN,True
9494,2022,Emmanuel MACRON,Emmanuel MACRON,True
9495,2022,Marine LE PEN,Marine LE PEN,True
9496,2022,Marine LE PEN,Marine LE PEN,True
9497,2022,Marine LE PEN,Marine LE PEN,True
9498,2022,Marine LE PEN,Marine LE PEN,True
9499,2022,Marine LE PEN,Marine LE PEN,True
9500,2022,Marine LE PEN,Marine LE PEN,True
9501,2022,Marine LE PEN,Marine LE PEN,True
9502,2022,Marine LE PEN,Marine LE PEN,True
9503,2022,Marine LE PEN,Marine LE PEN,True
9504,2022,Marine LE PEN,Marine LE PEN,True
9505,2022,Marine LE PEN,Marine LE PEN,True
9506,2022,Marine LE PEN,Marine LE PEN,True
9507,2022,Marine LE PEN,Marine LE PEN,True
9508,2022,Marine LE PEN,Marine LE PEN,True
9509,2022,Marine LE PEN,Marine LE PEN,True
9510,2022,Marine LE PEN,Marine LE PEN,True
9511,2022,Marine LE PEN,Marine LE PEN,True
9512,2022,Marine LE PEN,Marine LE PEN,True
9513,2022,Marine LE PEN,Marine LE PEN,True
9514,2022,Marine LE PEN,Marine LE PEN,True
9515,2022,Marine LE PEN,Marine LE PEN,True
9516,2022,Marine LE PEN,Marine LE PEN,True
9517,2022,Emmanuel MACRON,François FILLON,False
9518,2022,Marine LE PEN,Marine LE PEN,True
9519,2022,Marine LE PEN,Marine LE PEN,True
9520,2022,Marine LE PEN,Marine LE PEN,True
9521,2022,Emmanuel MACRON,François FILLON,False
9522,2022,Marine LE PEN,Marine LE PEN,True
9523,2022,Marine LE PEN,Marine LE PEN,True
9524,2022,Marine LE PEN,Marine LE PEN,True
9525,2022,Marine LE PEN,Marine LE PEN,True
9526,2022,Marine LE PEN,Marine LE PEN,True
9527,2022,Marine LE PEN,Marine LE PEN,True
9528,2022,Marine LE PEN,Marine LE PEN,True
9529,2022,Emmanuel MACRON,François FILLON,False
9530,2022,Marine LE PEN,Marine LE PEN,True
9531,2022,Marine LE PEN,Marine LE PEN,True
9532,2022,Marine LE PEN,Marine LE PEN,True
9533,2022,Emmanuel MACRON,François FILLON,False
9534,2022,Marine LE PEN,Marine LE PEN,True
9535,2022,Marine LE PEN,Marine LE PEN,True
9536,2022,Marine LE PEN,Marine LE PEN,True
9537,2022,Marine LE PEN,Marine LE PEN,True
9538,2022,Marine LE PEN,Marine LE PEN,True
9539,2022,Marine LE PEN,Marine LE PEN,True
9540,2022,Marine LE PEN,Marine LE PEN,True
9541,2022,Emmanuel MACRON,François FILLON,False
9542,2022,Marine LE PEN,Marine LE PEN,True
9543,2022,Marine LE PEN,Marine LE PEN,True
9544,2022,Emmanuel MACRON,François FILLON,False
9545,2022,Emmanuel MACRON,François FILLON,False
9546,2022,Marine LE PEN,Marine LE PEN,True
9547,2022,Marine LE PEN,Marine LE PEN,True
9548,2022,Marine LE PEN,Marine LE PEN,True
9549,2022,Marine LE PEN,Marine LE PEN,True
9550,2022,Marine LE PEN,Marine LE PEN,True
9551,2022,Marine LE PEN,Marine LE PEN,True
9552,2022,Marine LE PEN,Marine LE PEN,True
9553,2022,Marine LE PEN,Marine LE PEN,True
9554,2022,Marine LE PEN,Marine LE PEN,True
9555,2022,Marine LE PEN,Marine LE PEN,True
9556,2022,Marine LE PEN,Marine LE PEN,True
9557,2022,Marine LE PEN,Marine LE PEN,True
9558,2022,Emmanuel MACRON,François FILLON,False
9559,2022,Emmanuel MACRON,François FILLON,False
9560,2022,Marine LE PEN,Marine LE PEN,True
9561,2022,Marine LE PEN,Marine LE PEN,True
9562,2022,Emmanuel MACRON,François FILLON,False
9563,2022,Marine LE PEN,Marine LE PEN,True
9564,2022,Marine LE PEN,Marine LE PEN,True
9565,2022,Marine LE PEN,Marine LE PEN,True
9566,2022,Emmanuel MACRON,François FILLON,False
9567,2022,Marine LE PEN,Marine LE PEN,True
9568,2022,Marine LE PEN,Marine LE PEN,True
9570,2022,Marine LE PEN,Marine LE PEN,True
9571,2022,Marine LE PEN,Marine LE PEN,True
9572,2022,Marine LE PEN,Marine LE PEN,True
9573,2022,Marine LE PEN,Marine LE PEN,True
9574,2022,Marine LE PEN,Marine LE PEN,True
9575,2022,Marine LE PEN,Marine LE PEN,True
9576,2022,Marine LE PEN,Marine LE PEN,True
9577,2022,Marine LE PEN,Marine LE PEN,True
9578,2022,Marine LE PEN,Marine LE PEN,True
9579,2022,Marine LE PEN,Marine LE PEN,True
9580,2022,Marine LE PEN,Marine LE PEN,True
9581,2022,Marine LE PEN,Marine LE PEN,True
9582,2022,Emmanuel MACRON,François FILLON,False
9583,2022,Marine LE PEN,Marine LE PEN,True
9584,2022,Marine LE PEN,Marine LE PEN,True
9585,2022,Marine LE PEN,Marine LE PEN,True
9586,2022,Marine LE PEN,Marine LE PEN,True
9587,2022,Marine LE PEN,Marine LE PEN,True
9588,2022,Marine LE PEN,Marine LE PEN,True
9589,2022,Emmanuel MACRON,François FILLON,False
9590,2022,Marine LE PEN,Marine LE PEN,True
9591,2022,Marine LE PEN,Marine LE PEN,True
9592,2022,Marine LE PEN,Marine LE PEN,True
9593,2022,Marine LE PEN,Marine LE PEN,True
9594,2022,Marine LE PEN,Marine LE PEN,True
9596,2022,Marine LE PEN,Marine LE PEN,True
9597,2022,Marine LE PEN,Marine LE PEN,True
9598,2022,Marine LE PEN,Marine LE PEN,True
9599,2022,Marine LE PEN,Marine LE PEN,True
9600,2022,Marine LE PEN,Marine LE PEN,True
9601,2022,Marine LE PEN,Marine LE PEN,True
9602,2022,Marine LE PEN,Marine LE PEN,True
9603,2022,Emmanuel MACRON,François FILLON,False
9604,2022,Marine LE PEN,Marine LE PEN,True
9605,2022,Marine LE PEN,Marine LE PEN,True
9606,2022,Marine LE PEN,Marine LE PEN,True
9607,2022,Marine LE PEN,Marine LE PEN,True
9608,2022,Emmanuel MACRON,François FILLON,False
9609,2022,Marine LE PEN,Marine LE PEN,True
9610,2022,Marine LE PEN,Marine LE PEN,True
9611,2022,Marine LE PEN,Marine LE PEN,True
9612,2022,Marine LE PEN,Marine LE PEN,True
9613,2022,Marine LE PEN,Marine LE PEN,True
9614,2022,Marine LE PEN,Marine LE PEN,True
9615,2022,Marine LE PEN,Marine LE PEN,True
9616,2022,Emmanuel MACRON,François FILLON,False
9617,2022,Marine LE PEN,Marine LE PEN,True
9618,2022,Marine LE PEN,Marine LE PEN,True
9619,2022,Marine LE PEN,Marine LE PEN,True
9620,2022,Marine LE PEN,Marine LE PEN,True
9621,2022,Marine LE PEN,Marine LE PEN,True
9622,2022,Marine LE PEN,Marine LE PEN,True
9623,2022,Marine LE PEN,Marine LE PEN,True
9624,2022,Marine LE PEN,Marine LE PEN,True
9625,2022,Marine LE PEN,Marine LE PEN,True
9626,2022,Marine LE PEN,Marine LE PEN,True
9627,2022,Marine LE PEN,Marine LE PEN,True
9628,2022,Marine LE PEN,Marine LE PEN,True
9629,2022,Marine LE PEN,Marine LE PEN,True
9630,2022,Marine LE PEN,Marine LE PEN,True
9631,2022,Emmanuel MACRON,François FILLON,False
9632,2022,Marine LE PEN,Marine LE PEN,True
9633,2022,Marine LE PEN,Marine LE PEN,True
9634,2022,Marine LE PEN,Marine LE PEN,True
9635,2022,Marine LE PEN,Marine LE PEN,True
9636,2022,Marine LE PEN,Marine LE PEN,True
9637,2022,Marine LE PEN,Marine LE PEN,True
9638,2022,Marine LE PEN,Marine LE PEN,True
9639,2022,Marine LE PEN,Marine LE PEN,True
9640,2022,Marine LE PEN,Marine LE PEN,True
9641,2022,Jean-Luc MÉLENCHON,Emmanuel MACRON,False
9642,2022,Marine LE PEN,Marine LE PEN,True
9643,2022,Emmanuel MACRON,François FILLON,False
9644,2022,Marine LE PEN,Marine LE PEN,True
9645,2022,Marine LE PEN,Marine LE PEN,True
9646,2022,Emmanuel MACRON,François FILLON,False
9647,2022,Marine LE PEN,Marine LE PEN,True
9648,2022,Marine LE PEN,Marine LE PEN,True
9649,2022,Marine LE PEN,Marine LE PEN,True
9650,2022,Emmanuel MACRON,François FILLON,False
9651,2022,Marine LE PEN,Marine LE PEN,True
9652,2022,Marine LE PEN,Marine LE PEN,True
9653,2022,Marine LE PEN,Marine LE PEN,True
9654,2022,Emmanuel MACRON,François FILLON,False
9655,2022,Marine LE PEN,Marine LE PEN,True
9656,2022,Marine LE PEN,Marine LE PEN,True
9657,2022,Marine LE PEN,Marine LE PEN,True
9658,2022,Marine LE PEN,Marine LE PEN,True
9659,2022,Marine LE PEN,Marine LE PEN,True
9660,2022,Marine LE PEN,Marine LE PEN,True
9661,2022,Marine LE PEN,Marine LE PEN,True
9662,2022,Marine LE PEN,Marine LE PEN,True
9663,2022,Marine LE PEN,Marine LE PEN,True
9664,2022,Marine LE PEN,Marine LE PEN,True
9665,2022,Emmanuel MACRON,François FILLON,False
9666,2022,Marine LE PEN,Marine LE PEN,True
9667,2022,Marine LE PEN,Marine LE PEN,True
9668,2022,Marine LE PEN,Marine LE PEN,True
9669,2022,Marine LE PEN,Marine LE PEN,True
9670,2022,Marine LE PEN,Marine LE PEN,True
9672,2022,Marine LE PEN,Marine LE PEN,True
9674,2022,Marine LE PEN,Marine LE PEN,True
9675,2022,Emmanuel MACRON,François FILLON,False
9676,2022,Marine LE PEN,Marine LE PEN,True
9677,2022,Marine LE PEN,Marine LE PEN,True
9678,2022,Marine LE PEN,Marine LE PEN,True
9679,2022,Marine LE PEN,Marine LE PEN,True
9680,2022,Marine LE PEN,Marine LE PEN,True
9681,2022,Marine LE PEN,Marine LE PEN,True
9682,2022,Marine LE PEN,Marine LE PEN,True
9683,2022,Emmanuel MACRON,François FILLON,False
9684,2022,Marine LE PEN,Marine LE PEN,True
9685,2022,Emmanuel MACRON,Emmanuel MACRON,True
9686,2022,Marine LE PEN,Marine LE PEN,True
9687,2022,Emmanuel MACRON,François FILLON,False
9688,2022,Marine LE PEN,Marine LE PEN,True
9689,2022,Marine LE PEN,Marine LE PEN,True
9690,2022,Marine LE PEN,Marine LE PEN,True
9691,2022,Marine LE PEN,Marine LE PEN,True
9692,2022,Marine LE PEN,Marine LE PEN,True
9693,2022,Marine LE PEN,Marine LE PEN,True
9695,2022,Marine LE PEN,Marine LE PEN,True
9696,2022,Marine LE PEN,Marine LE PEN,True
9697,2022,Marine LE PEN,Marine LE PEN,True
9698,2022,Marine LE PEN,Marine LE PEN,True
9699,2022,Marine LE PEN,Marine LE PEN,True
9700,2022,Marine LE PEN,Marine LE PEN,True
9701,2022,Emmanuel MACRON,François FILLON,False
9702,2022,Marine LE PEN,Marine LE PEN,True
9703,2022,Marine LE PEN,Marine LE PEN,True
9704,2022,Marine LE PEN,Marine LE PEN,True
9705,2022,Marine LE PEN,Marine LE PEN,True
9706,2022,Emmanuel MACRON,François FILLON,False
9707,2022,Marine LE PEN,Marine LE PEN,True
9708,2022,Marine LE PEN,Marine LE PEN,True
9709,2022,Marine LE PEN,Marine LE PEN,True
9710,2022,Marine LE PEN,Marine LE PEN,True
9711,2022,Marine LE PEN,Marine LE PEN,True
9712,2022,Marine LE PEN,Marine LE PEN,True
9713,2022,Marine LE PEN,Marine LE PEN,True
9714,2022,Emmanuel MACRON,François FILLON,False
9715,2022,Marine LE PEN,Marine LE PEN,True
9716,2022,Marine LE PEN,Marine LE PEN,True
9717,2022,Marine LE PEN,Marine LE PEN,True
9718,2022,Marine LE PEN,Marine LE PEN,True
9719,2022,Emmanuel MACRON,François FILLON,False
9720,2022,Marine LE PEN,Marine LE PEN,True
9721,2022,Marine LE PEN,Marine LE PEN,True
9722,2022,Marine LE PEN,Marine LE PEN,True
9723,2022,Marine LE PEN,Marine LE PEN,True
9724,2022,Marine LE PEN,Marine LE PEN,True
9725,2022,Marine LE PEN,Marine LE PEN,True
9726,2022,Marine LE PEN,Marine LE PEN,True
9727,2022,Marine LE PEN,Marine LE PEN,True
9728,2022,Marine LE PEN,Marine LE PEN,True
9729,2022,Marine LE PEN,Marine LE PEN,True
9730,2022,Marine LE PEN,Marine LE PEN,True
9731,2022,Marine LE PEN,Marine LE PEN,True
9732,2022,Marine LE PEN,Marine LE PEN,True
9733,2022,Emmanuel MACRON,François FILLON,False
9734,2022,Marine LE PEN,Marine LE PEN,True
9735,2022,Emmanuel MACRON,François FILLON,False
9736,2022,Marine LE PEN,Marine LE PEN,True
9737,2022,Marine LE PEN,Marine LE PEN,True
9738,2022,Emmanuel MACRON,François FILLON,False
9739,2022,Marine LE PEN,Marine LE PEN,True
9740,2022,Marine LE PEN,Marine LE PEN,True
9741,2022,Marine LE PEN,Marine LE PEN,True
9742,2022,Marine LE PEN,Marine LE PEN,True
9743,2022,Marine LE PEN,Marine LE PEN,True
9744,2022,Marine LE PEN,Marine LE PEN,True
9745,2022,Marine LE PEN,Marine LE PEN,True
9746,2022,Emmanuel MACRON,François FILLON,False
9747,2022,Marine LE PEN,Marine LE PEN,True
9748,2022,Marine LE PEN,Marine LE PEN,True
9749,2022,Marine LE PEN,Marine LE PEN,True
9750,2022,Marine LE PEN,Marine LE PEN,True
9751,2022,Marine LE PEN,Marine LE PEN,True
9752,2022,Marine LE PEN,Marine LE PEN,True
9753,2022,Marine LE PEN,Marine LE PEN,True
9754,2022,Marine LE PEN,Marine LE PEN,True
9755,2022,Marine LE PEN,Marine LE PEN,True
9756,2022,Marine LE PEN,Marine LE PEN,True
9757,2022,Marine LE PEN,Marine LE PEN,True
9758,2022,Marine LE PEN,Marine LE PEN,True
9759,2022,Marine LE PEN,Marine LE PEN,True
9760,2022,Marine LE PEN,Marine LE PEN,True
9761,2022,Marine LE PEN,Marine LE PEN,True
9762,2022,Emmanuel MACRON,Emmanuel MACRON,True
9763,2022,Emmanuel MACRON,François FILLON,False
9764,2022,Emmanuel MACRON,François FILLON,False
9765,2022,Marine LE PEN,Marine LE PEN,True
9766,2022,Marine LE PEN,Marine LE PEN,True
9767,2022,Marine LE PEN,Marine LE PEN,True
9768,2022,Marine LE PEN,Marine LE PEN,True
9769,2022,Marine LE PEN,Marine LE PEN,True
9770,2022,Marine LE PEN,Marine LE PEN,True
9771,2022,Marine LE PEN,Marine LE PEN,True
9772,2022,Emmanuel MACRON,François FILLON,False
9773,2022,Marine LE PEN,Marine LE PEN,True
9774,2022,Marine LE PEN,Marine LE PEN,True
9775,2022,Marine LE PEN,Marine LE PEN,True
9776,2022,Marine LE PEN,Marine LE PEN,True
9777,2022,Marine LE PEN,Marine LE PEN,True
9778,2022,Marine LE PEN,Marine LE PEN,True
9779,2022,Marine LE PEN,Marine LE PEN,True
9780,2022,Emmanuel MACRON,François FILLON,False
9781,2022,Marine LE PEN,Marine LE PEN,True
9782,2022,Marine LE PEN,Marine LE PEN,True
9783,2022,Emmanuel MACRON,François FILLON,False
9784,2022,Marine LE PEN,Marine LE PEN,True
9785,2022,Emmanuel MACRON,François FILLON,False
9786,2022,Emmanuel MACRON,François FILLON,False
9787,2022,Emmanuel MACRON,François FILLON,False
9789,2022,Emmanuel MACRON,François FILLON,False
9790,2022,Marine LE PEN,Marine LE PEN,True
9791,2022,Marine LE PEN,Marine LE PEN,True
9792,2022,Marine LE PEN,Marine LE PEN,True
9793,2022,Marine LE PEN,Marine LE PEN,True
9794,2022,Marine LE PEN,Marine LE PEN,True
9795,2022,Marine LE PEN,Marine LE PEN,True
9796,2022,Marine LE PEN,Marine LE PEN,True
9797,2022,Marine LE PEN,Marine LE PEN,True
9798,2022,Marine LE PEN,Marine LE PEN,True
9799,2022,Marine LE PEN,Marine LE PEN,True
9800,2022,Emmanuel MACRON,François FILLON,False
9802,2022,Marine LE PEN,Marine LE PEN,True
9803,2022,Marine LE PEN,Marine LE PEN,True
9804,2022,Marine LE PEN,Marine LE PEN,True
9805,2022,Marine LE PEN,Marine LE PEN,True
9806,2022,Marine LE PEN,Marine LE PEN,True
9807,2022,Marine LE PEN,Marine LE PEN,True
9808,2022,Marine LE PEN,Marine LE PEN,True
9809,2022,Marine LE PEN,Marine LE PEN,True
9810,2022,Marine LE PEN,Marine LE PEN,True
9811,2022,Marine LE PEN,Marine LE PEN,True
9812,2022,Marine LE PEN,Marine LE PEN,True
9813,2022,Marine LE PEN,Marine LE PEN,True
9814,2022,Emmanuel MACRON,François FILLON,False
9815,2022,Marine LE PEN,Marine LE PEN,True
9816,2022,Marine LE PEN,Marine LE PEN,True
9817,2022,Marine LE PEN,Marine LE PEN,True
9818,2022,Marine LE PEN,Marine LE PEN,True
9819,2022,Marine LE PEN,Marine LE PEN,True
9820,2022,Marine LE PEN,Marine LE PEN,True
9821,2022,Marine LE PEN,Marine LE PEN,True
9822,2022,Marine LE PEN,Marine LE PEN,True
9823,2022,Marine LE PEN,Marine LE PEN,True
9824,2022,Emmanuel MACRON,François FILLON,False
9825,2022,Emmanuel MACRON,François FILLON,False
9826,2022,Marine LE PEN,Marine LE PEN,True
9827,2022,Marine LE PEN,Marine LE PEN,True
9828,2022,Emmanuel MACRON,François FILLON,False
9829,2022,Marine LE PEN,Marine LE PEN,True
9830,2022,Marine LE PEN,Marine LE PEN,True
9831,2022,Marine LE PEN,Marine LE PEN,True
9832,2022,Emmanuel MACRON,Emmanuel MACRON,True
9833,2022,Marine LE PEN,Marine LE PEN,True
9834,2022,Marine LE PEN,Marine LE PEN,True
9835,2022,Marine LE PEN,Marine LE PEN,True
9836,2022,Marine LE PEN,Marine LE PEN,True
9837,2022,Emmanuel MACRON,François FILLON,False
9838,2022,Marine LE PEN,Marine LE PEN,True
9839,2022,Marine LE PEN,Marine LE PEN,True
9840,2022,Marine LE PEN,Marine LE PEN,True
9841,2022,Marine LE PEN,Marine LE PEN,True
9842,2022,Marine LE PEN,Marine LE PEN,True
9843,2022,Marine LE PEN,Marine LE PEN,True
9844,2022,Marine LE PEN,Marine LE PEN,True
9845,2022,Emmanuel MACRON,François FILLON,False
9846,2022,Marine LE PEN,Marine LE PEN,True
9847,2022,Marine LE PEN,Marine LE PEN,True
9848,2022,Marine LE PEN,Marine LE PEN,True
9849,2022,Marine LE PEN,Marine LE PEN,True
9850,2022,Marine LE PEN,Marine LE PEN,True
9851,2022,Emmanuel MACRON,François FILLON,False
9852,2022,Marine LE PEN,Marine LE PEN,True
9853,2022,Emmanuel MACRON,François FILLON,False
9854,2022,Emmanuel MACRON,François FILLON,False
9855,2022,Marine LE PEN,Marine LE PEN,True
9856,2022,Marine LE PEN,Marine LE PEN,True
9857,2022,Emmanuel MACRON,François FILLON,False
9858,2022,Emmanuel MACRON,François FILLON,False
9859,2022,Marine LE PEN,Marine LE PEN,True
9860,2022,Marine LE PEN,Marine LE PEN,True
9861,2022,Marine LE PEN,Marine LE PEN,True
9862,2022,Marine LE PEN,Marine LE PEN,True
9863,2022,Marine LE PEN,Marine LE PEN,True
9864,2022,Marine LE PEN,Marine LE PEN,True
9865,2022,Marine LE PEN,Marine LE PEN,True
9866,2022,Marine LE PEN,Marine LE PEN,True
9867,2022,Marine LE PEN,Marine LE PEN,True
9868,2022,Marine LE PEN,Marine LE PEN,True
9870,2022,Marine LE PEN,Marine LE PEN,True
9871,2022,Marine LE PEN,Marine LE PEN,True
9872,2022,Marine LE PEN,Marine LE PEN,True
9873,2022,Marine LE PEN,Marine LE PEN,True
9874,2022,Marine LE PEN,Marine LE PEN,True
9875,2022,Marine LE PEN,Marine LE PEN,True
9876,2022,Marine LE PEN,Marine LE PEN,True
9877,2022,Marine LE PEN,Marine LE PEN,True
9878,2022,Marine LE PEN,Marine LE PEN,True
9879,2022,Emmanuel MACRON,Emmanuel MACRON,True
9880,2022,Marine LE PEN,Marine LE PEN,True
9881,2022,Marine LE PEN,Marine LE PEN,True
9882,2022,Marine LE PEN,Marine LE PEN,True
9883,2022,Marine LE PEN,Marine LE PEN,True
9884,2022,Marine LE PEN,Marine LE PEN,True
9885,2022,Marine LE PEN,Marine LE PEN,True
9886,2022,Marine LE PEN,Marine LE PEN,True
9887,2022,Marine LE PEN,Marine LE PEN,True
9888,2022,Marine LE PEN,Marine LE PEN,True
9889,2022,Marine LE PEN,Marine LE PEN,True
9890,2022,Marine LE PEN,Marine LE PEN,True
9891,2022,Marine LE PEN,Marine LE PEN,True
9893,2022,Marine LE PEN,Marine LE PEN,True
9894,2022,Emmanuel MACRON,François FILLON,False
9895,2022,Marine LE PEN,Marine LE PEN,True
9896,2022,Emmanuel MACRON,François FILLON,False
9897,2022,Emmanuel MACRON,François FILLON,False
9898,2022,Marine LE PEN,Marine LE PEN,True
9899,2022,Marine LE PEN,Marine LE PEN,True
9900,2022,Marine LE PEN,Marine LE PEN,True
9901,2022,Marine LE PEN,Marine LE PEN,True
9902,2022,Marine LE PEN,Marine LE PEN,True
9903,2022,Marine LE PEN,Marine LE PEN,True
9904,2022,Emmanuel MACRON,François FILLON,False
9905,2022,Marine LE PEN,Marine LE PEN,True
9906,2022,Marine LE PEN,Marine LE PEN,True
9907,2022,Marine LE PEN,Marine LE PEN,True
9908,2022,Emmanuel MACRON,François FILLON,False
9909,2022,Marine LE PEN,Marine LE PEN,True
9910,2022,Marine LE PEN,Marine LE PEN,True
9911,2022,Emmanuel MACRON,François FILLON,False
9912,2022,Marine LE PEN,Marine LE PEN,True
9913,2022,Emmanuel MACRON,François FILLON,False
9914,2022,Marine LE PEN,Marine LE PEN,True
9915,2022,Marine LE PEN,Marine LE PEN,True
9917,2022,Marine LE PEN,Marine LE PEN,True
9919,2022,Marine LE PEN,Marine LE PEN,True
9920,2022,Marine LE PEN,Marine LE PEN,True
9921,2022,Emmanuel MACRON,François FILLON,False
9922,2022,Marine LE PEN,Marine LE PEN,True
9923,2022,Marine LE PEN,Marine LE PEN,True
9924,2022,Emmanuel MACRON,François FILLON,False
9925,2022,Emmanuel MACRON,François FILLON,False
9926,2022,Emmanuel MACRON,François FILLON,False
9927,2022,Marine LE PEN,Marine LE PEN,True
9928,2022,Emmanuel MACRON,François FILLON,False
9929,2022,Marine LE PEN,Marine LE PEN,True
9930,2022,Marine LE PEN,Marine LE PEN,True
9931,2022,Marine LE PEN,Marine LE PEN,True
9932,2022,Marine LE PEN,Marine LE PEN,True
9933,2022,Marine LE PEN,Marine LE PEN,True
9934,2022,Marine LE PEN,Marine LE PEN,True
9935,2022,Marine LE PEN,Marine LE PEN,True
9936,2022,Marine LE PEN,Marine LE PEN,True
9937,2022,Marine LE PEN,Marine LE PEN,True
9938,2022,Marine LE PEN,Marine LE PEN,True
9939,2022,Marine LE PEN,Marine LE PEN,True
9940,2022,Marine LE PEN,Marine LE PEN,True
9941,2022,Emmanuel MACRON,François FILLON,False
9942,2022,Marine LE PEN,Marine LE PEN,True
9944,2022,Marine LE PEN,Marine LE PEN,True
9945,2022,Marine LE PEN,Marine LE PEN,True
9946,2022,Marine LE PEN,Marine LE PEN,True
9947,2022,Marine LE PEN,Marine LE PEN,True
9948,2022,Emmanuel MACRON,François FILLON,False
9949,2022,Emmanuel MACRON,François FILLON,False
9950,2022,Marine LE PEN,Marine LE PEN,True
9951,2022,Marine LE PEN,Marine LE PEN,True
9952,2022,Marine LE PEN,Marine LE PEN,True
9953,2022,Marine LE PEN,Marine LE PEN,True
9954,2022,Marine LE PEN,Marine LE PEN,True
9955,2022,Marine LE PEN,Marine LE PEN,True
9956,2022,Marine LE PEN,Marine LE PEN,True
9957,2022,Marine LE PEN,Marine LE PEN,True
9959,2022,Marine LE PEN,Marine LE PEN,True
9960,2022,Emmanuel MACRON,Emmanuel MACRON,True
9961,2022,Marine LE PEN,Marine LE PEN,True
9962,2022,Emmanuel MACRON,François FILLON,False
9963,2022,Emmanuel MACRON,François FILLON,False
9964,2022,Marine LE PEN,Marine LE PEN,True
9966,2022,Marine LE PEN,Marine LE PEN,True
9967,2022,Marine LE PEN,Marine LE PEN,True
9968,2022,Emmanuel MACRON,François FILLON,False
9969,2022,Marine LE PEN,Marine LE PEN,True
9970,2022,Emmanuel MACRON,François FILLON,False
9971,2022,Marine LE PEN,Marine LE PEN,True
9972,2022,Marine LE PEN,Marine LE PEN,True
9973,2022,Emmanuel MACRON,François FILLON,False
9974,2022,Emmanuel MACRON,François FILLON,False
9975,2022,Marine LE PEN,Marine LE PEN,True
9976,2022,Marine LE PEN,Marine LE PEN,True
9977,2022,Marine LE PEN,Marine LE PEN,True
9978,2022,Emmanuel MACRON,François FILLON,False
9979,2022,Marine LE PEN,Marine LE PEN,True
9980,2022,Marine LE PEN,Marine LE PEN,True
9981,2022,Marine LE PEN,Marine LE PEN,True
9982,2022,Marine LE PEN,Marine LE PEN,True
9983,2022,Marine LE PEN,Marine LE PEN,True
9984,2022,Marine LE PEN,Marine LE PEN,True
9985,2022,Marine LE PEN,Marine LE PEN,True
9986,2022,Marine LE PEN,Marine LE PEN,True
9987,2022,Marine LE PEN,Marine LE PEN,True
9988,2022,Marine LE PEN,Marine LE PEN,True
9989,2022,Marine LE PEN,Marine LE PEN,True
9990,2022,Marine LE PEN,Marine LE PEN,True
9991,2022,Marine LE PEN,Marine LE PEN,True
9992,2022,Marine LE PEN,Marine LE PEN,True
9994,2022,Marine LE PEN,Marine LE PEN,True
9995,2022,Emmanuel MACRON,François FILLON,False
9996,2022,Marine LE PEN,Marine LE PEN,True
9997,2022,Marine LE PEN,Marine LE PEN,True
9998,2022,Marine LE PEN,Marine LE PEN,True
9999,2022,Marine LE PEN,Marine LE PEN,True
10001,2022,Emmanuel MACRON,François FILLON,False
10002,2022,Marine LE PEN,Marine LE PEN,True
10003,2022,Emmanuel MACRON,François FILLON,False
10004,2022,Marine LE PEN,Marine LE PEN,True
10006,2022,Marine LE PEN,Marine LE PEN,True
10007,2022,Marine LE PEN,Marine LE PEN,True
10008,2022,Marine LE PEN,Marine LE PEN,True
10009,2022,Emmanuel MACRON,François FILLON,False
10010,2022,Marine LE PEN,Marine LE PEN,True
10011,2022,Emmanuel MACRON,François FILLON,False
10012,2022,Marine LE PEN,Marine LE PEN,True
10013,2022,Marine LE PEN,Marine LE PEN,True
10014,2022,Marine LE PEN,Marine LE PEN,True
10015,2022,Marine LE PEN,Marine LE PEN,True
10016,2022,Emmanuel MACRON,François FILLON,False
10017,2022,Marine LE PEN,Marine LE PEN,True
10018,2022,Marine LE PEN,Marine LE PEN,True
10019,2022,Marine LE PEN,Marine LE PEN,True
10020,2022,Marine LE PEN,Marine LE PEN,True
10021,2022,Marine LE PEN,Marine LE PEN,True
10022,2022,Emmanuel MACRON,François FILLON,False
10024,2022,Marine LE PEN,Marine LE PEN,True
10025,2022,Marine LE PEN,Marine LE PEN,True
10026,2022,Marine LE PEN,Marine LE PEN,True
10027,2022,Marine LE PEN,Marine LE PEN,True
10028,2022,Emmanuel MACRON,Emmanuel MACRON,True
10029,2022,Marine LE PEN,Marine LE PEN,True
10030,2022,Marine LE PEN,Marine LE PEN,True
10031,2022,Marine LE PEN,Marine LE PEN,True
10032,2022,Marine LE PEN,Marine LE PEN,True
10033,2022,Emmanuel MACRON,François FILLON,False
10034,2022,Marine LE PEN,Marine LE PEN,True
10035,2022,Marine LE PEN,Marine LE PEN,True
10036,2022,Marine LE PEN,Marine LE PEN,True
10037,2022,Marine LE PEN,Marine LE PEN,True
10038,2022,Emmanuel MACRON,François FILLON,False
10039,2022,Emmanuel MACRON,François FILLON,False
10040,2022,Emmanuel MACRON,François FILLON,False
10041,2022,Marine LE PEN,Marine LE PEN,True
10042,2022,Marine LE PEN,Marine LE PEN,True
10043,2022,Emmanuel MACRON,François FILLON,False
10044,2022,Marine LE PEN,Marine LE PEN,True
10045,2022,Marine LE PEN,Marine LE PEN,True
10046,2022,Jean-Luc MÉLENCHON,Emmanuel MACRON,False
10047,2022,Emmanuel MACRON,Emmanuel MACRON,True
10049,2022,Marine LE PEN,Marine LE PEN,True
10050,2022,Marine LE PEN,Marine LE PEN,True
10051,2022,Marine LE PEN,Marine LE PEN,True
10052,2022,Marine LE PEN,Marine LE PEN,True
10053,2022,Marine LE PEN,Marine LE PEN,True
10054,2022,Marine LE PEN,Marine LE PEN,True
10055,2022,Marine LE PEN,Marine LE PEN,True
10056,2022,Marine LE PEN,Marine LE PEN,True
10057,2022,Marine LE PEN,Marine LE PEN,True
10058,2022,Marine LE PEN,Marine LE PEN,True
10059,2022,Marine LE PEN,Marine LE PEN,True
10060,2022,Marine LE PEN,Marine LE PEN,True
10061,2022,Marine LE PEN,Marine LE PEN,True
10062,2022,Marine LE PEN,Marine LE PEN,True
10063,2022,Marine LE PEN,Marine LE PEN,True
10064,2022,Marine LE PEN,Marine LE PEN,True
10065,2022,Marine LE PEN,Marine LE PEN,True
10066,2022,Emmanuel MACRON,Emmanuel MACRON,True
10067,2022,Emmanuel MACRON,Emmanuel MACRON,True
10068,2022,Jean-Luc MÉLENCHON,François FILLON,False
10069,2022,Marine LE PEN,Marine LE PEN,True
10070,2022,Marine LE PEN,Marine LE PEN,True
10071,2022,Marine LE PEN,Marine LE PEN,True
10072,2022,Marine LE PEN,Marine LE PEN,True
10073,2022,Marine LE PEN,Marine LE PEN,True
10074,2022,Marine LE PEN,Marine LE PEN,True
10075,2022,Marine LE PEN,Marine LE PEN,True
10076,2022,Marine LE PEN,Marine LE PEN,True
10077,2022,Marine LE PEN,Marine LE PEN,True
10078,2022,Emmanuel MACRON,François FILLON,False
10079,2022,Emmanuel MACRON,François FILLON,False
10080,2022,Marine LE PEN,Marine LE PEN,True
10081,2022,Marine LE PEN,Marine LE PEN,True
10082,2022,Marine LE PEN,Marine LE PEN,True
10083,2022,Marine LE PEN,Marine LE PEN,True
10084,2022,Emmanuel MACRON,François FILLON,False
10085,2022,Marine LE PEN,Marine LE PEN,True
10086,2022,Emmanuel MACRON,François FILLON,False
10087,2022,Marine LE PEN,Marine LE PEN,True
10088,2022,Marine LE PEN,Marine LE PEN,True
10089,2022,Marine LE PEN,Marine LE PEN,True
10090,2022,Emmanuel MACRON,François FILLON,False
10091,2022,Marine LE PEN,Marine LE PEN,True
10092,2022,Marine LE PEN,Marine LE PEN,True
10093,2022,Marine LE PEN,Marine LE PEN,True
10094,2022,Marine LE PEN,Marine LE PEN,True
10095,2022,Marine LE PEN,Marine LE PEN,True
10096,2022,Emmanuel MACRON,Emmanuel MACRON,True
10097,2022,Marine LE PEN,Marine LE PEN,True
10098,2022,Marine LE PEN,Marine LE PEN,True
10099,2022,Marine LE PEN,Marine LE PEN,True
10100,2022,Emmanuel MACRON,François FILLON,False
10101,2022,Marine LE PEN,Marine LE PEN,True
10102,2022,Marine LE PEN,Marine LE PEN,True
10104,2022,Marine LE PEN,Marine LE PEN,True
10105,2022,Emmanuel MACRON,François FILLON,False
10107,2022,Marine LE PEN,Marine LE PEN,True
10108,2022,Marine LE PEN,Marine LE PEN,True
10109,2022,Emmanuel MACRON,Emmanuel MACRON,True
10110,2022,Marine LE PEN,Marine LE PEN,True
10111,2022,Emmanuel MACRON,François FILLON,False
10112,2022,Marine LE PEN,Marine LE PEN,True
10113,2022,Emmanuel MACRON,François FILLON,False
10114,2022,Marine LE PEN,Marine LE PEN,True
10115,2022,Marine LE PEN,Marine LE PEN,True
10116,2022,Emmanuel MACRON,François FILLON,False
10117,2022,Marine LE PEN,Marine LE PEN,True
10118,2022,Marine LE PEN,Marine LE PEN,True
10119,2022,Marine LE PEN,Marine LE PEN,True
10120,2022,Marine LE PEN,Marine LE PEN,True
10121,2022,Marine LE PEN,Marine LE PEN,True
10122,2022,Marine LE PEN,Marine LE PEN,True
10123,2022,Emmanuel MACRON,Emmanuel MACRON,True
10124,2022,Marine LE PEN,Marine LE PEN,True
10125,2022,Emmanuel MACRON,François FILLON,False
10126,2022,Emmanuel MACRON,Emmanuel MACRON,True
10127,2022,Marine LE PEN,Marine LE PEN,True
10128,2022,Marine LE PEN,Marine LE PEN,True
10129,2022,Marine LE PEN,Marine LE PEN,True
10130,2022,Marine LE PEN,Marine LE PEN,True
10131,2022,Marine LE PEN,Marine LE PEN,True
10132,2022,Marine LE PEN,Marine LE PEN,True
10133,2022,Marine LE PEN,Marine LE PEN,True
10134,2022,Emmanuel MACRON,François FILLON,False
10135,2022,Marine LE PEN,Marine LE PEN,True
10136,2022,Marine LE PEN,Marine LE PEN,True
10137,2022,Marine LE PEN,Marine LE PEN,True
10138,2022,Marine LE PEN,Marine LE PEN,True
10139,2022,Marine LE PEN,Marine LE PEN,True
10140,2022,Marine LE PEN,Marine LE PEN,True
10141,2022,Marine LE PEN,Marine LE PEN,True
10142,2022,Marine LE PEN,Marine LE PEN,True
10143,2022,Emmanuel MACRON,François FILLON,False
10144,2022,Marine LE PEN,Marine LE PEN,True
10145,2022,Emmanuel MACRON,François FILLON,False
10146,2022,Marine LE PEN,Marine LE PEN,True
10148,2022,Marine LE PEN,Marine LE PEN,True
10149,2022,Marine LE PEN,Marine LE PEN,True
10150,2022,Marine LE PEN,Marine LE PEN,True
10151,2022,Emmanuel MACRON,François FILLON,False
10152,2022,Marine LE PEN,Marine LE PEN,True
10153,2022,Marine LE PEN,Marine LE PEN,True
10154,2022,Marine LE PEN,Marine LE PEN,True
10155,2022,Marine LE PEN,Marine LE PEN,True
10156,2022,Emmanuel MACRON,François FILLON,False
10157,2022,Marine LE PEN,Marine LE PEN,True
10158,2022,Marine LE PEN,Marine LE PEN,True
10159,2022,Emmanuel MACRON,François FILLON,False
10160,2022,Marine LE PEN,Marine LE PEN,True
10161,2022,Emmanuel MACRON,Emmanuel MACRON,True
10162,2022,Marine LE PEN,Marine LE PEN,True
10163,2022,Marine LE PEN,Marine LE PEN,True
10164,2022,Marine LE PEN,Marine LE PEN,True
10165,2022,Jean-Luc MÉLENCHON,Emmanuel MACRON,False
10166,2022,Emmanuel MACRON,François FILLON,False
10167,2022,Emmanuel MACRON,François FILLON,False
10168,2022,Emmanuel MACRON,François FILLON,False
10169,2022,Emmanuel MACRON,François FILLON,False
10170,2022,Emmanuel MACRON,François FILLON,False
10171,2022,Marine LE PEN,Marine LE PEN,True
10172,2022,Marine LE PEN,Marine LE PEN,True
10173,2022,Marine LE PEN,Marine LE PEN,True
10174,2022,Marine LE PEN,Marine LE PEN,True
10175,2022,Emmanuel MACRON,François FILLON,False
10176,2022,Marine LE PEN,Marine LE PEN,True
10177,2022,Marine LE PEN,Marine LE PEN,True
10178,2022,Marine LE PEN,Marine LE PEN,True
10179,2022,Marine LE PEN,Marine LE PEN,True
10180,2022,Marine LE PEN,Marine LE PEN,True
10181,2022,Emmanuel MACRON,Emmanuel MACRON,True
10182,2022,Marine LE PEN,Marine LE PEN,True
10183,2022,Marine LE PEN,Marine LE PEN,True
10184,2022,Emmanuel MACRON,François FILLON,False
10185,2022,Emmanuel MACRON,François FILLON,False
10186,2022,Marine LE PEN,Marine LE PEN,True
10187,2022,Marine LE PEN,Marine LE PEN,True
10188,2022,Marine LE PEN,Marine LE PEN,True
10189,2022,Marine LE PEN,Marine LE PEN,True
10190,2022,Emmanuel MACRON,François FILLON,False
10191,2022,Marine LE PEN,Marine LE PEN,True
10193,2022,Marine LE PEN,Marine LE PEN,True
10194,2022,Marine LE PEN,Marine LE PEN,True
10195,2022,Marine LE PEN,Marine LE PEN,True
10196,2022,Emmanuel MACRON,François FILLON,False
10197,2022,Emmanuel MACRON,François FILLON,False
10198,2022,Emmanuel MACRON,François FILLON,False
10199,2022,Marine LE PEN,Marine LE PEN,True
10200,2022,Emmanuel MACRON,François FILLON,False
10201,2022,Emmanuel MACRON,François FILLON,False
10202,2022,Marine LE PEN,Marine LE PEN,True
10203,2022,Marine LE PEN,Marine LE PEN,True
10204,2022,Emmanuel MACRON,François FILLON,False
10205,2022,Marine LE PEN,Marine LE PEN,True
10206,2022,Marine LE PEN,Marine LE PEN,True
10207,2022,Marine LE PEN,Marine LE PEN,True
10208,2022,Marine LE PEN,Marine LE PEN,True
10209,2022,Emmanuel MACRON,Emmanuel MACRON,True
10210,2022,Marine LE PEN,Marine LE PEN,True
10211,2022,Marine LE PEN,Marine LE PEN,True
10212,2022,Marine LE PEN,Marine LE PEN,True
10213,2022,Marine LE PEN,Marine LE PEN,True
10214,2022,Emmanuel MACRON,François FILLON,False
10215,2022,Marine LE PEN,Marine LE PEN,True
10216,2022,Emmanuel MACRON,François FILLON,False
10217,2022,Marine LE PEN,Marine LE PEN,True
10218,2022,Emmanuel MACRON,François FILLON,False
10219,2022,Marine LE PEN,Marine LE PEN,True
10220,2022,Emmanuel MACRON,François FILLON,False
10221,2022,Marine LE PEN,Marine LE PEN,True
10222,2022,Marine LE PEN,Marine LE PEN,True
10223,2022,Marine LE PEN,Marine LE PEN,True
10224,2022,Emmanuel MACRON,François FILLON,False
10225,2022,Marine LE PEN,Marine LE PEN,True
10226,2022,Emmanuel MACRON,François FILLON,False
10228,2022,Marine LE PEN,Marine LE PEN,True
10229,2022,Marine LE PEN,Marine LE PEN,True
10230,2022,Emmanuel MACRON,François FILLON,False
10231,2022,Emmanuel MACRON,Emmanuel MACRON,True
10232,2022,Marine LE PEN,Marine LE PEN,True
10233,2022,Marine LE PEN,Marine LE PEN,True
10234,2022,Marine LE PEN,Marine LE PEN,True
10235,2022,Emmanuel MACRON,François FILLON,False
10236,2022,Marine LE PEN,Marine LE PEN,True
10237,2022,Marine LE PEN,Marine LE PEN,True
10238,2022,Marine LE PEN,Marine LE PEN,True
10239,2022,Marine LE PEN,Marine LE PEN,True
10240,2022,Emmanuel MACRON,François FILLON,False
10241,2022,Marine LE PEN,Marine LE PEN,True
10242,2022,Emmanuel MACRON,Emmanuel MACRON,True
10243,2022,Marine LE PEN,Marine LE PEN,True
10244,2022,Marine LE PEN,Marine LE PEN,True
10245,2022,Jean-Luc MÉLENCHON,François FILLON,False
10246,2022,Marine LE PEN,Marine LE PEN,True
10247,2022,Marine LE PEN,Marine LE PEN,True
10248,2022,Emmanuel MACRON,Emmanuel MACRON,True
10249,2022,Emmanuel MACRON,François FILLON,False
10250,2022,Marine LE PEN,Marine LE PEN,True
10251,2022,Marine LE PEN,Marine LE PEN,True
10252,2022,Marine LE PEN,Marine LE PEN,True
10253,2022,Marine LE PEN,Marine LE PEN,True
10254,2022,Marine LE PEN,Marine LE PEN,True
10255,2022,Emmanuel MACRON,François FILLON,False
10256,2022,Emmanuel MACRON,Emmanuel MACRON,True
10257,2022,Emmanuel MACRON,François FILLON,False
10258,2022,Marine LE PEN,Marine LE PEN,True
10259,2022,Marine LE PEN,Marine LE PEN,True
10260,2022,Marine LE PEN,Marine LE PEN,True
10261,2022,Marine LE PEN,Marine LE PEN,True
10262,2022,Emmanuel MACRON,François FILLON,False
10263,2022,Marine LE PEN,Marine LE PEN,True
10264,2022,Marine LE PEN,Marine LE PEN,True
10265,2022,Marine LE PEN,Marine LE PEN,True
10266,2022,Emmanuel MACRON,François FILLON,False
10268,2022,Emmanuel MACRON,François FILLON,False
10269,2022,Emmanuel MACRON,François FILLON,False
10270,2022,Emmanuel MACRON,Emmanuel MACRON,True
10271,2022,Marine LE PEN,Marine LE PEN,True
10272,2022,Marine LE PEN,Marine LE PEN,True
10273,2022,Marine LE PEN,Marine LE PEN,True
10274,2022,Marine LE PEN,Marine LE PEN,True
10275,2022,Marine LE PEN,Marine LE PEN,True
10276,2022,Marine LE PEN,Marine LE PEN,True
10277,2022,Marine LE PEN,Marine LE PEN,True
10278,2022,Marine LE PEN,Marine LE PEN,True
10279,2022,Emmanuel MACRON,François FILLON,False
10280,2022,Marine LE PEN,Marine LE PEN,True
10281,2022,Marine LE PEN,Marine LE PEN,True
10283,2022,Emmanuel MACRON,François FILLON,False
10284,2022,Marine LE PEN,Marine LE PEN,True
10285,2022,Emmanuel MACRON,François FILLON,False
10286,2022,Emmanuel MACRON,François FILLON,False
10287,2022,Emmanuel MACRON,François FILLON,False
10288,2022,Marine LE PEN,Marine LE PEN,True
10289,2022,Emmanuel MACRON,François FILLON,False
10290,2022,Marine LE PEN,Marine LE PEN,True
10291,2022,Emmanuel MACRON,François FILLON,False
10292,2022,Emmanuel MACRON,François FILLON,False
10293,2022,Emmanuel MACRON,François FILLON,False
10294,2022,Emmanuel MACRON,Emmanuel MACRON,True
10295,2022,Marine LE PEN,Marine LE PEN,True
10296,2022,Marine LE PEN,Marine LE PEN,True
10297,2022,Marine LE PEN,Marine LE PEN,True
10298,2022,Marine LE PEN,Marine LE PEN,True
10299,2022,Marine LE PEN,Marine LE PEN,True
10300,2022,Marine LE PEN,Marine LE PEN,True
10301,2022,Marine LE PEN,Marine LE PEN,True
10302,2022,Marine LE PEN,Marine LE PEN,True
10303,2022,Marine LE PEN,Marine LE PEN,True
10304,2022,Marine LE PEN,Marine LE PEN,True
10305,2022,Marine LE PEN,Marine LE PEN,True
10306,2022,Marine LE PEN,Marine LE PEN,True
10307,2022,Marine LE PEN,Marine LE PEN,True
10308,2022,Marine LE PEN,Marine LE PEN,True
10309,2022,Emmanuel MACRON,François FILLON,False
10310,2022,Marine LE PEN,Marine LE PEN,True
10311,2022,Marine LE PEN,Marine LE PEN,True
10312,2022,Marine LE PEN,Marine LE PEN,True
10313,2022,Marine LE PEN,Marine LE PEN,True
10314,2022,Marine LE PEN,Marine LE PEN,True
10315,2022,Marine LE PEN,Marine LE PEN,True
10316,2022,Marine LE PEN,Marine LE PEN,True
10317,2022,Marine LE PEN,Marine LE PEN,True
10318,2022,Marine LE PEN,Marine LE PEN,True
10319,2022,Marine LE PEN,Marine LE PEN,True
10320,2022,Emmanuel MACRON,François FILLON,False
10322,2022,Marine LE PEN,Marine LE PEN,True
10323,2022,Marine LE PEN,Marine LE PEN,True
10324,2022,Marine LE PEN,Marine LE PEN,True
10325,2022,Emmanuel MACRON,François FILLON,False
10326,2022,Marine LE PEN,Marine LE PEN,True
10327,2022,Marine LE PEN,Marine LE PEN,True
10328,2022,Marine LE PEN,Marine LE PEN,True
10329,2022,Marine LE PEN,Marine LE PEN,True
10330,2022,Marine LE PEN,Marine LE PEN,True
10331,2022,Emmanuel MACRON,François FILLON,False
10332,2022,Emmanuel MACRON,François FILLON,False
10333,2022,Marine LE PEN,Marine LE PEN,True
10334,2022,Marine LE PEN,Marine LE PEN,True
10335,2022,Marine LE PEN,Marine LE PEN,True
10336,2022,Marine LE PEN,Marine LE PEN,True
10337,2022,Marine LE PEN,Marine LE PEN,True
10338,2022,Marine LE PEN,Marine LE PEN,True
10339,2022,Emmanuel MACRON,François FILLON,False
10340,2022,Emmanuel MACRON,François FILLON,False
10341,2022,Marine LE PEN,Marine LE PEN,True
10342,2022,Marine LE PEN,Marine LE PEN,True
10343,2022,Marine LE PEN,Marine LE PEN,True
10344,2022,Emmanuel MACRON,Emmanuel MACRON,True
10345,2022,Emmanuel MACRON,François FILLON,False
10346,2022,Marine LE PEN,Marine LE PEN,True
10347,2022,Marine LE PEN,Marine LE PEN,True
10348,2022,Emmanuel MACRON,François FILLON,False
10349,2022,Marine LE PEN,Marine LE PEN,True
10350,2022,Emmanuel MACRON,Emmanuel MACRON,True
10351,2022,Marine LE PEN,Marine LE PEN,True
10352,2022,Marine LE PEN,Marine LE PEN,True
10353,2022,Emmanuel MACRON,Emmanuel MACRON,True
10354,2022,Marine LE PEN,Marine LE PEN,True
10355,2022,Marine LE PEN,Marine LE PEN,True
10356,2022,Emmanuel MACRON,François FILLON,False
10357,2022,Emmanuel MACRON,François FILLON,False
10358,2022,Marine LE PEN,Marine LE PEN,True
10359,2022,Emmanuel MACRON,François FILLON,False
10360,2022,Emmanuel MACRON,Emmanuel MACRON,True
10361,2022,Emmanuel MACRON,François FILLON,False
10362,2022,Marine LE PEN,Marine LE PEN,True
10363,2022,Marine LE PEN,Marine LE PEN,True
10364,2022,Marine LE PEN,Marine LE PEN,True
10365,2022,Marine LE PEN,Marine LE PEN,True
10366,2022,Marine LE PEN,Marine LE PEN,True
10367,2022,Marine LE PEN,Marine LE PEN,True
10368,2022,Marine LE PEN,Marine LE PEN,True
10369,2022,Marine LE PEN,Marine LE PEN,True
10370,2022,Emmanuel MACRON,François FILLON,False
10371,2022,Marine LE PEN,Marine LE PEN,True
10372,2022,Marine LE PEN,Marine LE PEN,True
10373,2022,Marine LE PEN,Marine LE PEN,True
10374,2022,Emmanuel MACRON,François FILLON,False
10375,2022,Marine LE PEN,Marine LE PEN,True
10376,2022,Marine LE PEN,Marine LE PEN,True
10377,2022,Marine LE PEN,Marine LE PEN,True
10379,2022,Marine LE PEN,Marine LE PEN,True
10380,2022,Emmanuel MACRON,François FILLON,False
10381,2022,Marine LE PEN,Marine LE PEN,True
10382,2022,Emmanuel MACRON,Emmanuel MACRON,True
10383,2022,Marine LE PEN,Marine LE PEN,True
10384,2022,Marine LE PEN,Marine LE PEN,True
10385,2022,Marine LE PEN,Marine LE PEN,True
10386,2022,Marine LE PEN,Marine LE PEN,True
10387,2022,Marine LE PEN,Marine LE PEN,True
10388,2022,Emmanuel MACRON,Emmanuel MACRON,True
10389,2022,Marine LE PEN,Marine LE PEN,True
10390,2022,Marine LE PEN,Marine LE PEN,True
10391,2022,Marine LE PEN,Marine LE PEN,True
10392,2022,Marine LE PEN,Marine LE PEN,True
10393,2022,Marine LE PEN,Marine LE PEN,True
10394,2022,Marine LE PEN,Marine LE PEN,True
10395,2022,Marine LE PEN,Marine LE PEN,True
10396,2022,Marine LE PEN,Marine LE PEN,True
10397,2022,Marine LE PEN,Marine LE PEN,True
10398,2022,Marine LE PEN,Marine LE PEN,True
10399,2022,Marine LE PEN,Marine LE PEN,True
10400,2022,Marine LE PEN,Marine LE PEN,True
10401,2022,Emmanuel MACRON,Emmanuel MACRON,True
10402,2022,Jean-Luc MÉLENCHON,François FILLON,False
10403,2022,Marine LE PEN,Marine LE PEN,True
10404,2022,Marine LE PEN,Marine LE PEN,True
10405,2022,Marine LE PEN,Marine LE PEN,True
10406,2022,Marine LE PEN,Marine LE PEN,True
10407,2022,Marine LE PEN,Marine LE PEN,True
10408,2022,Marine LE PEN,Marine LE PEN,True
10409,2022,Marine LE PEN,Marine LE PEN,True
10411,2022,Marine LE PEN,Marine LE PEN,True
10412,2022,Marine LE PEN,Marine LE PEN,True
10413,2022,Emmanuel MACRON,François FILLON,False
10414,2022,Emmanuel MACRON,Emmanuel MACRON,True
10415,2022,Marine LE PEN,Marine LE PEN,True
10416,2022,Marine LE PEN,Marine LE PEN,True
10417,2022,Marine LE PEN,Marine LE PEN,True
10418,2022,Emmanuel MACRON,François FILLON,False
10419,2022,Marine LE PEN,Marine LE PEN,True
10420,2022,Marine LE PEN,Marine LE PEN,True
10421,2022,Emmanuel MACRON,François FILLON,False
10422,2022,Marine LE PEN,Marine LE PEN,True
10423,2022,Marine LE PEN,Marine LE PEN,True
10424,2022,Emmanuel MACRON,Emmanuel MACRON,True
10425,2022,Emmanuel MACRON,Emmanuel MACRON,True
10426,2022,Emmanuel MACRON,Emmanuel MACRON,True
10427,2022,Emmanuel MACRON,François FILLON,False
10428,2022,Jean-Luc MÉLENCHON,François FILLON,False
10429,2022,Emmanuel MACRON,François FILLON,False
10430,2022,Emmanuel MACRON,Emmanuel MACRON,True
10431,2022,Emmanuel MACRON,Emmanuel MACRON,True
10432,2022,Jean-Luc MÉLENCHON,François FILLON,False
10433,2022,Jean-Luc MÉLENCHON,François FILLON,False
10434,2022,Marine LE PEN,Marine LE PEN,True
10435,2022,Emmanuel MACRON,Emmanuel MACRON,True
10436,2022,Emmanuel MACRON,François FILLON,False
10437,2022,Emmanuel MACRON,Emmanuel MACRON,True
10438,2022,Jean-Luc MÉLENCHON,François FILLON,False
10439,2022,Emmanuel MACRON,Emmanuel MACRON,True
10440,2022,Emmanuel MACRON,Emmanuel MACRON,True
10441,2022,Emmanuel MACRON,Emmanuel MACRON,True
10442,2022,Emmanuel MACRON,François FILLON,False
10443,2022,Emmanuel MACRON,Emmanuel MACRON,True
10444,2022,Emmanuel MACRON,Emmanuel MACRON,True
10445,2022,Emmanuel MACRON,Emmanuel MACRON,True
10446,2022,Emmanuel MACRON,Emmanuel MACRON,True
10447,2022,Emmanuel MACRON,Emmanuel MACRON,True
10448,2022,Emmanuel MACRON,François FILLON,False
10449,2022,Marine LE PEN,Marine LE PEN,True
10450,2022,Emmanuel MACRON,François FILLON,False
10451,2022,Emmanuel MACRON,Emmanuel MACRON,True
10452,2022,Emmanuel MACRON,Emmanuel MACRON,True
10453,2022,Marine LE PEN,Marine LE PEN,True
10454,2022,Jean-Luc MÉLENCHON,François FILLON,False
10455,2022,Emmanuel MACRON,Emmanuel MACRON,True
10456,2022,Marine LE PEN,Marine LE PEN,True
10457,2022,Emmanuel MACRON,Emmanuel MACRON,True
10458,2022,Jean-Luc MÉLENCHON,François FILLON,False
10459,2022,Emmanuel MACRON,Emmanuel MACRON,True
10460,2022,Emmanuel MACRON,François FILLON,False
10461,2022,Emmanuel MACRON,Emmanuel MACRON,True
10462,2022,Emmanuel MACRON,Emmanuel MACRON,True
10463,2022,Emmanuel MACRON,Emmanuel MACRON,True
10464,2022,Emmanuel MACRON,Emmanuel MACRON,True
10465,2022,Emmanuel MACRON,Emmanuel MACRON,True
10466,2022,Jean-Luc MÉLENCHON,François FILLON,False
10467,2022,Emmanuel MACRON,Emmanuel MACRON,True
10468,2022,Emmanuel MACRON,Emmanuel MACRON,True
10469,2022,Emmanuel MACRON,Emmanuel MACRON,True
10470,2022,Emmanuel MACRON,Emmanuel MACRON,True
10471,2022,Emmanuel MACRON,Emmanuel MACRON,True
10472,2022,Jean-Luc MÉLENCHON,François FILLON,False
10473,2022,Emmanuel MACRON,Emmanuel MACRON,True
10474,2022,Emmanuel MACRON,Emmanuel MACRON,True
10475,2022,Emmanuel MACRON,Emmanuel MACRON,True
10476,2022,Emmanuel MACRON,Emmanuel MACRON,True
10477,2022,Emmanuel MACRON,François FILLON,False
10478,2022,Emmanuel MACRON,Emmanuel MACRON,True
10479,2022,Emmanuel MACRON,Emmanuel MACRON,True
10480,2022,Emmanuel MACRON,Jean-Luc MÉLENCHON,False
10481,2022,Emmanuel MACRON,François FILLON,False
10482,2022,Emmanuel MACRON,François FILLON,False
10483,2022,Emmanuel MACRON,François FILLON,False
10484,2022,Emmanuel MACRON,Emmanuel MACRON,True
10485,2022,Emmanuel MACRON,Emmanuel MACRON,True
10486,2022,Emmanuel MACRON,Emmanuel MACRON,True
10487,2022,Emmanuel MACRON,Emmanuel MACRON,True
10488,2022,Emmanuel MACRON,François FILLON,False
10489,2022,Emmanuel MACRON,François FILLON,False
10490,2022,Emmanuel MACRON,François FILLON,False
10491,2022,Jean-Luc MÉLENCHON,Emmanuel MACRON,False
10492,2022,Emmanuel MACRON,François FILLON,False
10493,2022,Emmanuel MACRON,Emmanuel MACRON,True
10494,2022,Emmanuel MACRON,Emmanuel MACRON,True
10495,2022,Emmanuel MACRON,Emmanuel MACRON,True
10496,2022,Emmanuel MACRON,Emmanuel MACRON,True
10497,2022,Emmanuel MACRON,François FILLON,False
10498,2022,Emmanuel MACRON,Emmanuel MACRON,True
10499,2022,Jean-Luc MÉLENCHON,François FILLON,False
10500,2022,Emmanuel MACRON,François FILLON,False
10501,2022,Emmanuel MACRON,François FILLON,False
10502,2022,Emmanuel MACRON,François FILLON,False
10503,2022,Emmanuel MACRON,François FILLON,False
10504,2022,Emmanuel MACRON,Emmanuel MACRON,True
10505,2022,Jean-Luc MÉLENCHON,François FILLON,False
10506,2022,Emmanuel MACRON,Emmanuel MACRON,True
10507,2022,Emmanuel MACRON,François FILLON,False
10508,2022,Emmanuel MACRON,François FILLON,False
10509,2022,Emmanuel MACRON,Emmanuel MACRON,True
10510,2022,Emmanuel MACRON,Emmanuel MACRON,True
10511,2022,Emmanuel MACRON,Emmanuel MACRON,True
10512,2022,Emmanuel MACRON,Emmanuel MACRON,True
10513,2022,Emmanuel MACRON,Emmanuel MACRON,True
10514,2022,Emmanuel MACRON,François FILLON,False
10515,2022,Emmanuel MACRON,François FILLON,False
10516,2022,Emmanuel MACRON,François FILLON,False
10517,2022,Emmanuel MACRON,François FILLON,False
10518,2022,Emmanuel MACRON,Emmanuel MACRON,True
10519,2022,Emmanuel MACRON,François FILLON,False
10520,2022,Emmanuel MACRON,Emmanuel MACRON,True
10521,2022,Emmanuel MACRON,François FILLON,False
10522,2022,Emmanuel MACRON,François FILLON,False
10523,2022,Emmanuel MACRON,François FILLON,False
10524,2022,Emmanuel MACRON,Emmanuel MACRON,True
10525,2022,Emmanuel MACRON,François FILLON,False
10526,2022,Emmanuel MACRON,Emmanuel MACRON,True
10527,2022,Emmanuel MACRON,Emmanuel MACRON,True
10528,2022,Emmanuel MACRON,François FILLON,False
10529,2022,Marine LE PEN,Marine LE PEN,True
10530,2022,Jean-Luc MÉLENCHON,François FILLON,False
10531,2022,Marine LE PEN,Marine LE PEN,True
10532,2022,Emmanuel MACRON,Emmanuel MACRON,True
10533,2022,Emmanuel MACRON,Emmanuel MACRON,True
10534,2022,Emmanuel MACRON,Emmanuel MACRON,True
10535,2022,Emmanuel MACRON,François FILLON,False
10536,2022,Emmanuel MACRON,François FILLON,False
10537,2022,Emmanuel MACRON,Emmanuel MACRON,True
10538,2022,Emmanuel MACRON,François FILLON,False
10539,2022,Emmanuel MACRON,Jean-Luc MÉLENCHON,False
10540,2022,Emmanuel MACRON,François FILLON,False
10542,2022,Emmanuel MACRON,Emmanuel MACRON,True
10543,2022,Emmanuel MACRON,François FILLON,False
10544,2022,Emmanuel MACRON,Emmanuel MACRON,True
10545,2022,Emmanuel MACRON,François FILLON,False
10546,2022,Emmanuel MACRON,Emmanuel MACRON,True
10547,2022,Emmanuel MACRON,Emmanuel MACRON,True
10548,2022,Marine LE PEN,Marine LE PEN,True
10549,2022,Jean-Luc MÉLENCHON,Emmanuel MACRON,False
10550,2022,Emmanuel MACRON,Emmanuel MACRON,True
10551,2022,Emmanuel MACRON,Emmanuel MACRON,True
10552,2022,Emmanuel MACRON,François FILLON,False
10553,2022,Marine LE PEN,Marine LE PEN,True
10554,2022,Emmanuel MACRON,Emmanuel MACRON,True
10555,2022,Emmanuel MACRON,Jean-Luc MÉLENCHON,False
10556,2022,Emmanuel MACRON,Emmanuel MACRON,True
10557,2022,Emmanuel MACRON,Emmanuel MACRON,True
10558,2022,Emmanuel MACRON,Emmanuel MACRON,True
10559,2022,Emmanuel MACRON,François FILLON,False
10560,2022,Emmanuel MACRON,Emmanuel MACRON,True
10561,2022,Jean-Luc MÉLENCHON,François FILLON,False
10562,2022,Marine LE PEN,Marine LE PEN,True
10563,2022,Emmanuel MACRON,Emmanuel MACRON,True
10564,2022,Emmanuel MACRON,François FILLON,False
10565,2022,Emmanuel MACRON,Emmanuel MACRON,True
10566,2022,Emmanuel MACRON,Emmanuel MACRON,True
10567,2022,Jean-Luc MÉLENCHON,Jean-Luc MÉLENCHON,True
10568,2022,Emmanuel MACRON,Emmanuel MACRON,True
10569,2022,Emmanuel MACRON,Emmanuel MACRON,True
10570,2022,Emmanuel MACRON,Emmanuel MACRON,True
10571,2022,Emmanuel MACRON,François FILLON,False
10572,2022,Emmanuel MACRON,Emmanuel MACRON,True
10573,2022,Emmanuel MACRON,François FILLON,False
10574,2022,Emmanuel MACRON,Emmanuel MACRON,True
10575,2022,Emmanuel MACRON,Emmanuel MACRON,True
10576,2022,Emmanuel MACRON,Emmanuel MACRON,True
10577,2022,Emmanuel MACRON,Emmanuel MACRON,True
10578,2022,Emmanuel MACRON,François FILLON,False
10579,2022,Emmanuel MACRON,Emmanuel MACRON,True
10580,2022,Emmanuel MACRON,Emmanuel MACRON,True
10581,2022,Emmanuel MACRON,Emmanuel MACRON,True
10582,2022,Emmanuel MACRON,Emmanuel MACRON,True
10583,2022,Emmanuel MACRON,Emmanuel MACRON,True
10584,2022,Emmanuel MACRON,François FILLON,False
10585,2022,Emmanuel MACRON,Emmanuel MACRON,True
10586,2022,Emmanuel MACRON,Emmanuel MACRON,True
10587,2022,Emmanuel MACRON,François FILLON,False
10588,2022,Emmanuel MACRON,Emmanuel MACRON,True
10589,2022,Jean-Luc MÉLENCHON,François FILLON,False
10590,2022,Marine LE PEN,Marine LE PEN,True
10591,2022,Emmanuel MACRON,François FILLON,False
10592,2022,Emmanuel MACRON,François FILLON,False
10593,2022,Emmanuel MACRON,Emmanuel MACRON,True
10594,2022,Emmanuel MACRON,Jean-Luc MÉLENCHON,False
10595,2022,Emmanuel MACRON,Emmanuel MACRON,True
10596,2022,Emmanuel MACRON,François FILLON,False
10597,2022,Emmanuel MACRON,François FILLON,False
10598,2022,Emmanuel MACRON,Emmanuel MACRON,True
10599,2022,Emmanuel MACRON,Emmanuel MACRON,True
10600,2022,Emmanuel MACRON,Emmanuel MACRON,True
10601,2022,Emmanuel MACRON,François FILLON,False
10602,2022,Emmanuel MACRON,Emmanuel MACRON,True
10603,2022,Emmanuel MACRON,Emmanuel MACRON,True
10604,2022,Emmanuel MACRON,Emmanuel MACRON,True
10605,2022,Emmanuel MACRON,Emmanuel MACRON,True
10606,2022,Emmanuel MACRON,Emmanuel MACRON,True
10607,2022,Jean-Luc MÉLENCHON,François FILLON,False
10608,2022,Emmanuel MACRON,Emmanuel MACRON,True
10609,2022,Emmanuel MACRON,Emmanuel MACRON,True
10610,2022,Emmanuel MACRON,François FILLON,False
10611,2022,Emmanuel MACRON,Emmanuel MACRON,True
10612,2022,Emmanuel MACRON,François FILLON,False
10613,2022,Emmanuel MACRON,Emmanuel MACRON,True
10614,2022,Emmanuel MACRON,Emmanuel MACRON,True
10615,2022,Emmanuel MACRON,François FILLON,False
10616,2022,Emmanuel MACRON,Emmanuel MACRON,True
10617,2022,Emmanuel MACRON,François FILLON,False
10618,2022,Emmanuel MACRON,François FILLON,False
10619,2022,Emmanuel MACRON,Emmanuel MACRON,True
10620,2022,Emmanuel MACRON,Emmanuel MACRON,True
10621,2022,Emmanuel MACRON,François FILLON,False
10622,2022,Emmanuel MACRON,François FILLON,False
10624,2022,Emmanuel MACRON,Emmanuel MACRON,True
10625,2022,Emmanuel MACRON,François FILLON,False
10626,2022,Emmanuel MACRON,François FILLON,False
10627,2022,Emmanuel MACRON,Emmanuel MACRON,True
10628,2022,Emmanuel MACRON,Emmanuel MACRON,True
10629,2022,Emmanuel MACRON,Emmanuel MACRON,True
10630,2022,Emmanuel MACRON,François FILLON,False
10631,2022,Emmanuel MACRON,François FILLON,False
10632,2022,Emmanuel MACRON,François FILLON,False
10633,2022,Emmanuel MACRON,Emmanuel MACRON,True
10634,2022,Emmanuel MACRON,Emmanuel MACRON,True
10635,2022,Emmanuel MACRON,Emmanuel MACRON,True
10636,2022,Emmanuel MACRON,Emmanuel MACRON,True
10637,2022,Emmanuel MACRON,François FILLON,False
10638,2022,Emmanuel MACRON,Emmanuel MACRON,True
10639,2022,Emmanuel MACRON,Emmanuel MACRON,True
10640,2022,Emmanuel MACRON,François FILLON,False
10641,2022,Emmanuel MACRON,François FILLON,False
10642,2022,Emmanuel MACRON,François FILLON,False
10643,2022,Emmanuel MACRON,Emmanuel MACRON,True
10644,2022,Emmanuel MACRON,François FILLON,False
10645,2022,Emmanuel MACRON,François FILLON,False
10646,2022,Emmanuel MACRON,Emmanuel MACRON,True
10647,2022,Emmanuel MACRON,Jean-Luc MÉLENCHON,False
10648,2022,Emmanuel MACRON,Emmanuel MACRON,True
10649,2022,Emmanuel MACRON,Jean-Luc MÉLENCHON,False
10650,2022,Emmanuel MACRON,François FILLON,False
10651,2022,Emmanuel MACRON,François FILLON,False
10652,2022,Jean-Luc MÉLENCHON,Emmanuel MACRON,False
10653,2022,Emmanuel MACRON,François FILLON,False
10654,2022,Emmanuel MACRON,François FILLON,False
10655,2022,Emmanuel MACRON,Emmanuel MACRON,True
10656,2022,Emmanuel MACRON,François FILLON,False
10657,2022,Emmanuel MACRON,Emmanuel MACRON,True
10658,2022,Emmanuel MACRON,Emmanuel MACRON,True
10659,2022,Emmanuel MACRON,Emmanuel MACRON,True
10660,2022,Jean-Luc MÉLENCHON,François FILLON,False
10661,2022,Marine LE PEN,Marine LE PEN,True
10662,2022,Emmanuel MACRON,François FILLON,False
10663,2022,Marine LE PEN,Marine LE PEN,True
10664,2022,Emmanuel MACRON,Emmanuel MACRON,True
10665,2022,Emmanuel MACRON,François FILLON,False
10666,2022,Emmanuel MACRON,François FILLON,False
10667,2022,Emmanuel MACRON,Emmanuel MACRON,True
10668,2022,Marine LE PEN,Marine LE PEN,True
10669,2022,Emmanuel MACRON,Emmanuel MACRON,True
10670,2022,Emmanuel MACRON,Emmanuel MACRON,True
10671,2022,Emmanuel MACRON,Emmanuel MACRON,True
10672,2022,Emmanuel MACRON,François FILLON,False
10673,2022,Marine LE PEN,Marine LE PEN,True
10674,2022,Emmanuel MACRON,François FILLON,False
10675,2022,Emmanuel MACRON,François FILLON,False
10676,2022,Emmanuel MACRON,Emmanuel MACRON,True
10677,2022,Emmanuel MACRON,Emmanuel MACRON,True
10678,2022,Emmanuel MACRON,Emmanuel MACRON,True
10679,2022,Emmanuel MACRON,Emmanuel MACRON,True
10680,2022,Emmanuel MACRON,François FILLON,False
10681,2022,Emmanuel MACRON,François FILLON,False
10682,2022,Emmanuel MACRON,Emmanuel MACRON,True
10683,2022,Emmanuel MACRON,François FILLON,False
10684,2022,Emmanuel MACRON,François FILLON,False
10685,2022,Emmanuel MACRON,Emmanuel MACRON,True
10686,2022,Emmanuel MACRON,Emmanuel MACRON,True
10687,2022,Jean-Luc MÉLENCHON,Jean-Luc MÉLENCHON,True
10688,2022,Emmanuel MACRON,François FILLON,False
10689,2022,Jean-Luc MÉLENCHON,François FILLON,False
10690,2022,Jean-Luc MÉLENCHON,Emmanuel MACRON,False
10691,2022,Emmanuel MACRON,Emmanuel MACRON,True
10692,2022,Emmanuel MACRON,François FILLON,False
10693,2022,Emmanuel MACRON,Jean-Luc MÉLENCHON,False
10694,2022,Emmanuel MACRON,Emmanuel MACRON,True
10695,2022,Emmanuel MACRON,Emmanuel MACRON,True
10696,2022,Jean-Luc MÉLENCHON,François FILLON,False
10697,2022,Emmanuel MACRON,Jean-Luc MÉLENCHON,False
10698,2022,Emmanuel MACRON,Emmanuel MACRON,True
10699,2022,Emmanuel MACRON,François FILLON,False
10700,2022,Emmanuel MACRON,Emmanuel MACRON,True
11061,2022,Marine LE PEN,Marine LE PEN,True
11062,2022,Marine LE PEN,Marine LE PEN,True
11063,2022,Marine LE PEN,Marine LE PEN,True
11064,2022,Marine LE PEN,Marine LE PEN,True
11065,2022,Emmanuel MACRON,Emmanuel MACRON,True
11066,2022,Marine LE PEN,Marine LE PEN,True
11067,2022,Marine LE PEN,Marine LE PEN,True
11068,2022,Marine LE PEN,Marine LE PEN,True
11069,2022,Marine LE PEN,Marine LE PEN,True
11070,2022,Emmanuel MACRON,François FILLON,False
11071,2022,Emmanuel MACRON,Emmanuel MACRON,True
11072,2022,Marine LE PEN,Marine LE PEN,True
11073,2022,Marine LE PEN,Marine LE PEN,True
11074,2022,Emmanuel MACRON,Emmanuel MACRON,True
11075,2022,Jean-Luc MÉLENCHON,François FILLON,False
11076,2022,Marine LE PEN,Marine LE PEN,True
11077,2022,Emmanuel MACRON,Emmanuel MACRON,True
11078,2022,Emmanuel MACRON,Emmanuel MACRON,True
11079,2022,Marine LE PEN,Marine LE PEN,True
11080,2022,Marine LE PEN,Marine LE PEN,True
11081,2022,Marine LE PEN,Marine LE PEN,True
11082,2022,Jean-Luc MÉLENCHON,François FILLON,False
11083,2022,Marine LE PEN,Marine LE PEN,True
11084,2022,Jean-Luc MÉLENCHON,François FILLON,False
11085,2022,Jean-Luc MÉLENCHON,Emmanuel MACRON,False
11086,2022,Jean-Luc MÉLENCHON,François FILLON,False
11087,2022,Marine LE PEN,Marine LE PEN,True
11088,2022,Marine LE PEN,Marine LE PEN,True
11089,2022,Emmanuel MACRON,Emmanuel MACRON,True
11090,2022,Marine LE PEN,Marine LE PEN,True
11091,2022,Marine LE PEN,Marine LE PEN,True
11092,2022,Marine LE PEN,Marine LE PEN,True
11093,2022,Marine LE PEN,Marine LE PEN,True
11094,2022,Marine LE PEN,Marine LE PEN,True
11095,2022,Jean-Luc MÉLENCHON,François FILLON,False
11096,2022,Marine LE PEN,Marine LE PEN,True
11097,2022,Marine LE PEN,Marine LE PEN,True
11098,2022,Marine LE PEN,Marine LE PEN,True
11099,2022,Marine LE PEN,Marine LE PEN,True
11100,2022,Marine LE PEN,Marine LE PEN,True
11101,2022,Emmanuel MACRON,François FILLON,False
11102,2022,Marine LE PEN,Marine LE PEN,True
11103,2022,Emmanuel MACRON,Emmanuel MACRON,True
11104,2022,Jean-Luc MÉLENCHON,François FILLON,False
11105,2022,Marine LE PEN,Marine LE PEN,True
11106,2022,Marine LE PEN,Marine LE PEN,True
11107,2022,Marine LE PEN,Marine LE PEN,True
11108,2022,Jean-Luc MÉLENCHON,Emmanuel MACRON,False
11109,2022,Marine LE PEN,Marine LE PEN,True
11110,2022,Marine LE PEN,Marine LE PEN,True
11111,2022,Marine LE PEN,Marine LE PEN,True
11112,2022,Jean-Luc MÉLENCHON,Emmanuel MACRON,False
11113,2022,Marine LE PEN,Marine LE PEN,True
11114,2022,Marine LE PEN,Marine LE PEN,True
11115,2022,Marine LE PEN,Marine LE PEN,True
11116,2022,Marine LE PEN,Marine LE PEN,True
11117,2022,Marine LE PEN,Marine LE PEN,True
11118,2022,Jean-Luc MÉLENCHON,François FILLON,False
11119,2022,Marine LE PEN,Marine LE PEN,True
11120,2022,Marine LE PEN,Marine LE PEN,True
11121,2022,Marine LE PEN,Marine LE PEN,True
11122,2022,Marine LE PEN,Marine LE PEN,True
11123,2022,Emmanuel MACRON,Emmanuel MACRON,True
11124,2022,Marine LE PEN,Marine LE PEN,True
11125,2022,Marine LE PEN,Marine LE PEN,True
11126,2022,Marine LE PEN,Marine LE PEN,True
11127,2022,Marine LE PEN,Marine LE PEN,True
11128,2022,Marine LE PEN,Marine LE PEN,True
11129,2022,Marine LE PEN,Marine LE PEN,True
11130,2022,Emmanuel MACRON,Emmanuel MACRON,True
11131,2022,Marine LE PEN,Marine LE PEN,True
11132,2022,Marine LE PEN,Marine LE PEN,True
11133,2022,Emmanuel MACRON,Emmanuel MACRON,True
11134,2022,Marine LE PEN,Marine LE PEN,True
11135,2022,Marine LE PEN,Marine LE PEN,True
11136,2022,Jean-Luc MÉLENCHON,Emmanuel MACRON,False
11137,2022,Jean-Luc MÉLENCHON,François FILLON,False
11138,2022,Jean-Luc MÉLENCHON,François FILLON,False
11139,2022,Marine LE PEN,Marine LE PEN,True
11140,2022,Marine LE PEN,Marine LE PEN,True
11141,2022,Marine LE PEN,Marine LE PEN,True
11142,2022,Marine LE PEN,Marine LE PEN,True
11143,2022,Marine LE PEN,Marine LE PEN,True
11144,2022,Marine LE PEN,Marine LE PEN,True
11145,2022,Jean-Luc MÉLENCHON,Emmanuel MACRON,False
11146,2022,Marine LE PEN,Marine LE PEN,True
11147,2022,Marine LE PEN,Marine LE PEN,True
11148,2022,Marine LE PEN,Marine LE PEN,True
11149,2022,Marine LE PEN,Marine LE PEN,True
11150,2022,Marine LE PEN,Marine LE PEN,True
11151,2022,Jean-Luc MÉLENCHON,François FILLON,False
11152,2022,Jean-Luc MÉLENCHON,François FILLON,False
11153,2022,Jean-Luc MÉLENCHON,Emmanuel MACRON,False
11154,2022,Marine LE PEN,Marine LE PEN,True
11155,2022,Jean-Luc MÉLENCHON,François FILLON,False
11156,2022,Marine LE PEN,Marine LE PEN,True
11157,2022,Jean-Luc MÉLENCHON,Emmanuel MACRON,False
11158,2022,Marine LE PEN,Marine LE PEN,True
11159,2022,Marine LE PEN,Marine LE PEN,True
11160,2022,Marine LE PEN,Marine LE PEN,True
11161,2022,Marine LE PEN,Marine LE PEN,True
11162,2022,Marine LE PEN,Marine LE PEN,True
11163,2022,Emmanuel MACRON,François FILLON,False
11164,2022,Jean-Luc MÉLENCHON,Emmanuel MACRON,False
11165,2022,Marine LE PEN,Marine LE PEN,True
11166,2022,Emmanuel MACRON,François FILLON,False
11167,2022,Marine LE PEN,Marine LE PEN,True
11168,2022,Jean-Luc MÉLENCHON,Emmanuel MACRON,False
11169,2022,Marine LE PEN,Marine LE PEN,True
11170,2022,Marine LE PEN,Marine LE PEN,True
11171,2022,Emmanuel MACRON,François FILLON,False
11172,2022,Marine LE PEN,Marine LE PEN,True
11173,2022,Marine LE PEN,Marine LE PEN,True
11174,2022,Marine LE PEN,Marine LE PEN,True
11175,2022,Marine LE PEN,Marine LE PEN,True
11176,2022,Jean-Luc MÉLENCHON,François FILLON,False
11177,2022,Marine LE PEN,Marine LE PEN,True
11178,2022,Marine LE PEN,Marine LE PEN,True
11179,2022,Marine LE PEN,Marine LE PEN,True
11180,2022,Marine LE PEN,Marine LE PEN,True
11181,2022,Emmanuel MACRON,François FILLON,False
11182,2022,Marine LE PEN,Marine LE PEN,True
11183,2022,Marine LE PEN,Marine LE PEN,True
11184,2022,Marine LE PEN,Marine LE PEN,True
11185,2022,Marine LE PEN,Marine LE PEN,True
11186,2022,Emmanuel MACRON,Jean-Luc MÉLENCHON,False
11187,2022,Jean-Luc MÉLENCHON,Emmanuel MACRON,False
11188,2022,Marine LE PEN,Marine LE PEN,True
11190,2022,Marine LE PEN,Marine LE PEN,True
11191,2022,Jean-Luc MÉLENCHON,François FILLON,False
11192,2022,Marine LE PEN,Marine LE PEN,True
11193,2022,Marine LE PEN,Marine LE PEN,True
11194,2022,Jean-Luc MÉLENCHON,François FILLON,False
11195,2022,Emmanuel MACRON,Emmanuel MACRON,True
11196,2022,Emmanuel MACRON,François FILLON,False
11197,2022,Jean-Luc MÉLENCHON,Emmanuel MACRON,False
11198,2022,Marine LE PEN,Marine LE PEN,True
11199,2022,Marine LE PEN,Marine LE PEN,True
11200,2022,Emmanuel MACRON,François FILLON,False
11201,2022,Jean-Luc MÉLENCHON,Emmanuel MACRON,False
11202,2022,Marine LE PEN,Marine LE PEN,True
11203,2022,Marine LE PEN,Marine LE PEN,True
11204,2022,Marine LE PEN,Marine LE PEN,True
11205,2022,Jean-Luc MÉLENCHON,Emmanuel MACRON,False
11206,2022,Marine LE PEN,Marine LE PEN,True
11207,2022,Marine LE PEN,Marine LE PEN,True
11208,2022,Marine LE PEN,Marine LE PEN,True
11209,2022,Marine LE PEN,Marine LE PEN,True
11210,2022,Jean-Luc MÉLENCHON,Emmanuel MACRON,False
11211,2022,Jean-Luc MÉLENCHON,Jean-Luc MÉLENCHON,True
11212,2022,Marine LE PEN,Marine LE PEN,True
11213,2022,Marine LE PEN,Marine LE PEN,True
11215,2022,Marine LE PEN,Marine LE PEN,True
11216,2022,Marine LE PEN,Marine LE PEN,True
11217,2022,Marine LE PEN,Marine LE PEN,True
11218,2022,Marine LE PEN,Marine LE PEN,True
11219,2022,Marine LE PEN,Marine LE PEN,True
11220,2022,Jean-Luc MÉLENCHON,Emmanuel MACRON,False
11221,2022,Marine LE PEN,Marine LE PEN,True
11222,2022,Marine LE PEN,Marine LE PEN,True
11223,2022,Marine LE PEN,Marine LE PEN,True
11224,2022,Marine LE PEN,Marine LE PEN,True
11225,2022,Jean-Luc MÉLENCHON,Emmanuel MACRON,False
11226,2022,Marine LE PEN,Marine LE PEN,True
11227,2022,Jean-Luc MÉLENCHON,Emmanuel MACRON,False
11228,2022,Jean-Luc MÉLENCHON,François FILLON,False
11229,2022,Jean-Luc MÉLENCHON,Emmanuel MACRON,False
11230,2022,Marine LE PEN,Marine LE PEN,True
11231,2022,Marine LE PEN,Marine LE PEN,True
11232,2022,Jean-Luc MÉLENCHON,François FILLON,False
11233,2022,Jean-Luc MÉLENCHON,Emmanuel MACRON,False
11234,2022,Marine LE PEN,Marine LE PEN,True
11235,2022,Marine LE PEN,Marine LE PEN,True
11236,2022,Marine LE PEN,Marine LE PEN,True
11237,2022,Marine LE PEN,Marine LE PEN,True
11238,2022,Marine LE PEN,Marine LE PEN,True
11239,2022,Marine LE PEN,Marine LE PEN,True
11240,2022,Marine LE PEN,Marine LE PEN,True
11241,2022,Marine LE PEN,Marine LE PEN,True
11242,2022,Marine LE PEN,Marine LE PEN,True
11243,2022,Emmanuel MACRON,Emmanuel MACRON,True
11244,2022,Marine LE PEN,Marine LE PEN,True
11245,2022,Marine LE PEN,Marine LE PEN,True
11246,2022,Jean-Luc MÉLENCHON,Emmanuel MACRON,False
11248,2022,Marine LE PEN,Marine LE PEN,True
11249,2022,Marine LE PEN,Marine LE PEN,True
11250,2022,Marine LE PEN,Marine LE PEN,True
11251,2022,Jean-Luc MÉLENCHON,Emmanuel MACRON,False
11252,2022,Jean-Luc MÉLENCHON,Emmanuel MACRON,False
11253,2022,Marine LE PEN,Marine LE PEN,True
11254,2022,Marine LE PEN,Marine LE PEN,True
11255,2022,Jean-Luc MÉLENCHON,Emmanuel MACRON,False
11256,2022,Jean-Luc MÉLENCHON,François FILLON,False
11257,2022,Jean-Luc MÉLENCHON,Emmanuel MACRON,False
11258,2022,Jean-Luc MÉLENCHON,Emmanuel MACRON,False
11259,2022,Marine LE PEN,Marine LE PEN,True
11260,2022,Marine LE PEN,Marine LE PEN,True
11261,2022,Marine LE PEN,Marine LE PEN,True
11262,2022,Emmanuel MACRON,François FILLON,False
11263,2022,Marine LE PEN,Marine LE PEN,True
11264,2022,Marine LE PEN,Marine LE PEN,True
11265,2022,Jean-Luc MÉLENCHON,François FILLON,False
11266,2022,Emmanuel MACRON,François FILLON,False
11267,2022,Marine LE PEN,Marine LE PEN,True
11268,2022,Marine LE PEN,Marine LE PEN,True
11269,2022,Marine LE PEN,Marine LE PEN,True
11270,2022,Emmanuel MACRON,François FILLON,False
11271,2022,Marine LE PEN,Marine LE PEN,True
11272,2022,Marine LE PEN,Marine LE PEN,True
11273,2022,Jean-Luc MÉLENCHON,François FILLON,False
11274,2022,Marine LE PEN,Marine LE PEN,True
11275,2022,Jean-Luc MÉLENCHON,Emmanuel MACRON,False
11276,2022,Emmanuel MACRON,François FILLON,False
11277,2022,Jean-Luc MÉLENCHON,François FILLON,False
11278,2022,Marine LE PEN,Marine LE PEN,True
11279,2022,Emmanuel MACRON,François FILLON,False
11280,2022,Marine LE PEN,Marine LE PEN,True
11281,2022,Marine LE PEN,Marine LE PEN,True
11282,2022,Marine LE PEN,Marine LE PEN,True
11283,2022,Marine LE PEN,Marine LE PEN,True
11284,2022,Marine LE PEN,Marine LE PEN,True
11285,2022,Marine LE PEN,Marine LE PEN,True
11286,2022,Jean-Luc MÉLENCHON,Emmanuel MACRON,False
11287,2022,Marine LE PEN,Marine LE PEN,True
11288,2022,Marine LE PEN,Marine LE PEN,True
11289,2022,Marine LE PEN,Marine LE PEN,True
11290,2022,Marine LE PEN,Marine LE PEN,True
11291,2022,Marine LE PEN,Marine LE PEN,True
11292,2022,Marine LE PEN,Marine LE PEN,True
11293,2022,Jean-Luc MÉLENCHON,Emmanuel MACRON,False
11294,2022,Marine LE PEN,Marine LE PEN,True
11295,2022,Jean-Luc MÉLENCHON,François FILLON,False
11296,2022,Marine LE PEN,Marine LE PEN,True
11297,2022,Marine LE PEN,Marine LE PEN,True
11298,2022,Marine LE PEN,Marine LE PEN,True
11299,2022,Jean-Luc MÉLENCHON,François FILLON,False
11300,2022,Marine LE PEN,Marine LE PEN,True
11301,2022,Marine LE PEN,Marine LE PEN,True
11302,2022,Emmanuel MACRON,Emmanuel MACRON,True
11303,2022,Jean-Luc MÉLENCHON,François FILLON,False
11304,2022,Jean-Luc MÉLENCHON,François FILLON,False
11305,2022,Marine LE PEN,Marine LE PEN,True
11306,2022,Marine LE PEN,Marine LE PEN,True
11307,2022,Marine LE PEN,Marine LE PEN,True
11308,2022,Marine LE PEN,Marine LE PEN,True
11309,2022,Jean-Luc MÉLENCHON,Emmanuel MACRON,False
11310,2022,Marine LE PEN,Marine LE PEN,True
11311,2022,Marine LE PEN,Marine LE PEN,True
11312,2022,Marine LE PEN,Marine LE PEN,True
11313,2022,Marine LE PEN,Marine LE PEN,True
11314,2022,Marine LE PEN,Marine LE PEN,True
11315,2022,Marine LE PEN,Marine LE PEN,True
11316,2022,Marine LE PEN,Marine LE PEN,True
11317,2022,Marine LE PEN,Marine LE PEN,True
11318,2022,Marine LE PEN,Marine LE PEN,True
11319,2022,Emmanuel MACRON,François FILLON,False
11320,2022,Marine LE PEN,Marine LE PEN,True
11321,2022,Emmanuel MACRON,Emmanuel MACRON,True
11322,2022,Marine LE PEN,Marine LE PEN,True
11323,2022,Marine LE PEN,Marine LE PEN,True
11324,2022,Marine LE PEN,Marine LE PEN,True
11325,2022,Marine LE PEN,Marine LE PEN,True
11326,2022,Jean-Luc MÉLENCHON,François FILLON,False
11327,2022,Marine LE PEN,Marine LE PEN,True
11328,2022,Marine LE PEN,Marine LE PEN,True
11329,2022,Marine LE PEN,Marine LE PEN,True
11330,2022,Marine LE PEN,Marine LE PEN,True
11331,2022,Marine LE PEN,Marine LE PEN,True
11332,2022,Marine LE PEN,Marine LE PEN,True
11333,2022,Marine LE PEN,Marine LE PEN,True
11334,2022,Marine LE PEN,Marine LE PEN,True
11335,2022,Marine LE PEN,Marine LE PEN,True
11336,2022,Marine LE PEN,Marine LE PEN,True
11337,2022,Jean-Luc MÉLENCHON,François FILLON,False
11338,2022,Marine LE PEN,Marine LE PEN,True
11339,2022,Marine LE PEN,Marine LE PEN,True
11340,2022,Jean-Luc MÉLENCHON,François FILLON,False
11341,2022,Marine LE PEN,Marine LE PEN,True
11342,2022,Marine LE PEN,Marine LE PEN,True
11343,2022,Marine LE PEN,Marine LE PEN,True
11344,2022,Marine LE PEN,Marine LE PEN,True
11345,2022,Marine LE PEN,Marine LE PEN,True
11346,2022,Marine LE PEN,Marine LE PEN,True
11347,2022,Marine LE PEN,Marine LE PEN,True
11348,2022,Jean-Luc MÉLENCHON,Emmanuel MACRON,False
11349,2022,Marine LE PEN,Marine LE PEN,True
11350,2022,Marine LE PEN,Marine LE PEN,True
11351,2022,Marine LE PEN,Marine LE PEN,True
11352,2022,Emmanuel MACRON,Jean-Luc MÉLENCHON,False
11353,2022,Jean-Luc MÉLENCHON,François FILLON,False
11354,2022,Marine LE PEN,Marine LE PEN,True
11355,2022,Emmanuel MACRON,Emmanuel MACRON,True
11356,2022,Emmanuel MACRON,Emmanuel MACRON,True
11357,2022,Marine LE PEN,Marine LE PEN,True
11358,2022,Marine LE PEN,Marine LE PEN,True
11359,2022,Marine LE PEN,Marine LE PEN,True
11360,2022,Marine LE PEN,Marine LE PEN,True
11361,2022,Marine LE PEN,Marine LE PEN,True
11362,2022,Marine LE PEN,Marine LE PEN,True
11363,2022,Marine LE PEN,Marine LE PEN,True
11364,2022,Jean-Luc MÉLENCHON,François FILLON,False
11365,2022,Marine LE PEN,Marine LE PEN,True
11366,2022,Jean-Luc MÉLENCHON,François FILLON,False
11367,2022,Jean-Luc MÉLENCHON,Emmanuel MACRON,False
11368,2022,Jean-Luc MÉLENCHON,Emmanuel MACRON,False
11369,2022,Emmanuel MACRON,Emmanuel MACRON,True
11370,2022,Marine LE PEN,Marine LE PEN,True
11371,2022,Marine LE PEN,Marine LE PEN,True
11372,2022,Marine LE PEN,Marine LE PEN,True
11373,2022,Jean-Luc MÉLENCHON,François FILLON,False
11374,2022,Marine LE PEN,Marine LE PEN,True
11375,2022,Marine LE PEN,Marine LE PEN,True
11376,2022,Marine LE PEN,Marine LE PEN,True
11377,2022,Marine LE PEN,Marine LE PEN,True
11378,2022,Jean-Luc MÉLENCHON,Jean-Luc MÉLENCHON,True
11379,2022,Jean-Luc MÉLENCHON,François FILLON,False
11380,2022,Jean-Luc MÉLENCHON,François FILLON,False
11381,2022,Marine LE PEN,Marine LE PEN,True
11382,2022,Jean-Luc MÉLENCHON,Emmanuel MACRON,False
11383,2022,Marine LE PEN,Marine LE PEN,True
11384,2022,Jean-Luc MÉLENCHON,François FILLON,False
11385,2022,Marine LE PEN,Marine LE PEN,True
11386,2022,Jean-Luc MÉLENCHON,Jean-Luc MÉLENCHON,True
11387,2022,Marine LE PEN,Marine LE PEN,True
11388,2022,Marine LE PEN,Marine LE PEN,True
11389,2022,Marine LE PEN,Marine LE PEN,True
11390,2022,Marine LE PEN,Marine LE PEN,True
11391,2022,Emmanuel MACRON,Jean-Luc MÉLENCHON,False
11392,2022,Jean-Luc MÉLENCHON,François FILLON,False
11393,2022,Marine LE PEN,Marine LE PEN,True
11394,2022,Jean-Luc MÉLENCHON,Emmanuel MACRON,False
11395,2022,Jean-Luc MÉLENCHON,Emmanuel MACRON,False
11396,2022,Jean-Luc MÉLENCHON,Emmanuel MACRON,False
11397,2022,Marine LE PEN,Marine LE PEN,True
11398,2022,Marine LE PEN,Marine LE PEN,True
11399,2022,Marine LE PEN,Marine LE PEN,True
11400,2022,Marine LE PEN,Marine LE PEN,True
11401,2022,Marine LE PEN,Marine LE PEN,True
11402,2022,Jean-Luc MÉLENCHON,Emmanuel MACRON,False
11403,2022,Marine LE PEN,Marine LE PEN,True
11404,2022,Marine LE PEN,Marine LE PEN,True
11405,2022,Marine LE PEN,Marine LE PEN,True
11406,2022,Marine LE PEN,Marine LE PEN,True
11407,2022,Jean-Luc MÉLENCHON,François FILLON,False
11408,2022,Emmanuel MACRON,Emmanuel MACRON,True
11409,2022,Emmanuel MACRON,Emmanuel MACRON,True
11410,2022,Marine LE PEN,Marine LE PEN,True
11411,2022,Marine LE PEN,Marine LE PEN,True
11412,2022,Marine LE PEN,Marine LE PEN,True
11413,2022,Marine LE PEN,Marine LE PEN,True
11414,2022,Jean-Luc MÉLENCHON,Emmanuel MACRON,False
11415,2022,Marine LE PEN,Marine LE PEN,True
11416,2022,Emmanuel MACRON,Emmanuel MACRON,True
11417,2022,Emmanuel MACRON,Emmanuel MACRON,True
11418,2022,Jean-Luc MÉLENCHON,Emmanuel MACRON,False
11419,2022,Emmanuel MACRON,Emmanuel MACRON,True
11420,2022,Marine LE PEN,Marine LE PEN,True
11421,2022,Marine LE PEN,Marine LE PEN,True
11422,2022,Jean LASSALLE,Emmanuel MACRON,False
11423,2022,Emmanuel MACRON,Emmanuel MACRON,True
11424,2022,Jean-Luc MÉLENCHON,Emmanuel MACRON,False
11425,2022,Emmanuel MACRON,Emmanuel MACRON,True
11426,2022,Marine LE PEN,Marine LE PEN,True
11427,2022,Emmanuel MACRON,Emmanuel MACRON,True
11428,2022,Jean-Luc MÉLENCHON,Emmanuel MACRON,False
11429,2022,Marine LE PEN,Marine LE PEN,True
11430,2022,Jean-Luc MÉLENCHON,Jean-Luc MÉLENCHON,True
11431,2022,Emmanuel MACRON,Emmanuel MACRON,True
11432,2022,Jean-Luc MÉLENCHON,Emmanuel MACRON,False
11433,2022,Emmanuel MACRON,Emmanuel MACRON,True
11434,2022,Jean-Luc MÉLENCHON,Emmanuel MACRON,False
11435,2022,Jean-Luc MÉLENCHON,Emmanuel MACRON,False
11436,2022,Emmanuel MACRON,Emmanuel MACRON,True
11437,2022,Emmanuel MACRON,Emmanuel MACRON,True
11438,2022,Jean-Luc MÉLENCHON,Emmanuel MACRON,False
11439,2022,Marine LE PEN,Marine LE PEN,True
11440,2022,Emmanuel MACRON,Emmanuel MACRON,True
11441,2022,Jean-Luc MÉLENCHON,Emmanuel MACRON,False
11442,2022,Jean-Luc MÉLENCHON,François FILLON,False
11443,2022,Marine LE PEN,Marine LE PEN,True
11444,2022,Emmanuel MACRON,Emmanuel MACRON,True
11445,2022,Marine LE PEN,Marine LE PEN,True
11446,2022,Jean-Luc MÉLENCHON,Emmanuel MACRON,False
11447,2022,Emmanuel MACRON,Emmanuel MACRON,True
11448,2022,Emmanuel MACRON,Emmanuel MACRON,True
11449,2022,Emmanuel MACRON,Emmanuel MACRON,True
11450,2022,Jean-Luc MÉLENCHON,Emmanuel MACRON,False
11451,2022,Jean-Luc MÉLENCHON,François FILLON,False
11452,2022,Jean-Luc MÉLENCHON,Emmanuel MACRON,False
11453,2022,Marine LE PEN,Marine LE PEN,True
11454,2022,Emmanuel MACRON,Jean-Luc MÉLENCHON,False
11455,2022,Jean LASSALLE,François FILLON,False
11456,2022,Emmanuel MACRON,Emmanuel MACRON,True
11457,2022,Marine LE PEN,Marine LE PEN,True
11458,2022,Emmanuel MACRON,Emmanuel MACRON,True
11459,2022,Jean-Luc MÉLENCHON,Emmanuel MACRON,False
11460,2022,Emmanuel MACRON,Emmanuel MACRON,True
11461,2022,Emmanuel MACRON,Emmanuel MACRON,True
11462,2022,Marine LE PEN,Marine LE PEN,True
11463,2022,Marine LE PEN,Marine LE PEN,True
11464,2022,Marine LE PEN,Marine LE PEN,True
11465,2022,Emmanuel MACRON,Emmanuel MACRON,True
11466,2022,Emmanuel MACRON,Emmanuel MACRON,True
11467,2022,Emmanuel MACRON,Jean-Luc MÉLENCHON,False
11468,2022,Emmanuel MACRON,Emmanuel MACRON,True
11469,2022,Emmanuel MACRON,Emmanuel MACRON,True
11470,2022,Marine LE PEN,Marine LE PEN,True
11471,2022,Jean-Luc MÉLENCHON,François FILLON,False
11472,2022,Jean-Luc MÉLENCHON,Emmanuel MACRON,False
11473,2022,Jean-Luc MÉLENCHON,Emmanuel MACRON,False
11474,2022,Marine LE PEN,Marine LE PEN,True
11475,2022,Marine LE PEN,Marine LE PEN,True
11476,2022,Emmanuel MACRON,Emmanuel MACRON,True
11477,2022,Marine LE PEN,Marine LE PEN,True
11478,2022,Emmanuel MACRON,Emmanuel MACRON,True
11479,2022,Emmanuel MACRON,François FILLON,False
11480,2022,Emmanuel MACRON,Emmanuel MACRON,True
11481,2022,Emmanuel MACRON,Emmanuel MACRON,True
11482,2022,Marine LE PEN,Marine LE PEN,True
11483,2022,Marine LE PEN,Marine LE PEN,True
11484,2022,Jean-Luc MÉLENCHON,Emmanuel MACRON,False
11485,2022,Marine LE PEN,Marine LE PEN,True
11486,2022,Emmanuel MACRON,Emmanuel MACRON,True
11487,2022,Emmanuel MACRON,Emmanuel MACRON,True
11488,2022,Marine LE PEN,Marine LE PEN,True
11489,2022,Marine LE PEN,Marine LE PEN,True
11490,2022,Marine LE PEN,Marine LE PEN,True
11491,2022,Emmanuel MACRON,Emmanuel MACRON,True
11492,2022,Emmanuel MACRON,Emmanuel MACRON,True
11493,2022,Emmanuel MACRON,Emmanuel MACRON,True
11494,2022,Emmanuel MACRON,Emmanuel MACRON,True
11495,2022,Jean-Luc MÉLENCHON,Jean-Luc MÉLENCHON,True
11496,2022,Marine LE PEN,Marine LE PEN,True
11497,2022,Jean LASSALLE,Emmanuel MACRON,False
11498,2022,Marine LE PEN,Marine LE PEN,True
11499,2022,Marine LE PEN,Marine LE PEN,True
11500,2022,Emmanuel MACRON,Emmanuel MACRON,True
11501,2022,Emmanuel MACRON,Emmanuel MACRON,True
11502,2022,Marine LE PEN,Marine LE PEN,True
11503,2022,Emmanuel MACRON,Emmanuel MACRON,True
11504,2022,Jean LASSALLE,Emmanuel MACRON,False
11505,2022,Marine LE PEN,Marine LE PEN,True
11506,2022,Marine LE PEN,Marine LE PEN,True
11507,2022,Jean-Luc MÉLENCHON,Emmanuel MACRON,False
11508,2022,Marine LE PEN,Marine LE PEN,True
11509,2022,Marine LE PEN,Marine LE PEN,True
11510,2022,Marine LE PEN,Marine LE PEN,True
11511,2022,Emmanuel MACRON,Emmanuel MACRON,True
11512,2022,Marine LE PEN,Marine LE PEN,True
11513,2022,Marine LE PEN,Marine LE PEN,True
11514,2022,Jean-Luc MÉLENCHON,Emmanuel MACRON,False
11515,2022,Jean-Luc MÉLENCHON,François FILLON,False
11516,2022,Marine LE PEN,Marine LE PEN,True
11517,2022,Emmanuel MACRON,François FILLON,False
11518,2022,Marine LE PEN,Marine LE PEN,True
11519,2022,Jean-Luc MÉLENCHON,Emmanuel MACRON,False
11520,2022,Marine LE PEN,Marine LE PEN,True
11521,2022,Emmanuel MACRON,Emmanuel MACRON,True
11522,2022,Marine LE PEN,Marine LE PEN,True
11523,2022,Marine LE PEN,Marine LE PEN,True
11524,2022,Marine LE PEN,Marine LE PEN,True
11525,2022,Emmanuel MACRON,Emmanuel MACRON,True
11526,2022,Marine LE PEN,Marine LE PEN,True
11527,2022,Marine LE PEN,Marine LE PEN,True
11528,2022,Emmanuel MACRON,Emmanuel MACRON,True
11529,2022,Emmanuel MACRON,Emmanuel MACRON,True
11530,2022,Emmanuel MACRON,Emmanuel MACRON,True
11531,2022,Jean-Luc MÉLENCHON,Emmanuel MACRON,False
11532,2022,Marine LE PEN,Marine LE PEN,True
11533,2022,Marine LE PEN,Marine LE PEN,True
11534,2022,Marine LE PEN,Marine LE PEN,True
11535,2022,Emmanuel MACRON,Emmanuel MACRON,True
11536,2022,Marine LE PEN,Marine LE PEN,True
11537,2022,Emmanuel MACRON,Emmanuel MACRON,True
11538,2022,Emmanuel MACRON,Emmanuel MACRON,True
11539,2022,Jean-Luc MÉLENCHON,Emmanuel MACRON,False
11540,2022,Marine LE PEN,Marine LE PEN,True
11541,2022,Jean-Luc MÉLENCHON,Emmanuel MACRON,False
11542,2022,Emmanuel MACRON,Emmanuel MACRON,True
11543,2022,Jean-Luc MÉLENCHON,Emmanuel MACRON,False
11545,2022,Emmanuel MACRON,François FILLON,False
11546,2022,Jean-Luc MÉLENCHON,Emmanuel MACRON,False
11547,2022,Marine LE PEN,Marine LE PEN,True
11548,2022,Emmanuel MACRON,Emmanuel MACRON,True
11549,2022,Marine LE PEN,Marine LE PEN,True
11550,2022,Emmanuel MACRON,Emmanuel MACRON,True
11551,2022,Marine LE PEN,Marine LE PEN,True
11552,2022,Marine LE PEN,Marine LE PEN,True
11553,2022,Marine LE PEN,Marine LE PEN,True
11554,2022,Emmanuel MACRON,Emmanuel MACRON,True
11555,2022,Marine LE PEN,Marine LE PEN,True
11556,2022,Marine LE PEN,Marine LE PEN,True
11557,2022,Marine LE PEN,Marine LE PEN,True
11558,2022,Emmanuel MACRON,Emmanuel MACRON,True
11559,2022,Marine LE PEN,Marine LE PEN,True
11560,2022,Emmanuel MACRON,Emmanuel MACRON,True
11561,2022,Emmanuel MACRON,Emmanuel MACRON,True
11562,2022,Emmanuel MACRON,Emmanuel MACRON,True
11563,2022,Emmanuel MACRON,Emmanuel MACRON,True
11564,2022,Emmanuel MACRON,Emmanuel MACRON,True
11565,2022,Marine LE PEN,Marine LE PEN,True
11566,2022,Emmanuel MACRON,Emmanuel MACRON,True
11567,2022,Marine LE PEN,Marine LE PEN,True
11568,2022,Emmanuel MACRON,Emmanuel MACRON,True
11569,2022,Emmanuel MACRON,Emmanuel MACRON,True
11570,2022,Marine LE PEN,Marine LE PEN,True
11571,2022,Emmanuel MACRON,Emmanuel MACRON,True
11572,2022,Emmanuel MACRON,Emmanuel MACRON,True
11573,2022,Emmanuel MACRON,Emmanuel MACRON,True
11574,2022,Emmanuel MACRON,Emmanuel MACRON,True
11575,2022,Marine LE PEN,Marine LE PEN,True
11576,2022,Marine LE PEN,Marine LE PEN,True
11577,2022,Marine LE PEN,Marine LE PEN,True
11578,2022,Marine LE PEN,Marine LE PEN,True
11579,2022,Emmanuel MACRON,Emmanuel MACRON,True
11580,2022,Emmanuel MACRON,Emmanuel MACRON,True
11581,2022,Jean-Luc MÉLENCHON,Emmanuel MACRON,False
11582,2022,Emmanuel MACRON,Emmanuel MACRON,True
11583,2022,Marine LE PEN,Marine LE PEN,True
11584,2022,Jean-Luc MÉLENCHON,Emmanuel MACRON,False
11585,2022,Emmanuel MACRON,Emmanuel MACRON,True
11586,2022,Marine LE PEN,Marine LE PEN,True
11587,2022,Marine LE PEN,Marine LE PEN,True
11588,2022,Emmanuel MACRON,François FILLON,False
11589,2022,Jean-Luc MÉLENCHON,Emmanuel MACRON,False
11590,2022,Jean-Luc MÉLENCHON,Emmanuel MACRON,False
11591,2022,Emmanuel MACRON,François FILLON,False
11592,2022,Marine LE PEN,Marine LE PEN,True
11593,2022,Jean-Luc MÉLENCHON,Emmanuel MACRON,False
11594,2022,Jean-Luc MÉLENCHON,Emmanuel MACRON,False
11595,2022,Emmanuel MACRON,Emmanuel MACRON,True
11596,2022,Jean-Luc MÉLENCHON,Emmanuel MACRON,False
11597,2022,Emmanuel MACRON,Emmanuel MACRON,True
11598,2022,Emmanuel MACRON,Emmanuel MACRON,True
11599,2022,Emmanuel MACRON,Emmanuel MACRON,True
11600,2022,Jean-Luc MÉLENCHON,François FILLON,False
11601,2022,Marine LE PEN,Marine LE PEN,True
11602,2022,Jean-Luc MÉLENCHON,François FILLON,False
11603,2022,Emmanuel MACRON,Emmanuel MACRON,True
11604,2022,Marine LE PEN,Marine LE PEN,True
11605,2022,Marine LE PEN,Marine LE PEN,True
11606,2022,Jean-Luc MÉLENCHON,Emmanuel MACRON,False
11607,2022,Marine LE PEN,Marine LE PEN,True
11608,2022,Marine LE PEN,Marine LE PEN,True
11609,2022,Marine LE PEN,Marine LE PEN,True
11610,2022,Marine LE PEN,Marine LE PEN,True
11611,2022,Marine LE PEN,Marine LE PEN,True
11612,2022,Marine LE PEN,Marine LE PEN,True
11613,2022,Emmanuel MACRON,Emmanuel MACRON,True
11614,2022,Emmanuel MACRON,Emmanuel MACRON,True
11615,2022,Jean-Luc MÉLENCHON,François FILLON,False
11616,2022,Emmanuel MACRON,Emmanuel MACRON,True
11617,2022,Marine LE PEN,Marine LE PEN,True
11618,2022,Jean-Luc MÉLENCHON,François FILLON,False
11619,2022,Jean-Luc MÉLENCHON,Emmanuel MACRON,False
11620,2022,Marine LE PEN,Marine LE PEN,True
11621,2022,Emmanuel MACRON,Emmanuel MACRON,True
11622,2022,Marine LE PEN,Marine LE PEN,True
11623,2022,Emmanuel MACRON,Emmanuel MACRON,True
11624,2022,Jean LASSALLE,Emmanuel MACRON,False
11625,2022,Emmanuel MACRON,Emmanuel MACRON,True
11626,2022,Emmanuel MACRON,Emmanuel MACRON,True
11627,2022,Emmanuel MACRON,Emmanuel MACRON,True
11628,2022,Jean-Luc MÉLENCHON,Emmanuel MACRON,False
11629,2022,Marine LE PEN,Marine LE PEN,True
11630,2022,Marine LE PEN,Marine LE PEN,True
11631,2022,Emmanuel MACRON,Emmanuel MACRON,True
11632,2022,Emmanuel MACRON,Emmanuel MACRON,True
11633,2022,Jean LASSALLE,Emmanuel MACRON,False
11634,2022,Marine LE PEN,Marine LE PEN,True
11635,2022,Jean LASSALLE,Jean-Luc MÉLENCHON,False
11636,2022,Jean-Luc MÉLENCHON,Emmanuel MACRON,False
11637,2022,Emmanuel MACRON,Emmanuel MACRON,True
11638,2022,Emmanuel MACRON,Emmanuel MACRON,True
11639,2022,Marine LE PEN,Marine LE PEN,True
11640,2022,Emmanuel MACRON,Emmanuel MACRON,True
11641,2022,Marine LE PEN,Marine LE PEN,True
11642,2022,Emmanuel MACRON,Emmanuel MACRON,True
11643,2022,Emmanuel MACRON,Emmanuel MACRON,True
11644,2022,Marine LE PEN,Marine LE PEN,True
11645,2022,Emmanuel MACRON,François FILLON,False
11646,2022,Emmanuel MACRON,Emmanuel MACRON,True
11647,2022,Jean LASSALLE,François FILLON,False
11648,2022,Marine LE PEN,Marine LE PEN,True
11649,2022,Marine LE PEN,Marine LE PEN,True
11650,2022,Marine LE PEN,Marine LE PEN,True
11651,2022,Emmanuel MACRON,Emmanuel MACRON,True
11652,2022,Jean LASSALLE,Emmanuel MACRON,False
11653,2022,Marine LE PEN,Marine LE PEN,True
11654,2022,Emmanuel MACRON,Emmanuel MACRON,True
11655,2022,Emmanuel MACRON,Emmanuel MACRON,True
11656,2022,Marine LE PEN,Marine LE PEN,True
11657,2022,Marine LE PEN,Marine LE PEN,True
11658,2022,Emmanuel MACRON,Emmanuel MACRON,True
11659,2022,Emmanuel MACRON,Emmanuel MACRON,True
11660,2022,Marine LE PEN,Marine LE PEN,True
11661,2022,Marine LE PEN,Marine LE PEN,True
11662,2022,Emmanuel MACRON,Emmanuel MACRON,True
11663,2022,Marine LE PEN,Marine LE PEN,True
11664,2022,Emmanuel MACRON,Emmanuel MACRON,True
11665,2022,Emmanuel MACRON,Emmanuel MACRON,True
11666,2022,Emmanuel MACRON,Emmanuel MACRON,True
11667,2022,Jean-Luc MÉLENCHON,Emmanuel MACRON,False
11668,2022,Emmanuel MACRON,Emmanuel MACRON,True
11669,2022,Jean-Luc MÉLENCHON,Emmanuel MACRON,False
11670,2022,Marine LE PEN,Marine LE PEN,True
11671,2022,Jean-Luc MÉLENCHON,Emmanuel MACRON,False
11672,2022,Marine LE PEN,Marine LE PEN,True
11673,2022,Emmanuel MACRON,Emmanuel MACRON,True
11674,2022,Jean-Luc MÉLENCHON,Emmanuel MACRON,False
11675,2022,Marine LE PEN,Marine LE PEN,True
11676,2022,Emmanuel MACRON,Emmanuel MACRON,True
11677,2022,Jean-Luc MÉLENCHON,Jean-Luc MÉLENCHON,True
11678,2022,Marine LE PEN,Marine LE PEN,True
11679,2022,Emmanuel MACRON,Emmanuel MACRON,True
11680,2022,Emmanuel MACRON,Emmanuel MACRON,True
11681,2022,Jean-Luc MÉLENCHON,Emmanuel MACRON,False
11682,2022,Emmanuel MACRON,Emmanuel MACRON,True
11683,2022,Marine LE PEN,Marine LE PEN,True
11684,2022,Jean-Luc MÉLENCHON,Jean-Luc MÉLENCHON,True
11685,2022,Marine LE PEN,Marine LE PEN,True
11686,2022,Emmanuel MACRON,Emmanuel MACRON,True
11687,2022,Jean-Luc MÉLENCHON,Emmanuel MACRON,False
11688,2022,Jean-Luc MÉLENCHON,Emmanuel MACRON,False
11689,2022,Jean-Luc MÉLENCHON,Emmanuel MACRON,False
11690,2022,Marine LE PEN,Marine LE PEN,True
11691,2022,Emmanuel MACRON,Emmanuel MACRON,True
11692,2022,Marine LE PEN,Marine LE PEN,True
11693,2022,Emmanuel MACRON,Emmanuel MACRON,True
11694,2022,Emmanuel MACRON,Emmanuel MACRON,True
11695,2022,Marine LE PEN,Marine LE PEN,True
11696,2022,Marine LE PEN,Marine LE PEN,True
11697,2022,Marine LE PEN,Marine LE PEN,True
11698,2022,Emmanuel MACRON,Emmanuel MACRON,True
11699,2022,Marine LE PEN,Marine LE PEN,True
11700,2022,Emmanuel MACRON,Emmanuel MACRON,True
11701,2022,Marine LE PEN,Marine LE PEN,True
11702,2022,Marine LE PEN,Marine LE PEN,True
11703,2022,Marine LE PEN,Marine LE PEN,True
11704,2022,Emmanuel MACRON,Emmanuel MACRON,True
11705,2022,Marine LE PEN,Marine LE PEN,True
11706,2022,Emmanuel MACRON,Emmanuel MACRON,True
11708,2022,Marine LE PEN,Marine LE PEN,True
11709,2022,Marine LE PEN,Marine LE PEN,True
11710,2022,Marine LE PEN,Marine LE PEN,True
11711,2022,Marine LE PEN,Marine LE PEN,True
11712,2022,Marine LE PEN,Marine LE PEN,True
11713,2022,Jean-Luc MÉLENCHON,Emmanuel MACRON,False
11714,2022,Emmanuel MACRON,Emmanuel MACRON,True
11715,2022,Jean-Luc MÉLENCHON,Emmanuel MACRON,False
11716,2022,Emmanuel MACRON,François FILLON,False
11717,2022,Marine LE PEN,Marine LE PEN,True
11718,2022,Marine LE PEN,Marine LE PEN,True
11719,2022,Marine LE PEN,Marine LE PEN,True
11720,2022,Jean-Luc MÉLENCHON,Emmanuel MACRON,False
11721,2022,Jean-Luc MÉLENCHON,Jean-Luc MÉLENCHON,True
11722,2022,Marine LE PEN,Marine LE PEN,True
11723,2022,Marine LE PEN,Marine LE PEN,True
11724,2022,Marine LE PEN,Marine LE PEN,True
11725,2022,Jean-Luc MÉLENCHON,Jean-Luc MÉLENCHON,True
11726,2022,Marine LE PEN,Marine LE PEN,True
11727,2022,Marine LE PEN,Marine LE PEN,True
11728,2022,Marine LE PEN,Marine LE PEN,True
11729,2022,Marine LE PEN,Marine LE PEN,True
11730,2022,Jean-Luc MÉLENCHON,Emmanuel MACRON,False
11731,2022,Marine LE PEN,Marine LE PEN,True
11732,2022,Marine LE PEN,Marine LE PEN,True
11733,2022,Emmanuel MACRON,Emmanuel MACRON,True
11734,2022,Marine LE PEN,Marine LE PEN,True
11735,2022,Jean-Luc MÉLENCHON,François FILLON,False
11736,2022,Emmanuel MACRON,Emmanuel MACRON,True
11737,2022,Emmanuel MACRON,Emmanuel MACRON,True
11738,2022,Marine LE PEN,Marine LE PEN,True
11739,2022,Emmanuel MACRON,François FILLON,False
11740,2022,Marine LE PEN,Marine LE PEN,True
11741,2022,Marine LE PEN,Marine LE PEN,True
11742,2022,Emmanuel MACRON,Emmanuel MACRON,True
11743,2022,Marine LE PEN,Marine LE PEN,True
11744,2022,Marine LE PEN,Marine LE PEN,True
11745,2022,Jean-Luc MÉLENCHON,Emmanuel MACRON,False
11746,2022,Emmanuel MACRON,Emmanuel MACRON,True
11747,2022,Emmanuel MACRON,Emmanuel MACRON,True
11748,2022,Emmanuel MACRON,Emmanuel MACRON,True
11749,2022,Marine LE PEN,Marine LE PEN,True
11750,2022,Jean LASSALLE,Emmanuel MACRON,False
11751,2022,Marine LE PEN,Marine LE PEN,True
11752,2022,Marine LE PEN,Marine LE PEN,True
11753,2022,Marine LE PEN,Marine LE PEN,True
11754,2022,Marine LE PEN,Marine LE PEN,True
11755,2022,Marine LE PEN,Marine LE PEN,True
11756,2022,Emmanuel MACRON,François FILLON,False
11757,2022,Marine LE PEN,Marine LE PEN,True
11758,2022,Emmanuel MACRON,François FILLON,False
11759,2022,Marine LE PEN,Marine LE PEN,True
11760,2022,Emmanuel MACRON,Emmanuel MACRON,True
11761,2022,Emmanuel MACRON,Emmanuel MACRON,True
11762,2022,Marine LE PEN,Marine LE PEN,True
11763,2022,Emmanuel MACRON,Emmanuel MACRON,True
11764,2022,Emmanuel MACRON,Emmanuel MACRON,True
11765,2022,Jean-Luc MÉLENCHON,Emmanuel MACRON,False
11766,2022,Emmanuel MACRON,Emmanuel MACRON,True
11767,2022,Emmanuel MACRON,Emmanuel MACRON,True
11768,2022,Jean-Luc MÉLENCHON,François FILLON,False
11769,2022,Marine LE PEN,Marine LE PEN,True
11770,2022,Jean-Luc MÉLENCHON,François FILLON,False
11771,2022,Marine LE PEN,Marine LE PEN,True
11772,2022,Emmanuel MACRON,Emmanuel MACRON,True
11773,2022,Jean-Luc MÉLENCHON,Emmanuel MACRON,False
11774,2022,Jean-Luc MÉLENCHON,Emmanuel MACRON,False
11775,2022,Jean-Luc MÉLENCHON,Emmanuel MACRON,False
11776,2022,Jean-Luc MÉLENCHON,Emmanuel MACRON,False
11777,2022,Emmanuel MACRON,François FILLON,False
11778,2022,Marine LE PEN,Marine LE PEN,True
11779,2022,Marine LE PEN,Marine LE PEN,True
11780,2022,Jean-Luc MÉLENCHON,Emmanuel MACRON,False
11781,2022,Marine LE PEN,Marine LE PEN,True
11782,2022,Jean-Luc MÉLENCHON,Emmanuel MACRON,False
11783,2022,Marine LE PEN,Marine LE PEN,True
11784,2022,Marine LE PEN,Marine LE PEN,True
11785,2022,Jean-Luc MÉLENCHON,Emmanuel MACRON,False
11786,2022,Marine LE PEN,Marine LE PEN,True
11787,2022,Marine LE PEN,Marine LE PEN,True
11788,2022,Emmanuel MACRON,Emmanuel MACRON,True
11789,2022,Emmanuel MACRON,Emmanuel MACRON,True
11790,2022,Marine LE PEN,Marine LE PEN,True
11791,2022,Marine LE PEN,Marine LE PEN,True
11792,2022,Emmanuel MACRON,Emmanuel MACRON,True
11793,2022,Emmanuel MACRON,Emmanuel MACRON,True
11794,2022,Marine LE PEN,Marine LE PEN,True
11795,2022,Marine LE PEN,Marine LE PEN,True
11796,2022,Emmanuel MACRON,François FILLON,False
11797,2022,Emmanuel MACRON,Emmanuel MACRON,True
11798,2022,Marine LE PEN,Marine LE PEN,True
11799,2022,Emmanuel MACRON,Emmanuel MACRON,True
11800,2022,Emmanuel MACRON,François FILLON,False
11801,2022,Emmanuel MACRON,François FILLON,False
11802,2022,Emmanuel MACRON,François FILLON,False
11803,2022,Emmanuel MACRON,Emmanuel MACRON,True
11804,2022,Emmanuel MACRON,Emmanuel MACRON,True
11805,2022,Marine LE PEN,Marine LE PEN,True
11806,2022,Marine LE PEN,Marine LE PEN,True
11807,2022,Marine LE PEN,Marine LE PEN,True
11808,2022,Jean-Luc MÉLENCHON,Emmanuel MACRON,False
11809,2022,Marine LE PEN,Marine LE PEN,True
11810,2022,Emmanuel MACRON,Emmanuel MACRON,True
11811,2022,Marine LE PEN,Marine LE PEN,True
11812,2022,Emmanuel MACRON,François FILLON,False
11813,2022,Marine LE PEN,Marine LE PEN,True
11814,2022,Marine LE PEN,Marine LE PEN,True
11815,2022,Emmanuel MACRON,Emmanuel MACRON,True
11816,2022,Marine LE PEN,Marine LE PEN,True
11817,2022,Emmanuel MACRON,Emmanuel MACRON,True
11818,2022,Emmanuel MACRON,Emmanuel MACRON,True
11819,2022,Emmanuel MACRON,Emmanuel MACRON,True
11820,2022,Marine LE PEN,Marine LE PEN,True
11821,2022,Marine LE PEN,Marine LE PEN,True
11822,2022,Marine LE PEN,Marine LE PEN,True
11823,2022,Emmanuel MACRON,Emmanuel MACRON,True
11824,2022,Marine LE PEN,Marine LE PEN,True
11825,2022,Emmanuel MACRON,Emmanuel MACRON,True
11826,2022,Emmanuel MACRON,Emmanuel MACRON,True
11827,2022,Marine LE PEN,Marine LE PEN,True
11828,2022,Emmanuel MACRON,Emmanuel MACRON,True
11829,2022,Emmanuel MACRON,Emmanuel MACRON,True
11830,2022,Jean-Luc MÉLENCHON,Emmanuel MACRON,False
11831,2022,Marine LE PEN,Marine LE PEN,True
11832,2022,Emmanuel MACRON,Emmanuel MACRON,True
11833,2022,Marine LE PEN,Marine LE PEN,True
11834,2022,Marine LE PEN,Marine LE PEN,True
11835,2022,Marine LE PEN,Marine LE PEN,True
11836,2022,Jean-Luc MÉLENCHON,Emmanuel MACRON,False
11837,2022,Emmanuel MACRON,Emmanuel MACRON,True
11838,2022,Marine LE PEN,Marine LE PEN,True
11839,2022,Emmanuel MACRON,Emmanuel MACRON,True
11840,2022,Emmanuel MACRON,Emmanuel MACRON,True
11841,2022,Jean-Luc MÉLENCHON,Emmanuel MACRON,False
11842,2022,Jean LASSALLE,Emmanuel MACRON,False
11843,2022,Marine LE PEN,Marine LE PEN,True
11844,2022,Marine LE PEN,Marine LE PEN,True
11845,2022,Emmanuel MACRON,François FILLON,False
11847,2022,Emmanuel MACRON,Emmanuel MACRON,True
11848,2022,Jean-Luc MÉLENCHON,François FILLON,False
11849,2022,Emmanuel MACRON,Emmanuel MACRON,True
11850,2022,Marine LE PEN,Marine LE PEN,True
11851,2022,Marine LE PEN,Marine LE PEN,True
11852,2022,Jean-Luc MÉLENCHON,Emmanuel MACRON,False
11853,2022,Emmanuel MACRON,Emmanuel MACRON,True
11854,2022,Jean-Luc MÉLENCHON,Emmanuel MACRON,False
11856,2022,Emmanuel MACRON,Emmanuel MACRON,True
11857,2022,Marine LE PEN,Marine LE PEN,True
11858,2022,Marine LE PEN,Marine LE PEN,True
11859,2022,Marine LE PEN,Marine LE PEN,True
11860,2022,Emmanuel MACRON,Emmanuel MACRON,True
11861,2022,Jean-Luc MÉLENCHON,François FILLON,False
11862,2022,Marine LE PEN,Marine LE PEN,True
11863,2022,Marine LE PEN,Marine LE PEN,True
11864,2022,Emmanuel MACRON,Emmanuel MACRON,True
11865,2022,Marine LE PEN,Marine LE PEN,True
11866,2022,Emmanuel MACRON,Emmanuel MACRON,True
11867,2022,Emmanuel MACRON,Emmanuel MACRON,True
11868,2022,Emmanuel MACRON,Emmanuel MACRON,True
11869,2022,Jean-Luc MÉLENCHON,Emmanuel MACRON,False
11870,2022,Emmanuel MACRON,Emmanuel MACRON,True
11871,2022,Marine LE PEN,Marine LE PEN,True
11872,2022,Marine LE PEN,Marine LE PEN,True
11873,2022,Jean-Luc MÉLENCHON,Emmanuel MACRON,False
11874,2022,Emmanuel MACRON,Emmanuel MACRON,True
11875,2022,Marine LE PEN,Marine LE PEN,True
11876,2022,Marine LE PEN,Marine LE PEN,True
11877,2022,Jean-Luc MÉLENCHON,François FILLON,False
11878,2022,Emmanuel MACRON,Emmanuel MACRON,True
11879,2022,Marine LE PEN,Marine LE PEN,True
11880,2022,Jean-Luc MÉLENCHON,Emmanuel MACRON,False
11881,2022,Emmanuel MACRON,Jean-Luc MÉLENCHON,False
11882,2022,Marine LE PEN,Marine LE PEN,True
11883,2022,Marine LE PEN,Marine LE PEN,True
11884,2022,Marine LE PEN,Marine LE PEN,True
11885,2022,Emmanuel MACRON,François FILLON,False
11886,2022,Emmanuel MACRON,Emmanuel MACRON,True
11887,2022,Emmanuel MACRON,François FILLON,False
11888,2022,Emmanuel MACRON,Emmanuel MACRON,True
11889,2022,Marine LE PEN,Marine LE PEN,True
11890,2022,Jean-Luc MÉLENCHON,François FILLON,False
11891,2022,Emmanuel MACRON,Jean-Luc MÉLENCHON,False
11892,2022,Emmanuel MACRON,Emmanuel MACRON,True
11893,2022,Marine LE PEN,Marine LE PEN,True
11894,2022,Marine LE PEN,Marine LE PEN,True
11895,2022,Marine LE PEN,Marine LE PEN,True
11896,2022,Emmanuel MACRON,Emmanuel MACRON,True
11897,2022,Emmanuel MACRON,Emmanuel MACRON,True
11898,2022,Marine LE PEN,Marine LE PEN,True
11899,2022,Jean-Luc MÉLENCHON,Jean-Luc MÉLENCHON,True
11900,2022,Marine LE PEN,Marine LE PEN,True
11901,2022,Marine LE PEN,Marine LE PEN,True
11902,2022,Jean-Luc MÉLENCHON,Emmanuel MACRON,False
11903,2022,Emmanuel MACRON,Emmanuel MACRON,True
11904,2022,Emmanuel MACRON,Emmanuel MACRON,True
11905,2022,Emmanuel MACRON,Emmanuel MACRON,True
11906,2022,Jean-Luc MÉLENCHON,Emmanuel MACRON,False
11907,2022,Marine LE PEN,Marine LE PEN,True
11908,2022,Emmanuel MACRON,Emmanuel MACRON,True
11909,2022,Emmanuel MACRON,Emmanuel MACRON,True
11910,2022,Marine LE PEN,Marine LE PEN,True
11911,2022,Marine LE PEN,Marine LE PEN,True
11912,2022,Marine LE PEN,Marine LE PEN,True
11913,2022,Jean-Luc MÉLENCHON,François FILLON,False
11914,2022,Emmanuel MACRON,Emmanuel MACRON,True
11915,2022,Emmanuel MACRON,Emmanuel MACRON,True
11916,2022,Jean-Luc MÉLENCHON,François FILLON,False
11917,2022,Jean-Luc MÉLENCHON,Emmanuel MACRON,False
11918,2022,Marine LE PEN,Marine LE PEN,True
11919,2022,Emmanuel MACRON,Emmanuel MACRON,True
11920,2022,Emmanuel MACRON,Emmanuel MACRON,True
11921,2022,Emmanuel MACRON,Jean-Luc MÉLENCHON,False
11922,2022,Emmanuel MACRON,Emmanuel MACRON,True
11923,2022,Marine LE PEN,Marine LE PEN,True
11924,2022,Marine LE PEN,Marine LE PEN,True
11925,2022,Marine LE PEN,Marine LE PEN,True
11926,2022,Marine LE PEN,Marine LE PEN,True
11927,2022,Jean-Luc MÉLENCHON,Emmanuel MACRON,False
11928,2022,Marine LE PEN,Marine LE PEN,True
11929,2022,Marine LE PEN,Marine LE PEN,True
11930,2022,Jean LASSALLE,Emmanuel MACRON,False
11931,2022,Emmanuel MACRON,Jean-Luc MÉLENCHON,False
11932,2022,Emmanuel MACRON,Emmanuel MACRON,True
11933,2022,Marine LE PEN,Marine LE PEN,True
11934,2022,Emmanuel MACRON,Emmanuel MACRON,True
11935,2022,Marine LE PEN,Marine LE PEN,True
11936,2022,Marine LE PEN,Marine LE PEN,True
11937,2022,Marine LE PEN,Marine LE PEN,True
11938,2022,Emmanuel MACRON,François FILLON,False
11939,2022,Marine LE PEN,Marine LE PEN,True
11940,2022,Jean-Luc MÉLENCHON,Emmanuel MACRON,False
11941,2022,Emmanuel MACRON,Emmanuel MACRON,True
11942,2022,Emmanuel MACRON,Emmanuel MACRON,True
11943,2022,Jean-Luc MÉLENCHON,Emmanuel MACRON,False
11944,2022,Emmanuel MACRON,Jean-Luc MÉLENCHON,False
11945,2022,Marine LE PEN,Marine LE PEN,True
11946,2022,Marine LE PEN,Marine LE PEN,True
11947,2022,Emmanuel MACRON,François FILLON,False
11948,2022,Jean-Luc MÉLENCHON,Emmanuel MACRON,False
11949,2022,Emmanuel MACRON,Emmanuel MACRON,True
11950,2022,Marine LE PEN,Marine LE PEN,True
11951,2022,Marine LE PEN,Marine LE PEN,True
11952,2022,Jean-Luc MÉLENCHON,François FILLON,False
11953,2022,Marine LE PEN,Marine LE PEN,True
11954,2022,Emmanuel MACRON,François FILLON,False
11955,2022,Emmanuel MACRON,Emmanuel MACRON,True
11956,2022,Emmanuel MACRON,Emmanuel MACRON,True
11957,2022,Jean LASSALLE,Emmanuel MACRON,False
11958,2022,Jean-Luc MÉLENCHON,Emmanuel MACRON,False
11959,2022,Jean-Luc MÉLENCHON,Emmanuel MACRON,False
11960,2022,Marine LE PEN,Marine LE PEN,True
11961,2022,Marine LE PEN,Marine LE PEN,True
11962,2022,Emmanuel MACRON,Emmanuel MACRON,True
11963,2022,Jean-Luc MÉLENCHON,Emmanuel MACRON,False
11964,2022,Marine LE PEN,Marine LE PEN,True
11965,2022,Emmanuel MACRON,Emmanuel MACRON,True
11966,2022,Emmanuel MACRON,Emmanuel MACRON,True
11968,2022,Emmanuel MACRON,Emmanuel MACRON,True
11969,2022,Emmanuel MACRON,Emmanuel MACRON,True
11970,2022,Jean LASSALLE,Jean-Luc MÉLENCHON,False
11971,2022,Emmanuel MACRON,Emmanuel MACRON,True
11972,2022,Jean LASSALLE,Emmanuel MACRON,False
11973,2022,Marine LE PEN,Marine LE PEN,True
11974,2022,Emmanuel MACRON,Emmanuel MACRON,True
11975,2022,Emmanuel MACRON,Emmanuel MACRON,True
11976,2022,Emmanuel MACRON,Jean-Luc MÉLENCHON,False
11977,2022,Marine LE PEN,Marine LE PEN,True
11978,2022,Marine LE PEN,Marine LE PEN,True
11979,2022,Jean-Luc MÉLENCHON,Jean-Luc MÉLENCHON,True
11980,2022,Emmanuel MACRON,Emmanuel MACRON,True
11981,2022,Emmanuel MACRON,Emmanuel MACRON,True
11982,2022,Marine LE PEN,Marine LE PEN,True
11983,2022,Emmanuel MACRON,Emmanuel MACRON,True
11984,2022,Jean-Luc MÉLENCHON,Emmanuel MACRON,False
11985,2022,Marine LE PEN,Marine LE PEN,True
11986,2022,Emmanuel MACRON,Emmanuel MACRON,True
11987,2022,Emmanuel MACRON,Emmanuel MACRON,True
11988,2022,Marine LE PEN,Marine LE PEN,True
11989,2022,Marine LE PEN,Marine LE PEN,True
11990,2022,Emmanuel MACRON,Emmanuel MACRON,True
11991,2022,Marine LE PEN,Marine LE PEN,True
11992,2022,Marine LE PEN,Marine LE PEN,True
11993,2022,Emmanuel MACRON,Emmanuel MACRON,True
11994,2022,Marine LE PEN,Marine LE PEN,True
11995,2022,Emmanuel MACRON,Emmanuel MACRON,True
11996,2022,Emmanuel MACRON,Emmanuel MACRON,True
11997,2022,Jean-Luc MÉLENCHON,Emmanuel MACRON,False
11998,2022,Jean-Luc MÉLENCHON,Emmanuel MACRON,False
11999,2022,Marine LE PEN,Marine LE PEN,True
12000,2022,Marine LE PEN,Marine LE PEN,True
12001,2022,Marine LE PEN,Marine LE PEN,True
12002,2022,Marine LE PEN,Marine LE PEN,True
12003,2022,Marine LE PEN,Marine LE PEN,True
12004,2022,Emmanuel MACRON,Jean-Luc MÉLENCHON,False
12005,2022,Marine LE PEN,Marine LE PEN,True
12006,2022,Marine LE PEN,Marine LE PEN,True
12007,2022,Jean-Luc MÉLENCHON,François FILLON,False
12008,2022,Marine LE PEN,Marine LE PEN,True
12009,2022,Marine LE PEN,Marine LE PEN,True
12010,2022,Marine LE PEN,Marine LE PEN,True
12011,2022,Emmanuel MACRON,Emmanuel MACRON,True
12012,2022,Emmanuel MACRON,Emmanuel MACRON,True
12013,2022,Marine LE PEN,Marine LE PEN,True
12014,2022,Jean-Luc MÉLENCHON,François FILLON,False
12015,2022,Emmanuel MACRON,Emmanuel MACRON,True
12016,2022,Emmanuel MACRON,François FILLON,False
12017,2022,Marine LE PEN,Marine LE PEN,True
12018,2022,Emmanuel MACRON,Emmanuel MACRON,True
12019,2022,Emmanuel MACRON,François FILLON,False
12020,2022,Emmanuel MACRON,Emmanuel MACRON,True
12021,2022,Marine LE PEN,Marine LE PEN,True
12022,2022,Emmanuel MACRON,Jean-Luc MÉLENCHON,False
12023,2022,Emmanuel MACRON,François FILLON,False
12024,2022,Marine LE PEN,Marine LE PEN,True
12025,2022,Emmanuel MACRON,François FILLON,False
12026,2022,Emmanuel MACRON,Emmanuel MACRON,True
12027,2022,Marine LE PEN,Marine LE PEN,True
12028,2022,Marine LE PEN,Marine LE PEN,True
12029,2022,Emmanuel MACRON,François FILLON,False
12030,2022,Marine LE PEN,Marine LE PEN,True
12031,2022,Jean-Luc MÉLENCHON,François FILLON,False
12032,2022,Marine LE PEN,Marine LE PEN,True
12033,2022,Jean-Luc MÉLENCHON,François FILLON,False
12034,2022,Emmanuel MACRON,Emmanuel MACRON,True
12035,2022,Jean-Luc MÉLENCHON,Emmanuel MACRON,False
12036,2022,Emmanuel MACRON,François FILLON,False
12037,2022,Emmanuel MACRON,Emmanuel MACRON,True
12038,2022,Marine LE PEN,Marine LE PEN,True
12039,2022,Jean-Luc MÉLENCHON,Emmanuel MACRON,False
12040,2022,Jean-Luc MÉLENCHON,François FILLON,False
12041,2022,Emmanuel MACRON,François FILLON,False
12042,2022,Emmanuel MACRON,François FILLON,False
12043,2022,Emmanuel MACRON,Emmanuel MACRON,True
12044,2022,Marine LE PEN,Marine LE PEN,True
12045,2022,Emmanuel MACRON,Emmanuel MACRON,True
12046,2022,Emmanuel MACRON,Emmanuel MACRON,True
12047,2022,Emmanuel MACRON,Emmanuel MACRON,True
12048,2022,Emmanuel MACRON,Jean-Luc MÉLENCHON,False
12049,2022,Marine LE PEN,Marine LE PEN,True
12050,2022,Emmanuel MACRON,Emmanuel MACRON,True
12051,2022,Jean-Luc MÉLENCHON,François FILLON,False
12052,2022,Jean-Luc MÉLENCHON,François FILLON,False
12053,2022,Emmanuel MACRON,François FILLON,False
12054,2022,Jean-Luc MÉLENCHON,François FILLON,False
12055,2022,Jean-Luc MÉLENCHON,Emmanuel MACRON,False
12056,2022,Emmanuel MACRON,François FILLON,False
12057,2022,Emmanuel MACRON,Emmanuel MACRON,True
12059,2022,Emmanuel MACRON,Emmanuel MACRON,True
12060,2022,Marine LE PEN,Marine LE PEN,True
12061,2022,Emmanuel MACRON,François FILLON,False
12062,2022,Emmanuel MACRON,François FILLON,False
12063,2022,Marine LE PEN,Marine LE PEN,True
12064,2022,Emmanuel MACRON,François FILLON,False
12065,2022,Emmanuel MACRON,François FILLON,False
12066,2022,Emmanuel MACRON,Emmanuel MACRON,True
12067,2022,Jean-Luc MÉLENCHON,François FILLON,False
12068,2022,Marine LE PEN,Marine LE PEN,True
12069,2022,Marine LE PEN,Marine LE PEN,True
12070,2022,Marine LE PEN,Marine LE PEN,True
12071,2022,Emmanuel MACRON,Jean-Luc MÉLENCHON,False
12072,2022,Emmanuel MACRON,François FILLON,False
12074,2022,Marine LE PEN,Marine LE PEN,True
12075,2022,Jean-Luc MÉLENCHON,Emmanuel MACRON,False
12076,2022,Marine LE PEN,Marine LE PEN,True
12077,2022,Emmanuel MACRON,François FILLON,False
12078,2022,Marine LE PEN,Marine LE PEN,True
12079,2022,Emmanuel MACRON,Emmanuel MACRON,True
12080,2022,Emmanuel MACRON,François FILLON,False
12081,2022,Emmanuel MACRON,François FILLON,False
12082,2022,Emmanuel MACRON,Emmanuel MACRON,True
12083,2022,Marine LE PEN,Marine LE PEN,True
12084,2022,Emmanuel MACRON,François FILLON,False
12085,2022,Emmanuel MACRON,Jean-Luc MÉLENCHON,False
12086,2022,Jean-Luc MÉLENCHON,François FILLON,False
12087,2022,Emmanuel MACRON,François FILLON,False
12088,2022,Marine LE PEN,Marine LE PEN,True
12089,2022,Emmanuel MACRON,Emmanuel MACRON,True
12090,2022,Emmanuel MACRON,Emmanuel MACRON,True
12091,2022,Marine LE PEN,Marine LE PEN,True
12092,2022,Marine LE PEN,Marine LE PEN,True
12093,2022,Emmanuel MACRON,François FILLON,False
12094,2022,Emmanuel MACRON,Emmanuel MACRON,True
12095,2022,Marine LE PEN,Marine LE PEN,True
12096,2022,Marine LE PEN,Marine LE PEN,True
12097,2022,Emmanuel MACRON,François FILLON,False
12098,2022,Jean LASSALLE,François FILLON,False
12099,2022,Marine LE PEN,Marine LE PEN,True
12100,2022,Marine LE PEN,Marine LE PEN,True
12101,2022,Marine LE PEN,Marine LE PEN,True
12102,2022,Jean-Luc MÉLENCHON,François FILLON,False
12103,2022,Emmanuel MACRON,François FILLON,False
12104,2022,Marine LE PEN,Marine LE PEN,True
12105,2022,Marine LE PEN,Marine LE PEN,True
12106,2022,Emmanuel MACRON,Emmanuel MACRON,True
12107,2022,Jean-Luc MÉLENCHON,Emmanuel MACRON,False
12108,2022,Marine LE PEN,Marine LE PEN,True
12109,2022,Emmanuel MACRON,François FILLON,False
12110,2022,Emmanuel MACRON,François FILLON,False
12111,2022,Jean-Luc MÉLENCHON,François FILLON,False
12112,2022,Emmanuel MACRON,François FILLON,False
12113,2022,Jean-Luc MÉLENCHON,François FILLON,False
12114,2022,Emmanuel MACRON,François FILLON,False
12115,2022,Marine LE PEN,Marine LE PEN,True
12116,2022,Emmanuel MACRON,Emmanuel MACRON,True
12117,2022,Jean-Luc MÉLENCHON,François FILLON,False
12118,2022,Emmanuel MACRON,Emmanuel MACRON,True
12119,2022,Jean-Luc MÉLENCHON,François FILLON,False
12120,2022,Marine LE PEN,Marine LE PEN,True
12121,2022,Emmanuel MACRON,François FILLON,False
12122,2022,Emmanuel MACRON,Emmanuel MACRON,True
12123,2022,Marine LE PEN,Marine LE PEN,True
12124,2022,Emmanuel MACRON,François FILLON,False
12125,2022,Marine LE PEN,Marine LE PEN,True
12126,2022,Emmanuel MACRON,Emmanuel MACRON,True
12127,2022,Emmanuel MACRON,Emmanuel MACRON,True
12128,2022,Emmanuel MACRON,François FILLON,False
12129,2022,Jean-Luc MÉLENCHON,François FILLON,False
12130,2022,Marine LE PEN,Marine LE PEN,True
12131,2022,Marine LE PEN,Marine LE PEN,True
12132,2022,Emmanuel MACRON,François FILLON,False
12133,2022,Emmanuel MACRON,Emmanuel MACRON,True
12134,2022,Marine LE PEN,Marine LE PEN,True
12135,2022,Marine LE PEN,Marine LE PEN,True
12136,2022,Marine LE PEN,Marine LE PEN,True
12137,2022,Emmanuel MACRON,François FILLON,False
12138,2022,Marine LE PEN,Marine LE PEN,True
12139,2022,Emmanuel MACRON,François FILLON,False
12140,2022,Marine LE PEN,Marine LE PEN,True
12141,2022,Emmanuel MACRON,François FILLON,False
12142,2022,Jean-Luc MÉLENCHON,Emmanuel MACRON,False
12143,2022,Emmanuel MACRON,François FILLON,False
12144,2022,Marine LE PEN,Marine LE PEN,True
12145,2022,Emmanuel MACRON,François FILLON,False
12146,2022,Emmanuel MACRON,Emmanuel MACRON,True
12147,2022,Marine LE PEN,Marine LE PEN,True
12148,2022,Emmanuel MACRON,François FILLON,False
12149,2022,Marine LE PEN,Marine LE PEN,True
12150,2022,Marine LE PEN,Marine LE PEN,True
12151,2022,Emmanuel MACRON,Jean-Luc MÉLENCHON,False
12152,2022,Marine LE PEN,Marine LE PEN,True
12153,2022,Emmanuel MACRON,Emmanuel MACRON,True
12154,2022,Emmanuel MACRON,François FILLON,False
12155,2022,Marine LE PEN,Marine LE PEN,True
12156,2022,Jean-Luc MÉLENCHON,Emmanuel MACRON,False
12157,2022,Marine LE PEN,Marine LE PEN,True
12158,2022,Emmanuel MACRON,Emmanuel MACRON,True
12159,2022,Emmanuel MACRON,Jean-Luc MÉLENCHON,False
12160,2022,Emmanuel MACRON,Emmanuel MACRON,True
12161,2022,Marine LE PEN,Marine LE PEN,True
12162,2022,Emmanuel MACRON,Emmanuel MACRON,True
12163,2022,Marine LE PEN,Marine LE PEN,True
12164,2022,Emmanuel MACRON,Emmanuel MACRON,True
12165,2022,Marine LE PEN,Marine LE PEN,True
12166,2022,Emmanuel MACRON,François FILLON,False
12167,2022,Emmanuel MACRON,Emmanuel MACRON,True
12168,2022,Marine LE PEN,Marine LE PEN,True
12169,2022,Emmanuel MACRON,Emmanuel MACRON,True
12170,2022,Emmanuel MACRON,François FILLON,False
12171,2022,Marine LE PEN,Marine LE PEN,True
12172,2022,Emmanuel MACRON,François FILLON,False
12173,2022,Emmanuel MACRON,François FILLON,False
12174,2022,Emmanuel MACRON,François FILLON,False
12175,2022,Emmanuel MACRON,Jean-Luc MÉLENCHON,False
12176,2022,Marine LE PEN,Marine LE PEN,True
12177,2022,Marine LE PEN,Marine LE PEN,True
12178,2022,Emmanuel MACRON,François FILLON,False
12179,2022,Emmanuel MACRON,François FILLON,False
12180,2022,Marine LE PEN,Marine LE PEN,True
12181,2022,Marine LE PEN,Marine LE PEN,True
12182,2022,Jean-Luc MÉLENCHON,François FILLON,False
12183,2022,Jean-Luc MÉLENCHON,Emmanuel MACRON,False
12184,2022,Marine LE PEN,Marine LE PEN,True
12185,2022,Emmanuel MACRON,Jean-Luc MÉLENCHON,False
12186,2022,Marine LE PEN,Marine LE PEN,True
12187,2022,Marine LE PEN,Marine LE PEN,True
12188,2022,Marine LE PEN,Marine LE PEN,True
12189,2022,Marine LE PEN,Marine LE PEN,True
12190,2022,Emmanuel MACRON,Emmanuel MACRON,True
12191,2022,Emmanuel MACRON,Emmanuel MACRON,True
12192,2022,Jean-Luc MÉLENCHON,François FILLON,False
12193,2022,Emmanuel MACRON,Emmanuel MACRON,True
12194,2022,Emmanuel MACRON,Emmanuel MACRON,True
12195,2022,Emmanuel MACRON,François FILLON,False
12196,2022,Jean-Luc MÉLENCHON,François FILLON,False
12197,2022,Jean-Luc MÉLENCHON,Emmanuel MACRON,False
12198,2022,Marine LE PEN,Marine LE PEN,True
12199,2022,Marine LE PEN,Marine LE PEN,True
12200,2022,Jean-Luc MÉLENCHON,Emmanuel MACRON,False
12201,2022,Marine LE PEN,Marine LE PEN,True
12202,2022,Marine LE PEN,Marine LE PEN,True
12203,2022,Emmanuel MACRON,François FILLON,False
12204,2022,Emmanuel MACRON,Emmanuel MACRON,True
12205,2022,Marine LE PEN,Marine LE PEN,True
12206,2022,Emmanuel MACRON,Emmanuel MACRON,True
12207,2022,Marine LE PEN,Marine LE PEN,True
12208,2022,Marine LE PEN,Marine LE PEN,True
12209,2022,Marine LE PEN,Marine LE PEN,True
12210,2022,Emmanuel MACRON,François FILLON,False
12211,2022,Emmanuel MACRON,François FILLON,False
12212,2022,Emmanuel MACRON,Emmanuel MACRON,True
12213,2022,Jean-Luc MÉLENCHON,François FILLON,False
12214,2022,Emmanuel MACRON,Jean-Luc MÉLENCHON,False
12215,2022,Emmanuel MACRON,François FILLON,False
12216,2022,Emmanuel MACRON,François FILLON,False
12217,2022,Jean-Luc MÉLENCHON,François FILLON,False
12218,2022,Marine LE PEN,Marine LE PEN,True
12219,2022,Jean-Luc MÉLENCHON,Emmanuel MACRON,False
12220,2022,Marine LE PEN,Marine LE PEN,True
12221,2022,Jean-Luc MÉLENCHON,François FILLON,False
12222,2022,Marine LE PEN,Marine LE PEN,True
12223,2022,Emmanuel MACRON,Emmanuel MACRON,True
12224,2022,Emmanuel MACRON,François FILLON,False
12225,2022,Marine LE PEN,Marine LE PEN,True
12226,2022,Emmanuel MACRON,Jean-Luc MÉLENCHON,False
12227,2022,Emmanuel MACRON,François FILLON,False
12228,2022,Emmanuel MACRON,Emmanuel MACRON,True
12229,2022,Emmanuel MACRON,Emmanuel MACRON,True
12230,2022,Emmanuel MACRON,Emmanuel MACRON,True
12231,2022,Marine LE PEN,Marine LE PEN,True
12232,2022,Emmanuel MACRON,François FILLON,False
12233,2022,Emmanuel MACRON,Emmanuel MACRON,True
12234,2022,Marine LE PEN,Marine LE PEN,True
12235,2022,Emmanuel MACRON,François FILLON,False
12236,2022,Jean-Luc MÉLENCHON,Emmanuel MACRON,False
12237,2022,Marine LE PEN,Marine LE PEN,True
12238,2022,Marine LE PEN,Marine LE PEN,True
12239,2022,Marine LE PEN,Marine LE PEN,True
12240,2022,Emmanuel MACRON,François FILLON,False
12241,2022,Emmanuel MACRON,Emmanuel MACRON,True
12242,2022,Emmanuel MACRON,François FILLON,False
12243,2022,Emmanuel MACRON,Emmanuel MACRON,True
12244,2022,Emmanuel MACRON,François FILLON,False
12245,2022,Marine LE PEN,Marine LE PEN,True
12246,2022,Marine LE PEN,Marine LE PEN,True
12247,2022,Emmanuel MACRON,Emmanuel MACRON,True
12248,2022,Marine LE PEN,Marine LE PEN,True
12249,2022,Marine LE PEN,Marine LE PEN,True
12250,2022,Marine LE PEN,Marine LE PEN,True
12251,2022,Marine LE PEN,Marine LE PEN,True
12252,2022,Emmanuel MACRON,François FILLON,False
12253,2022,Emmanuel MACRON,François FILLON,False
12254,2022,Emmanuel MACRON,François FILLON,False
12255,2022,Emmanuel MACRON,François FILLON,False
12256,2022,Jean-Luc MÉLENCHON,François FILLON,False
12257,2022,Emmanuel MACRON,Emmanuel MACRON,True
12258,2022,Emmanuel MACRON,Jean-Luc MÉLENCHON,False
12259,2022,Marine LE PEN,Marine LE PEN,True
12260,2022,Emmanuel MACRON,Emmanuel MACRON,True
12261,2022,Emmanuel MACRON,François FILLON,False
12262,2022,Emmanuel MACRON,François FILLON,False
12263,2022,Emmanuel MACRON,François FILLON,False
12264,2022,Emmanuel MACRON,François FILLON,False
12265,2022,Marine LE PEN,Marine LE PEN,True
12266,2022,Emmanuel MACRON,Emmanuel MACRON,True
12267,2022,Emmanuel MACRON,François FILLON,False
12268,2022,Jean LASSALLE,François FILLON,False
12269,2022,Marine LE PEN,Marine LE PEN,True
12270,2022,Jean-Luc MÉLENCHON,François FILLON,False
12271,2022,Marine LE PEN,Marine LE PEN,True
12272,2022,Emmanuel MACRON,Emmanuel MACRON,True
12273,2022,Emmanuel MACRON,François FILLON,False
12274,2022,Emmanuel MACRON,Emmanuel MACRON,True
12275,2022,Emmanuel MACRON,François FILLON,False
12276,2022,Emmanuel MACRON,François FILLON,False
12277,2022,Jean-Luc MÉLENCHON,Emmanuel MACRON,False
12278,2022,Marine LE PEN,Marine LE PEN,True
12279,2022,Jean-Luc MÉLENCHON,Jean-Luc MÉLENCHON,True
12280,2022,Emmanuel MACRON,François FILLON,False
12281,2022,Marine LE PEN,Marine LE PEN,True
12282,2022,Jean-Luc MÉLENCHON,Emmanuel MACRON,False
12283,2022,Marine LE PEN,Marine LE PEN,True
12284,2022,Marine LE PEN,Marine LE PEN,True
12285,2022,Marine LE PEN,Marine LE PEN,True
12286,2022,Emmanuel MACRON,François FILLON,False
12287,2022,Marine LE PEN,Marine LE PEN,True
12288,2022,Marine LE PEN,Marine LE PEN,True
12289,2022,Emmanuel MACRON,Emmanuel MACRON,True
12290,2022,Marine LE PEN,Marine LE PEN,True
12291,2022,Marine LE PEN,Marine LE PEN,True
12292,2022,Emmanuel MACRON,Emmanuel MACRON,True
12293,2022,Marine LE PEN,Marine LE PEN,True
12294,2022,Emmanuel MACRON,François FILLON,False
12295,2022,Marine LE PEN,Marine LE PEN,True
12296,2022,Marine LE PEN,Marine LE PEN,True
12297,2022,Marine LE PEN,Marine LE PEN,True
12298,2022,Emmanuel MACRON,Jean-Luc MÉLENCHON,False
12299,2022,Jean-Luc MÉLENCHON,François FILLON,False
12300,2022,Emmanuel MACRON,François FILLON,False
12301,2022,Marine LE PEN,Marine LE PEN,True
12302,2022,Emmanuel MACRON,Emmanuel MACRON,True
12303,2022,Marine LE PEN,Marine LE PEN,True
12304,2022,Marine LE PEN,Marine LE PEN,True
12305,2022,Emmanuel MACRON,Jean-Luc MÉLENCHON,False
12306,2022,Emmanuel MACRON,François FILLON,False
12307,2022,Emmanuel MACRON,François FILLON,False
12308,2022,Emmanuel MACRON,Emmanuel MACRON,True
12309,2022,Emmanuel MACRON,François FILLON,False
12310,2022,Emmanuel MACRON,Emmanuel MACRON,True
12311,2022,Marine LE PEN,Marine LE PEN,True
12312,2022,Emmanuel MACRON,François FILLON,False
12313,2022,Marine LE PEN,Marine LE PEN,True
12314,2022,Marine LE PEN,Marine LE PEN,True
12315,2022,Emmanuel MACRON,François FILLON,False
12316,2022,Marine LE PEN,Marine LE PEN,True
12317,2022,Emmanuel MACRON,François FILLON,False
12318,2022,Marine LE PEN,Marine LE PEN,True
12319,2022,Emmanuel MACRON,François FILLON,False
12320,2022,Emmanuel MACRON,Emmanuel MACRON,True
12321,2022,Marine LE PEN,Marine LE PEN,True
12322,2022,Marine LE PEN,Marine LE PEN,True
12323,2022,Emmanuel MACRON,François FILLON,False
12324,2022,Emmanuel MACRON,François FILLON,False
12325,2022,Marine LE PEN,Marine LE PEN,True
12326,2022,Emmanuel MACRON,Emmanuel MACRON,True
12327,2022,Emmanuel MACRON,François FILLON,False
12328,2022,Marine LE PEN,Marine LE PEN,True
12329,2022,Emmanuel MACRON,Emmanuel MACRON,True
12330,2022,Marine LE PEN,Marine LE PEN,True
12331,2022,Jean-Luc MÉLENCHON,François FILLON,False
12332,2022,Marine LE PEN,Marine LE PEN,True
12333,2022,Marine LE PEN,Marine LE PEN,True
12334,2022,Emmanuel MACRON,François FILLON,False
12335,2022,Marine LE PEN,Marine LE PEN,True
12336,2022,Emmanuel MACRON,François FILLON,False
12337,2022,Jean LASSALLE,François FILLON,False
12338,2022,Emmanuel MACRON,François FILLON,False
12339,2022,Emmanuel MACRON,Emmanuel MACRON,True
12340,2022,Emmanuel MACRON,François FILLON,False
12341,2022,Emmanuel MACRON,François FILLON,False
12342,2022,Emmanuel MACRON,François FILLON,False
12343,2022,Emmanuel MACRON,François FILLON,False
12344,2022,Jean-Luc MÉLENCHON,François FILLON,False
12345,2022,Jean-Luc MÉLENCHON,Jean-Luc MÉLENCHON,True
12346,2022,Emmanuel MACRON,François FILLON,False
12347,2022,Emmanuel MACRON,François FILLON,False
12348,2022,Emmanuel MACRON,Emmanuel MACRON,True
12349,2022,Emmanuel MACRON,François FILLON,False
12350,2022,Marine LE PEN,Marine LE PEN,True
12351,2022,Marine LE PEN,Marine LE PEN,True
12352,2022,Emmanuel MACRON,François FILLON,False
12353,2022,Marine LE PEN,Marine LE PEN,True
12354,2022,Jean-Luc MÉLENCHON,François FILLON,False
12355,2022,Jean-Luc MÉLENCHON,François FILLON,False
12356,2022,Jean LASSALLE,Jean-Luc MÉLENCHON,False
12357,2022,Marine LE PEN,Marine LE PEN,True
12358,2022,Emmanuel MACRON,François FILLON,False
12359,2022,Emmanuel MACRON,François FILLON,False
12360,2022,Marine LE PEN,Marine LE PEN,True
12361,2022,Marine LE PEN,Marine LE PEN,True
12362,2022,Emmanuel MACRON,François FILLON,False
12363,2022,Marine LE PEN,Marine LE PEN,True
12364,2022,Marine LE PEN,Marine LE PEN,True
12365,2022,Emmanuel MACRON,Emmanuel MACRON,True
12366,2022,Emmanuel MACRON,François FILLON,False
12367,2022,Emmanuel MACRON,Emmanuel MACRON,True
12368,2022,Emmanuel MACRON,François FILLON,False
12369,2022,Marine LE PEN,Marine LE PEN,True
12370,2022,Emmanuel MACRON,François FILLON,False
12371,2022,Marine LE PEN,Marine LE PEN,True
12372,2022,Marine LE PEN,Marine LE PEN,True
12373,2022,Marine LE PEN,Marine LE PEN,True
12374,2022,Marine LE PEN,Marine LE PEN,True
12375,2022,Marine LE PEN,Marine LE PEN,True
12376,2022,Emmanuel MACRON,François FILLON,False
12377,2022,Emmanuel MACRON,François FILLON,False
12378,2022,Emmanuel MACRON,François FILLON,False
12379,2022,Marine LE PEN,Marine LE PEN,True
12380,2022,Emmanuel MACRON,Emmanuel MACRON,True
12381,2022,Emmanuel MACRON,François FILLON,False
12382,2022,Jean-Luc MÉLENCHON,Emmanuel MACRON,False
12383,2022,Marine LE PEN,Marine LE PEN,True
12384,2022,Emmanuel MACRON,Emmanuel MACRON,True
12385,2022,Marine LE PEN,Marine LE PEN,True
12386,2022,Emmanuel MACRON,Emmanuel MACRON,True
12387,2022,Emmanuel MACRON,François FILLON,False
12388,2022,Emmanuel MACRON,François FILLON,False
12389,2022,Emmanuel MACRON,François FILLON,False
12390,2022,Emmanuel MACRON,Emmanuel MACRON,True
12391,2022,Emmanuel MACRON,Emmanuel MACRON,True
12392,2022,Jean-Luc MÉLENCHON,François FILLON,False
12393,2022,Emmanuel MACRON,Emmanuel MACRON,True
12394,2022,Marine LE PEN,Marine LE PEN,True
12395,2022,Jean-Luc MÉLENCHON,Emmanuel MACRON,False
12396,2022,Jean LASSALLE,François FILLON,False
12397,2022,Emmanuel MACRON,François FILLON,False
12398,2022,Emmanuel MACRON,François FILLON,False
12399,2022,Marine LE PEN,Marine LE PEN,True
12400,2022,Marine LE PEN,Marine LE PEN,True
12401,2022,Marine LE PEN,Marine LE PEN,True
12402,2022,Marine LE PEN,Marine LE PEN,True
12403,2022,Marine LE PEN,Marine LE PEN,True
12404,2022,Emmanuel MACRON,François FILLON,False
12405,2022,Emmanuel MACRON,Emmanuel MACRON,True
12406,2022,Jean-Luc MÉLENCHON,Emmanuel MACRON,False
12407,2022,Marine LE PEN,Marine LE PEN,True
12408,2022,Jean LASSALLE,Emmanuel MACRON,False
12409,2022,Marine LE PEN,Marine LE PEN,True
12410,2022,Marine LE PEN,Marine LE PEN,True
12411,2022,Marine LE PEN,Marine LE PEN,True
12412,2022,Emmanuel MACRON,François FILLON,False
12413,2022,Emmanuel MACRON,Emmanuel MACRON,True
12414,2022,Emmanuel MACRON,Jean-Luc MÉLENCHON,False
12415,2022,Jean-Luc MÉLENCHON,Jean-Luc MÉLENCHON,True
12416,2022,Marine LE PEN,Marine LE PEN,True
12417,2022,Jean-Luc MÉLENCHON,Emmanuel MACRON,False
12418,2022,Emmanuel MACRON,François FILLON,False
12419,2022,Emmanuel MACRON,Emmanuel MACRON,True
12420,2022,Marine LE PEN,Marine LE PEN,True
12421,2022,Emmanuel MACRON,François FILLON,False
12422,2022,Marine LE PEN,Marine LE PEN,True
12423,2022,Marine LE PEN,Marine LE PEN,True
12424,2022,Emmanuel MACRON,Emmanuel MACRON,True
12425,2022,Marine LE PEN,Marine LE PEN,True
12426,2022,Emmanuel MACRON,François FILLON,False
12427,2022,Emmanuel MACRON,Emmanuel MACRON,True
12428,2022,Emmanuel MACRON,François FILLON,False
12429,2022,Marine LE PEN,Marine LE PEN,True
12430,2022,Emmanuel MACRON,Jean-Luc MÉLENCHON,False
12431,2022,Marine LE PEN,Marine LE PEN,True
12432,2022,Marine LE PEN,Marine LE PEN,True
12433,2022,Jean-Luc MÉLENCHON,François FILLON,False
12434,2022,Emmanuel MACRON,François FILLON,False
12435,2022,Marine LE PEN,Marine LE PEN,True
12436,2022,Marine LE PEN,Marine LE PEN,True
12437,2022,Marine LE PEN,Marine LE PEN,True
12438,2022,Jean-Luc MÉLENCHON,François FILLON,False
12439,2022,Emmanuel MACRON,Emmanuel MACRON,True
12440,2022,Marine LE PEN,Marine LE PEN,True
12441,2022,Emmanuel MACRON,Emmanuel MACRON,True
12442,2022,Emmanuel MACRON,Jean-Luc MÉLENCHON,False
12443,2022,Jean-Luc MÉLENCHON,Emmanuel MACRON,False
12444,2022,Marine LE PEN,Marine LE PEN,True
12445,2022,Jean-Luc MÉLENCHON,François FILLON,False
12446,2022,Emmanuel MACRON,François FILLON,False
12447,2022,Marine LE PEN,Marine LE PEN,True
12448,2022,Marine LE PEN,Marine LE PEN,True
12449,2022,Jean-Luc MÉLENCHON,Emmanuel MACRON,False
12450,2022,Emmanuel MACRON,François FILLON,False
12451,2022,Marine LE PEN,Marine LE PEN,True
12452,2022,Emmanuel MACRON,Emmanuel MACRON,True
12453,2022,Marine LE PEN,Marine LE PEN,True
12454,2022,Emmanuel MACRON,Emmanuel MACRON,True
12455,2022,Marine LE PEN,Marine LE PEN,True
12456,2022,Emmanuel MACRON,François FILLON,False
12457,2022,Emmanuel MACRON,Emmanuel MACRON,True
12458,2022,Emmanuel MACRON,Emmanuel MACRON,True
12459,2022,Marine LE PEN,Marine LE PEN,True
12460,2022,Jean-Luc MÉLENCHON,François FILLON,False
12461,2022,Emmanuel MACRON,François FILLON,False
12462,2022,Emmanuel MACRON,Emmanuel MACRON,True
12463,2022,Emmanuel MACRON,François FILLON,False
12464,2022,Marine LE PEN,Marine LE PEN,True
12465,2022,Emmanuel MACRON,Jean-Luc MÉLENCHON,False
12466,2022,Marine LE PEN,Marine LE PEN,True
12467,2022,Marine LE PEN,Marine LE PEN,True
12468,2022,Emmanuel MACRON,Emmanuel MACRON,True
12469,2022,Marine LE PEN,Marine LE PEN,True
12470,2022,Emmanuel MACRON,Emmanuel MACRON,True
12471,2022,Emmanuel MACRON,Emmanuel MACRON,True
12472,2022,Emmanuel MACRON,François FILLON,False
12473,2022,Marine LE PEN,Marine LE PEN,True
12474,2022,Emmanuel MACRON,Emmanuel MACRON,True
12475,2022,Emmanuel MACRON,Emmanuel MACRON,True
12476,2022,Emmanuel MACRON,Emmanuel MACRON,True
12477,2022,Marine LE PEN,Marine LE PEN,True
12478,2022,Emmanuel MACRON,Emmanuel MACRON,True
12479,2022,Jean-Luc MÉLENCHON,François FILLON,False
12480,2022,Marine LE PEN,Marine LE PEN,True
12481,2022,Marine LE PEN,Marine LE PEN,True
12482,2022,Marine LE PEN,Marine LE PEN,True
12483,2022,Marine LE PEN,Marine LE PEN,True
12484,2022,Marine LE PEN,Marine LE PEN,True
12485,2022,Marine LE PEN,Marine LE PEN,True
12486,2022,Emmanuel MACRON,Emmanuel MACRON,True
12487,2022,Marine LE PEN,Marine LE PEN,True
12488,2022,Marine LE PEN,Marine LE PEN,True
12489,2022,Marine LE PEN,Marine LE PEN,True
12490,2022,Jean-Luc MÉLENCHON,Emmanuel MACRON,False
12491,2022,Marine LE PEN,Marine LE PEN,True
12492,2022,Marine LE PEN,Marine LE PEN,True
12493,2022,Emmanuel MACRON,Emmanuel MACRON,True
12494,2022,Marine LE PEN,Marine LE PEN,True
12495,2022,Jean-Luc MÉLENCHON,Emmanuel MACRON,False
12496,2022,Emmanuel MACRON,Emmanuel MACRON,True
12497,2022,Marine LE PEN,Marine LE PEN,True
12498,2022,Marine LE PEN,Marine LE PEN,True
12499,2022,Emmanuel MACRON,Emmanuel MACRON,True
12500,2022,Emmanuel MACRON,Emmanuel MACRON,True
12501,2022,Marine LE PEN,Marine LE PEN,True
12502,2022,Jean-Luc MÉLENCHON,Emmanuel MACRON,False
12503,2022,Jean-Luc MÉLENCHON,Emmanuel MACRON,False
12504,2022,Marine LE PEN,Marine LE PEN,True
12505,2022,Marine LE PEN,Marine LE PEN,True
12506,2022,Marine LE PEN,Marine LE PEN,True
12507,2022,Marine LE PEN,Marine LE PEN,True
12508,2022,Marine LE PEN,Marine LE PEN,True
12509,2022,Marine LE PEN,Marine LE PEN,True
12510,2022,Marine LE PEN,Marine LE PEN,True
12511,2022,Emmanuel MACRON,Emmanuel MACRON,True
12512,2022,Jean-Luc MÉLENCHON,Emmanuel MACRON,False
12513,2022,Marine LE PEN,Marine LE PEN,True
12514,2022,Marine LE PEN,Marine LE PEN,True
12515,2022,Marine LE PEN,Marine LE PEN,True
12516,2022,Marine LE PEN,Marine LE PEN,True
12517,2022,Marine LE PEN,Marine LE PEN,True
12518,2022,Emmanuel MACRON,Emmanuel MACRON,True
12519,2022,Marine LE PEN,Marine LE PEN,True
12520,2022,Marine LE PEN,Marine LE PEN,True
12521,2022,Marine LE PEN,Marine LE PEN,True
12522,2022,Marine LE PEN,Marine LE PEN,True
12523,2022,Emmanuel MACRON,Emmanuel MACRON,True
12524,2022,Marine LE PEN,Marine LE PEN,True
12525,2022,Emmanuel MACRON,Emmanuel MACRON,True
12526,2022,Emmanuel MACRON,François FILLON,False
12527,2022,Emmanuel MACRON,Emmanuel MACRON,True
12528,2022,Marine LE PEN,Marine LE PEN,True
12529,2022,Marine LE PEN,Marine LE PEN,True
12530,2022,Marine LE PEN,Marine LE PEN,True
12531,2022,Emmanuel MACRON,Emmanuel MACRON,True
12532,2022,Marine LE PEN,Marine LE PEN,True
12533,2022,Marine LE PEN,Marine LE PEN,True
12534,2022,Marine LE PEN,Marine LE PEN,True
12535,2022,Marine LE PEN,Marine LE PEN,True
12536,2022,Marine LE PEN,Marine LE PEN,True
12537,2022,Emmanuel MACRON,Emmanuel MACRON,True
12538,2022,Marine LE PEN,Marine LE PEN,True
12539,2022,Marine LE PEN,Marine LE PEN,True
12540,2022,Marine LE PEN,Marine LE PEN,True
12541,2022,Marine LE PEN,Marine LE PEN,True
12542,2022,Emmanuel MACRON,Emmanuel MACRON,True
12543,2022,Marine LE PEN,Marine LE PEN,True
12544,2022,Marine LE PEN,Marine LE PEN,True
12545,2022,Emmanuel MACRON,Emmanuel MACRON,True
12546,2022,Emmanuel MACRON,Emmanuel MACRON,True
12547,2022,Emmanuel MACRON,Emmanuel MACRON,True
12548,2022,Marine LE PEN,Marine LE PEN,True
12549,2022,Marine LE PEN,Marine LE PEN,True
12550,2022,Marine LE PEN,Marine LE PEN,True
12551,2022,Marine LE PEN,Marine LE PEN,True
12552,2022,Emmanuel MACRON,Emmanuel MACRON,True
12554,2022,Marine LE PEN,Marine LE PEN,True
12555,2022,Marine LE PEN,Marine LE PEN,True
12556,2022,Marine LE PEN,Marine LE PEN,True
12557,2022,Emmanuel MACRON,Emmanuel MACRON,True
12558,2022,Emmanuel MACRON,Emmanuel MACRON,True
12559,2022,Marine LE PEN,Marine LE PEN,True
12560,2022,Emmanuel MACRON,Emmanuel MACRON,True
12561,2022,Marine LE PEN,Marine LE PEN,True
12562,2022,Marine LE PEN,Marine LE PEN,True
12563,2022,Emmanuel MACRON,Emmanuel MACRON,True
12564,2022,Emmanuel MACRON,Emmanuel MACRON,True
12565,2022,Marine LE PEN,Marine LE PEN,True
12566,2022,Marine LE PEN,Marine LE PEN,True
12567,2022,Marine LE PEN,Marine LE PEN,True
12568,2022,Marine LE PEN,Marine LE PEN,True
12569,2022,Emmanuel MACRON,Emmanuel MACRON,True
12570,2022,Marine LE PEN,Marine LE PEN,True
12571,2022,Emmanuel MACRON,Emmanuel MACRON,True
12572,2022,Marine LE PEN,Marine LE PEN,True
12573,2022,Marine LE PEN,Marine LE PEN,True
12574,2022,Marine LE PEN,Marine LE PEN,True
12575,2022,Marine LE PEN,Marine LE PEN,True
12576,2022,Emmanuel MACRON,Emmanuel MACRON,True
12577,2022,Emmanuel MACRON,Emmanuel MACRON,True
12578,2022,Jean-Luc MÉLENCHON,Jean-Luc MÉLENCHON,True
12579,2022,Marine LE PEN,Marine LE PEN,True
12580,2022,Marine LE PEN,Marine LE PEN,True
12581,2022,Emmanuel MACRON,Emmanuel MACRON,True
12582,2022,Marine LE PEN,Marine LE PEN,True
12583,2022,Marine LE PEN,Marine LE PEN,True
12584,2022,Marine LE PEN,Marine LE PEN,True
12585,2022,Marine LE PEN,Marine LE PEN,True
12586,2022,Marine LE PEN,Marine LE PEN,True
12587,2022,Marine LE PEN,Marine LE PEN,True
12588,2022,Marine LE PEN,Marine LE PEN,True
12589,2022,Emmanuel MACRON,Jean-Luc MÉLENCHON,False
12590,2022,Emmanuel MACRON,Emmanuel MACRON,True
12591,2022,Marine LE PEN,Marine LE PEN,True
12592,2022,Emmanuel MACRON,François FILLON,False
12593,2022,Marine LE PEN,Marine LE PEN,True
12594,2022,Jean-Luc MÉLENCHON,Jean-Luc MÉLENCHON,True
12595,2022,Marine LE PEN,Marine LE PEN,True
12596,2022,Marine LE PEN,Marine LE PEN,True
12597,2022,Marine LE PEN,Marine LE PEN,True
12598,2022,Marine LE PEN,Marine LE PEN,True
12599,2022,Marine LE PEN,Marine LE PEN,True
12600,2022,Emmanuel MACRON,Emmanuel MACRON,True
12601,2022,Marine LE PEN,Marine LE PEN,True
12602,2022,Marine LE PEN,Marine LE PEN,True
12603,2022,Marine LE PEN,Marine LE PEN,True
12604,2022,Marine LE PEN,Marine LE PEN,True
12605,2022,Marine LE PEN,Marine LE PEN,True
12606,2022,Marine LE PEN,Marine LE PEN,True
12607,2022,Marine LE PEN,Marine LE PEN,True
12608,2022,Marine LE PEN,Marine LE PEN,True
12609,2022,Emmanuel MACRON,François FILLON,False
12610,2022,Marine LE PEN,Marine LE PEN,True
12611,2022,Emmanuel MACRON,François FILLON,False
12612,2022,Marine LE PEN,Marine LE PEN,True
12613,2022,Marine LE PEN,Marine LE PEN,True
12614,2022,Marine LE PEN,Marine LE PEN,True
12615,2022,Marine LE PEN,Marine LE PEN,True
12616,2022,Marine LE PEN,Marine LE PEN,True
12617,2022,Marine LE PEN,Marine LE PEN,True
12618,2022,Marine LE PEN,Marine LE PEN,True
12619,2022,Emmanuel MACRON,Emmanuel MACRON,True
12620,2022,Marine LE PEN,Marine LE PEN,True
12621,2022,Emmanuel MACRON,Emmanuel MACRON,True
12622,2022,Marine LE PEN,Marine LE PEN,True
12623,2022,Emmanuel MACRON,Emmanuel MACRON,True
12624,2022,Emmanuel MACRON,Emmanuel MACRON,True
12625,2022,Marine LE PEN,Marine LE PEN,True
12626,2022,Jean-Luc MÉLENCHON,Jean-Luc MÉLENCHON,True
12627,2022,Marine LE PEN,Marine LE PEN,True
12628,2022,Jean-Luc MÉLENCHON,Emmanuel MACRON,False
12629,2022,Marine LE PEN,Marine LE PEN,True
12630,2022,Marine LE PEN,Marine LE PEN,True
12631,2022,Marine LE PEN,Marine LE PEN,True
12632,2022,Marine LE PEN,Marine LE PEN,True
12633,2022,Emmanuel MACRON,François FILLON,False
12634,2022,Marine LE PEN,Marine LE PEN,True
12635,2022,Marine LE PEN,Marine LE PEN,True
12636,2022,Marine LE PEN,Marine LE PEN,True
12637,2022,Marine LE PEN,Marine LE PEN,True
12638,2022,Marine LE PEN,Marine LE PEN,True
12639,2022,Marine LE PEN,Marine LE PEN,True
12640,2022,Marine LE PEN,Marine LE PEN,True
12641,2022,Marine LE PEN,Marine LE PEN,True
12642,2022,Marine LE PEN,Marine LE PEN,True
12643,2022,Marine LE PEN,Marine LE PEN,True
12644,2022,Marine LE PEN,Marine LE PEN,True
12645,2022,Marine LE PEN,Marine LE PEN,True
12646,2022,Marine LE PEN,Marine LE PEN,True
12647,2022,Marine LE PEN,Marine LE PEN,True
12648,2022,Marine LE PEN,Marine LE PEN,True
12649,2022,Emmanuel MACRON,Emmanuel MACRON,True
12650,2022,Marine LE PEN,Marine LE PEN,True
12651,2022,Emmanuel MACRON,Emmanuel MACRON,True
12652,2022,Marine LE PEN,Marine LE PEN,True
12653,2022,Emmanuel MACRON,Emmanuel MACRON,True
12654,2022,Emmanuel MACRON,Jean-Luc MÉLENCHON,False
12655,2022,Marine LE PEN,Marine LE PEN,True
12656,2022,Marine LE PEN,Marine LE PEN,True
12657,2022,Marine LE PEN,Marine LE PEN,True
12658,2022,Emmanuel MACRON,Emmanuel MACRON,True
12659,2022,Emmanuel MACRON,Emmanuel MACRON,True
12660,2022,Marine LE PEN,Marine LE PEN,True
12661,2022,Marine LE PEN,Marine LE PEN,True
12662,2022,Emmanuel MACRON,Emmanuel MACRON,True
12663,2022,Marine LE PEN,Marine LE PEN,True
12664,2022,Marine LE PEN,Marine LE PEN,True
12665,2022,Jean-Luc MÉLENCHON,François FILLON,False
12666,2022,Marine LE PEN,Marine LE PEN,True
12667,2022,Marine LE PEN,Marine LE PEN,True
12668,2022,Marine LE PEN,Marine LE PEN,True
12669,2022,Emmanuel MACRON,Jean-Luc MÉLENCHON,False
12670,2022,Marine LE PEN,Marine LE PEN,True
12671,2022,Marine LE PEN,Marine LE PEN,True
12672,2022,Emmanuel MACRON,Emmanuel MACRON,True
12673,2022,Emmanuel MACRON,Emmanuel MACRON,True
12674,2022,Emmanuel MACRON,François FILLON,False
12675,2022,Emmanuel MACRON,Emmanuel MACRON,True
12676,2022,Marine LE PEN,Marine LE PEN,True
12677,2022,Marine LE PEN,Marine LE PEN,True
12678,2022,Marine LE PEN,Marine LE PEN,True
12679,2022,Marine LE PEN,Marine LE PEN,True
12680,2022,Marine LE PEN,Marine LE PEN,True
12681,2022,Emmanuel MACRON,Emmanuel MACRON,True
12682,2022,Emmanuel MACRON,François FILLON,False
12683,2022,Marine LE PEN,Marine LE PEN,True
12684,2022,Jean-Luc MÉLENCHON,Emmanuel MACRON,False
12685,2022,Emmanuel MACRON,Emmanuel MACRON,True
12686,2022,Marine LE PEN,Marine LE PEN,True
12687,2022,Emmanuel MACRON,François FILLON,False
12688,2022,Marine LE PEN,Marine LE PEN,True
12689,2022,Marine LE PEN,Marine LE PEN,True
12690,2022,Jean-Luc MÉLENCHON,François FILLON,False
12691,2022,Marine LE PEN,Marine LE PEN,True
12692,2022,Emmanuel MACRON,François FILLON,False
12693,2022,Emmanuel MACRON,François FILLON,False
12694,2022,Emmanuel MACRON,Emmanuel MACRON,True
12695,2022,Marine LE PEN,Marine LE PEN,True
12696,2022,Emmanuel MACRON,Emmanuel MACRON,True
12697,2022,Marine LE PEN,Marine LE PEN,True
12698,2022,Marine LE PEN,Marine LE PEN,True
12699,2022,Jean-Luc MÉLENCHON,François FILLON,False
12700,2022,Marine LE PEN,Marine LE PEN,True
12701,2022,Emmanuel MACRON,Jean-Luc MÉLENCHON,False
12702,2022,Emmanuel MACRON,Emmanuel MACRON,True
12703,2022,Emmanuel MACRON,Emmanuel MACRON,True
12704,2022,Marine LE PEN,Marine LE PEN,True
12705,2022,Marine LE PEN,Marine LE PEN,True
12706,2022,Marine LE PEN,Marine LE PEN,True
12707,2022,Jean-Luc MÉLENCHON,Jean-Luc MÉLENCHON,True
12708,2022,Marine LE PEN,Marine LE PEN,True
12709,2022,Marine LE PEN,Marine LE PEN,True
12710,2022,Marine LE PEN,Marine LE PEN,True
12711,2022,Jean-Luc MÉLENCHON,François FILLON,False
12712,2022,Marine LE PEN,Marine LE PEN,True
12713,2022,Marine LE PEN,Marine LE PEN,True
12714,2022,Marine LE PEN,Marine LE PEN,True
12715,2022,Marine LE PEN,Marine LE PEN,True
12716,2022,Marine LE PEN,Marine LE PEN,True
12717,2022,Marine LE PEN,Marine LE PEN,True
12718,2022,Marine LE PEN,Marine LE PEN,True
12719,2022,Marine LE PEN,Marine LE PEN,True
12720,2022,Marine LE PEN,Marine LE PEN,True
12721,2022,Marine LE PEN,Marine LE PEN,True
12722,2022,Marine LE PEN,Marine LE PEN,True
12723,2022,Marine LE PEN,Marine LE PEN,True
12725,2022,Marine LE PEN,Marine LE PEN,True
12726,2022,Marine LE PEN,Marine LE PEN,True
12727,2022,Marine LE PEN,Marine LE PEN,True
12728,2022,Marine LE PEN,Marine LE PEN,True
12729,2022,Marine LE PEN,Marine LE PEN,True
12730,2022,Emmanuel MACRON,Emmanuel MACRON,True
12731,2022,Emmanuel MACRON,Emmanuel MACRON,True
12732,2022,Marine LE PEN,Marine LE PEN,True
12733,2022,Marine LE PEN,Marine LE PEN,True
12734,2022,Marine LE PEN,Marine LE PEN,True
12735,2022,Marine LE PEN,Marine LE PEN,True
12736,2022,Emmanuel MACRON,Emmanuel MACRON,True
12737,2022,Marine LE PEN,Marine LE PEN,True
12738,2022,Emmanuel MACRON,Emmanuel MACRON,True
12739,2022,Marine LE PEN,Marine LE PEN,True
12740,2022,Marine LE PEN,Marine LE PEN,True
12741,2022,Marine LE PEN,Marine LE PEN,True
12742,2022,Marine LE PEN,Marine LE PEN,True
12743,2022,Marine LE PEN,Marine LE PEN,True
12744,2022,Marine LE PEN,Marine LE PEN,True
12745,2022,Emmanuel MACRON,François FILLON,False
12746,2022,Emmanuel MACRON,Emmanuel MACRON,True
12747,2022,Marine LE PEN,Marine LE PEN,True
12748,2022,Marine LE PEN,Marine LE PEN,True
12749,2022,Emmanuel MACRON,Emmanuel MACRON,True
12750,2022,Marine LE PEN,Marine LE PEN,True
12751,2022,Jean-Luc MÉLENCHON,François FILLON,False
12752,2022,Marine LE PEN,Marine LE PEN,True
12753,2022,Marine LE PEN,Marine LE PEN,True
12754,2022,Emmanuel MACRON,Emmanuel MACRON,True
12755,2022,Marine LE PEN,Marine LE PEN,True
12756,2022,Marine LE PEN,Marine LE PEN,True
12757,2022,Marine LE PEN,Marine LE PEN,True
12758,2022,Emmanuel MACRON,François FILLON,False
12759,2022,Marine LE PEN,Marine LE PEN,True
12760,2022,Marine LE PEN,Marine LE PEN,True
12761,2022,Marine LE PEN,Marine LE PEN,True
12762,2022,Marine LE PEN,Marine LE PEN,True
12763,2022,Marine LE PEN,Marine LE PEN,True
12764,2022,Marine LE PEN,Marine LE PEN,True
12765,2022,Marine LE PEN,Marine LE PEN,True
12766,2022,Jean-Luc MÉLENCHON,Jean-Luc MÉLENCHON,True
12767,2022,Jean-Luc MÉLENCHON,Emmanuel MACRON,False
12768,2022,Emmanuel MACRON,Emmanuel MACRON,True
12769,2022,Marine LE PEN,Marine LE PEN,True
12770,2022,Marine LE PEN,Marine LE PEN,True
12771,2022,Marine LE PEN,Marine LE PEN,True
12772,2022,Marine LE PEN,Marine LE PEN,True
12773,2022,Emmanuel MACRON,Emmanuel MACRON,True
12774,2022,Marine LE PEN,Marine LE PEN,True
12775,2022,Marine LE PEN,Marine LE PEN,True
12776,2022,Marine LE PEN,Marine LE PEN,True
12777,2022,Emmanuel MACRON,Emmanuel MACRON,True
12778,2022,Marine LE PEN,Marine LE PEN,True
12779,2022,Marine LE PEN,Marine LE PEN,True
12780,2022,Emmanuel MACRON,Emmanuel MACRON,True
12781,2022,Marine LE PEN,Marine LE PEN,True
12782,2022,Marine LE PEN,Marine LE PEN,True
12783,2022,Marine LE PEN,Marine LE PEN,True
12784,2022,Marine LE PEN,Marine LE PEN,True
12785,2022,Emmanuel MACRON,Emmanuel MACRON,True
12786,2022,Marine LE PEN,Marine LE PEN,True
12787,2022,Marine LE PEN,Marine LE PEN,True
12788,2022,Marine LE PEN,Marine LE PEN,True
12789,2022,Emmanuel MACRON,François FILLON,False
12790,2022,Marine LE PEN,Marine LE PEN,True
12791,2022,Jean-Luc MÉLENCHON,François FILLON,False
12792,2022,Emmanuel MACRON,François FILLON,False
12794,2022,Marine LE PEN,Marine LE PEN,True
12795,2022,Marine LE PEN,Marine LE PEN,True
12796,2022,Emmanuel MACRON,François FILLON,False
12797,2022,Marine LE PEN,Marine LE PEN,True
12798,2022,Emmanuel MACRON,François FILLON,False
12799,2022,Marine LE PEN,Marine LE PEN,True
12800,2022,Marine LE PEN,Marine LE PEN,True
12801,2022,Marine LE PEN,Marine LE PEN,True
12802,2022,Marine LE PEN,Marine LE PEN,True
12803,2022,Emmanuel MACRON,Emmanuel MACRON,True
12804,2022,Marine LE PEN,Marine LE PEN,True
12805,2022,Marine LE PEN,Marine LE PEN,True
12806,2022,Marine LE PEN,Marine LE PEN,True
12807,2022,Emmanuel MACRON,François FILLON,False
12808,2022,Marine LE PEN,Marine LE PEN,True
12809,2022,Jean-Luc MÉLENCHON,Emmanuel MACRON,False
12810,2022,Marine LE PEN,Marine LE PEN,True
12811,2022,Emmanuel MACRON,Emmanuel MACRON,True
12812,2022,Marine LE PEN,Marine LE PEN,True
12813,2022,Marine LE PEN,Marine LE PEN,True
12814,2022,Marine LE PEN,Marine LE PEN,True
12815,2022,Marine LE PEN,Marine LE PEN,True
12816,2022,Marine LE PEN,Marine LE PEN,True
12817,2022,Emmanuel MACRON,Emmanuel MACRON,True
12818,2022,Marine LE PEN,Marine LE PEN,True
12819,2022,Emmanuel MACRON,François FILLON,False
12820,2022,Marine LE PEN,Marine LE PEN,True
12821,2022,Marine LE PEN,Marine LE PEN,True
12822,2022,Marine LE PEN,Marine LE PEN,True
12823,2022,Marine LE PEN,Marine LE PEN,True
12824,2022,Marine LE PEN,Marine LE PEN,True
12825,2022,Marine LE PEN,Marine LE PEN,True
12826,2022,Marine LE PEN,Marine LE PEN,True
12827,2022,Marine LE PEN,Marine LE PEN,True
12828,2022,Emmanuel MACRON,Emmanuel MACRON,True
12829,2022,Emmanuel MACRON,François FILLON,False
12830,2022,Marine LE PEN,Marine LE PEN,True
12831,2022,Marine LE PEN,Marine LE PEN,True
12832,2022,Marine LE PEN,Marine LE PEN,True
12833,2022,Emmanuel MACRON,Emmanuel MACRON,True
12834,2022,Marine LE PEN,Marine LE PEN,True
12835,2022,Marine LE PEN,Marine LE PEN,True
12836,2022,Emmanuel MACRON,François FILLON,False
12837,2022,Marine LE PEN,Marine LE PEN,True
12838,2022,Marine LE PEN,Marine LE PEN,True
12839,2022,Marine LE PEN,Marine LE PEN,True
12840,2022,Marine LE PEN,Marine LE PEN,True
12841,2022,Marine LE PEN,Marine LE PEN,True
12842,2022,Marine LE PEN,Marine LE PEN,True
12843,2022,Emmanuel MACRON,François FILLON,False
12844,2022,Marine LE PEN,Marine LE PEN,True
12845,2022,Marine LE PEN,Marine LE PEN,True
12846,2022,Emmanuel MACRON,Emmanuel MACRON,True
12847,2022,Marine LE PEN,Marine LE PEN,True
12848,2022,Marine LE PEN,Marine LE PEN,True
12849,2022,Marine LE PEN,Marine LE PEN,True
12850,2022,Marine LE PEN,Marine LE PEN,True
12851,2022,Marine LE PEN,Marine LE PEN,True
12852,2022,Marine LE PEN,Marine LE PEN,True
12853,2022,Marine LE PEN,Marine LE PEN,True
12854,2022,Jean-Luc MÉLENCHON,François FILLON,False
12855,2022,Emmanuel MACRON,François FILLON,False
12856,2022,Emmanuel MACRON,François FILLON,False
12857,2022,Emmanuel MACRON,François FILLON,False
12858,2022,Marine LE PEN,Marine LE PEN,True
12859,2022,Marine LE PEN,Marine LE PEN,True
12860,2022,Emmanuel MACRON,François FILLON,False
12861,2022,Marine LE PEN,Marine LE PEN,True
12862,2022,Marine LE PEN,Marine LE PEN,True
12863,2022,Marine LE PEN,Marine LE PEN,True
12864,2022,Emmanuel MACRON,Emmanuel MACRON,True
12865,2022,Marine LE PEN,Marine LE PEN,True
12866,2022,Marine LE PEN,Marine LE PEN,True
12867,2022,Marine LE PEN,Marine LE PEN,True
12868,2022,Marine LE PEN,Marine LE PEN,True
12869,2022,Marine LE PEN,Marine LE PEN,True
12870,2022,Emmanuel MACRON,François FILLON,False
12871,2022,Marine LE PEN,Marine LE PEN,True
12872,2022,Marine LE PEN,Marine LE PEN,True
12873,2022,Emmanuel MACRON,Emmanuel MACRON,True
12874,2022,Marine LE PEN,Marine LE PEN,True
12875,2022,Marine LE PEN,Marine LE PEN,True
12876,2022,Marine LE PEN,Marine LE PEN,True
12877,2022,Emmanuel MACRON,François FILLON,False
12878,2022,Marine LE PEN,Marine LE PEN,True
12879,2022,Emmanuel MACRON,François FILLON,False
12880,2022,Marine LE PEN,Marine LE PEN,True
12881,2022,Emmanuel MACRON,François FILLON,False
12882,2022,Marine LE PEN,Marine LE PEN,True
12883,2022,Emmanuel MACRON,Emmanuel MACRON,True
12884,2022,Marine LE PEN,Marine LE PEN,True
12885,2022,Jean-Luc MÉLENCHON,Jean-Luc MÉLENCHON,True
12886,2022,Marine LE PEN,Marine LE PEN,True
12887,2022,Marine LE PEN,Marine LE PEN,True
12888,2022,Marine LE PEN,Marine LE PEN,True
12889,2022,Marine LE PEN,Marine LE PEN,True
12890,2022,Jean-Luc MÉLENCHON,François FILLON,False
12891,2022,Marine LE PEN,Marine LE PEN,True
12892,2022,Marine LE PEN,Marine LE PEN,True
12893,2022,Emmanuel MACRON,François FILLON,False
12894,2022,Marine LE PEN,Marine LE PEN,True
12895,2022,Marine LE PEN,Marine LE PEN,True
12896,2022,Marine LE PEN,Marine LE PEN,True
12897,2022,Marine LE PEN,Marine LE PEN,True
12898,2022,Emmanuel MACRON,Emmanuel MACRON,True
12899,2022,Emmanuel MACRON,Emmanuel MACRON,True
12900,2022,Marine LE PEN,Marine LE PEN,True
12901,2022,Marine LE PEN,Marine LE PEN,True
12902,2022,Emmanuel MACRON,François FILLON,False
12903,2022,Marine LE PEN,Marine LE PEN,True
12904,2022,Emmanuel MACRON,Emmanuel MACRON,True
12905,2022,Marine LE PEN,Marine LE PEN,True
12906,2022,Emmanuel MACRON,Jean-Luc MÉLENCHON,False
12907,2022,Marine LE PEN,Marine LE PEN,True
12908,2022,Marine LE PEN,Marine LE PEN,True
12909,2022,Marine LE PEN,Marine LE PEN,True
12910,2022,Marine LE PEN,Marine LE PEN,True
12911,2022,Marine LE PEN,Marine LE PEN,True
12912,2022,Jean-Luc MÉLENCHON,Jean-Luc MÉLENCHON,True
12913,2022,Marine LE PEN,Marine LE PEN,True
12914,2022,Marine LE PEN,Marine LE PEN,True
12915,2022,Marine LE PEN,Marine LE PEN,True
12916,2022,Marine LE PEN,Marine LE PEN,True
12917,2022,Marine LE PEN,Marine LE PEN,True
12918,2022,Marine LE PEN,Marine LE PEN,True
12919,2022,Marine LE PEN,Marine LE PEN,True
12920,2022,Marine LE PEN,Marine LE PEN,True
12921,2022,Marine LE PEN,Marine LE PEN,True
12922,2022,Emmanuel MACRON,Emmanuel MACRON,True
12923,2022,Marine LE PEN,Marine LE PEN,True
12924,2022,Marine LE PEN,Marine LE PEN,True
12925,2022,Marine LE PEN,Marine LE PEN,True
12926,2022,Marine LE PEN,Marine LE PEN,True
12927,2022,Marine LE PEN,Marine LE PEN,True
12928,2022,Marine LE PEN,Marine LE PEN,True
12929,2022,Marine LE PEN,Marine LE PEN,True
12930,2022,Marine LE PEN,Marine LE PEN,True
12931,2022,Emmanuel MACRON,Emmanuel MACRON,True
12932,2022,Marine LE PEN,Marine LE PEN,True
12933,2022,Marine LE PEN,Marine LE PEN,True
12934,2022,Marine LE PEN,Marine LE PEN,True
12935,2022,Marine LE PEN,Marine LE PEN,True
12936,2022,Emmanuel MACRON,François FILLON,False
12937,2022,Marine LE PEN,Marine LE PEN,True
12938,2022,Marine LE PEN,Marine LE PEN,True
12939,2022,Marine LE PEN,Marine LE PEN,True
12940,2022,Marine LE PEN,Marine LE PEN,True
12941,2022,Marine LE PEN,Marine LE PEN,True
12942,2022,Emmanuel MACRON,Emmanuel MACRON,True
12943,2022,Emmanuel MACRON,Emmanuel MACRON,True
12944,2022,Marine LE PEN,Marine LE PEN,True
12945,2022,Marine LE PEN,Marine LE PEN,True
12946,2022,Marine LE PEN,Marine LE PEN,True
12947,2022,Emmanuel MACRON,Emmanuel MACRON,True
12948,2022,Marine LE PEN,Marine LE PEN,True
12949,2022,Emmanuel MACRON,François FILLON,False
12950,2022,Marine LE PEN,Marine LE PEN,True
12951,2022,Marine LE PEN,Marine LE PEN,True
12952,2022,Marine LE PEN,Marine LE PEN,True
12953,2022,Jean-Luc MÉLENCHON,François FILLON,False
12954,2022,Marine LE PEN,Marine LE PEN,True
12955,2022,Marine LE PEN,Marine LE PEN,True
12956,2022,Marine LE PEN,Marine LE PEN,True
12957,2022,Marine LE PEN,Marine LE PEN,True
12958,2022,Marine LE PEN,Marine LE PEN,True
12959,2022,Emmanuel MACRON,François FILLON,False
12960,2022,Emmanuel MACRON,François FILLON,False
12961,2022,Marine LE PEN,Marine LE PEN,True
12962,2022,Marine LE PEN,Marine LE PEN,True
12963,2022,Marine LE PEN,Marine LE PEN,True
12964,2022,Jean-Luc MÉLENCHON,Emmanuel MACRON,False
12965,2022,Emmanuel MACRON,Emmanuel MACRON,True
12966,2022,Marine LE PEN,Marine LE PEN,True
12967,2022,Marine LE PEN,Marine LE PEN,True
12968,2022,Jean-Luc MÉLENCHON,Emmanuel MACRON,False
12969,2022,Marine LE PEN,Marine LE PEN,True
12970,2022,Emmanuel MACRON,François FILLON,False
12971,2022,Marine LE PEN,Marine LE PEN,True
12972,2022,Marine LE PEN,Marine LE PEN,True
12973,2022,Emmanuel MACRON,Emmanuel MACRON,True
12974,2022,Marine LE PEN,Marine LE PEN,True
12975,2022,Emmanuel MACRON,François FILLON,False
12976,2022,Marine LE PEN,Marine LE PEN,True
12977,2022,Marine LE PEN,Marine LE PEN,True
12978,2022,Marine LE PEN,Marine LE PEN,True
12979,2022,Marine LE PEN,Marine LE PEN,True
12980,2022,Jean-Luc MÉLENCHON,François FILLON,False
12981,2022,Emmanuel MACRON,Emmanuel MACRON,True
12982,2022,Marine LE PEN,Marine LE PEN,True
12983,2022,Jean-Luc MÉLENCHON,Emmanuel MACRON,False
12984,2022,Marine LE PEN,Marine LE PEN,True
12985,2022,Marine LE PEN,Marine LE PEN,True
12986,2022,Marine LE PEN,Marine LE PEN,True
12987,2022,Marine LE PEN,Marine LE PEN,True
12988,2022,Marine LE PEN,Marine LE PEN,True
12989,2022,Jean-Luc MÉLENCHON,François FILLON,False
12990,2022,Marine LE PEN,Marine LE PEN,True
12991,2022,Marine LE PEN,Marine LE PEN,True
12992,2022,Emmanuel MACRON,François FILLON,False
12993,2022,Jean-Luc MÉLENCHON,Emmanuel MACRON,False
12994,2022,Marine LE PEN,Marine LE PEN,True
12995,2022,Emmanuel MACRON,Emmanuel MACRON,True
12996,2022,Emmanuel MACRON,Emmanuel MACRON,True
12997,2022,Marine LE PEN,Marine LE PEN,True
12998,2022,Marine LE PEN,Marine LE PEN,True
12999,2022,Marine LE PEN,Marine LE PEN,True
13000,2022,Emmanuel MACRON,Emmanuel MACRON,True
13001,2022,Marine LE PEN,Marine LE PEN,True
13002,2022,Marine LE PEN,Marine LE PEN,True
13003,2022,Marine LE PEN,Marine LE PEN,True
13004,2022,Marine LE PEN,Marine LE PEN,True
13005,2022,Jean-Luc MÉLENCHON,François FILLON,False
13006,2022,Jean-Luc MÉLENCHON,François FILLON,False
13007,2022,Marine LE PEN,Marine LE PEN,True
13008,2022,Marine LE PEN,Marine LE PEN,True
13009,2022,Marine LE PEN,Marine LE PEN,True
13010,2022,Marine LE PEN,Marine LE PEN,True
13011,2022,Jean-Luc MÉLENCHON,François FILLON,False
13012,2022,Jean-Luc MÉLENCHON,François FILLON,False
13013,2022,Jean-Luc MÉLENCHON,Emmanuel MACRON,False
13014,2022,Marine LE PEN,Marine LE PEN,True
13015,2022,Emmanuel MACRON,Emmanuel MACRON,True
13016,2022,Marine LE PEN,Marine LE PEN,True
13017,2022,Jean-Luc MÉLENCHON,Emmanuel MACRON,False
13018,2022,Marine LE PEN,Marine LE PEN,True
13019,2022,Marine LE PEN,Marine LE PEN,True
13020,2022,Marine LE PEN,Marine LE PEN,True
13021,2022,Jean-Luc MÉLENCHON,François FILLON,False
13022,2022,Marine LE PEN,Marine LE PEN,True
13023,2022,Emmanuel MACRON,Emmanuel MACRON,True
13024,2022,Marine LE PEN,Marine LE PEN,True
13025,2022,Marine LE PEN,Marine LE PEN,True
13026,2022,Marine LE PEN,Marine LE PEN,True
13027,2022,Marine LE PEN,Marine LE PEN,True
13028,2022,Emmanuel MACRON,Emmanuel MACRON,True
13029,2022,Marine LE PEN,Marine LE PEN,True
13030,2022,Marine LE PEN,Marine LE PEN,True
13031,2022,Marine LE PEN,Marine LE PEN,True
13032,2022,Marine LE PEN,Marine LE PEN,True
13033,2022,Marine LE PEN,Marine LE PEN,True
13034,2022,Emmanuel MACRON,Emmanuel MACRON,True
13035,2022,Marine LE PEN,Marine LE PEN,True
13036,2022,Jean-Luc MÉLENCHON,Emmanuel MACRON,False
13037,2022,Marine LE PEN,Marine LE PEN,True
13038,2022,Marine LE PEN,Marine LE PEN,True
13039,2022,Marine LE PEN,Marine LE PEN,True
13040,2022,Marine LE PEN,Marine LE PEN,True
13041,2022,Jean-Luc MÉLENCHON,François FILLON,False
13042,2022,Marine LE PEN,Marine LE PEN,True
13043,2022,Jean-Luc MÉLENCHON,Emmanuel MACRON,False
13044,2022,Emmanuel MACRON,François FILLON,False
13045,2022,Marine LE PEN,Marine LE PEN,True
13046,2022,Jean-Luc MÉLENCHON,François FILLON,False
13047,2022,Emmanuel MACRON,François FILLON,False
13048,2022,Marine LE PEN,Marine LE PEN,True
13049,2022,Marine LE PEN,Marine LE PEN,True
13050,2022,Marine LE PEN,Marine LE PEN,True
13051,2022,Marine LE PEN,Marine LE PEN,True
13052,2022,Marine LE PEN,Marine LE PEN,True
13053,2022,Marine LE PEN,Marine LE PEN,True
13054,2022,Marine LE PEN,Marine LE PEN,True
13055,2022,Jean-Luc MÉLENCHON,François FILLON,False
13056,2022,Marine LE PEN,Marine LE PEN,True
13057,2022,Marine LE PEN,Marine LE PEN,True
13058,2022,Emmanuel MACRON,Emmanuel MACRON,True
13059,2022,Emmanuel MACRON,Emmanuel MACRON,True
13060,2022,Jean-Luc MÉLENCHON,François FILLON,False
13061,2022,Jean-Luc MÉLENCHON,Emmanuel MACRON,False
13062,2022,Marine LE PEN,Marine LE PEN,True
13063,2022,Marine LE PEN,Marine LE PEN,True
13064,2022,Marine LE PEN,Marine LE PEN,True
13065,2022,Marine LE PEN,Marine LE PEN,True
13066,2022,Marine LE PEN,Marine LE PEN,True
13067,2022,Emmanuel MACRON,François FILLON,False
13068,2022,Marine LE PEN,Marine LE PEN,True
13069,2022,Jean-Luc MÉLENCHON,Emmanuel MACRON,False
13070,2022,Marine LE PEN,Marine LE PEN,True
13071,2022,Marine LE PEN,Marine LE PEN,True
13072,2022,Jean-Luc MÉLENCHON,François FILLON,False
13073,2022,Jean-Luc MÉLENCHON,François FILLON,False
13074,2022,Marine LE PEN,Marine LE PEN,True
13075,2022,Marine LE PEN,Marine LE PEN,True
13076,2022,Marine LE PEN,Marine LE PEN,True
13077,2022,Jean-Luc MÉLENCHON,Emmanuel MACRON,False
13078,2022,Emmanuel MACRON,Emmanuel MACRON,True
13079,2022,Jean-Luc MÉLENCHON,Emmanuel MACRON,False
13080,2022,Marine LE PEN,Marine LE PEN,True
13081,2022,Jean-Luc MÉLENCHON,Jean-Luc MÉLENCHON,True
13082,2022,Marine LE PEN,Marine LE PEN,True
13083,2022,Emmanuel MACRON,Emmanuel MACRON,True
13084,2022,Marine LE PEN,Marine LE PEN,True
13085,2022,Marine LE PEN,Marine LE PEN,True
13086,2022,Marine LE PEN,Marine LE PEN,True
13087,2022,Marine LE PEN,Marine LE PEN,True
13088,2022,Marine LE PEN,Marine LE PEN,True
13089,2022,Marine LE PEN,Marine LE PEN,True
13090,2022,Marine LE PEN,Marine LE PEN,True
13091,2022,Emmanuel MACRON,Emmanuel MACRON,True
13092,2022,Emmanuel MACRON,François FILLON,False
13093,2022,Marine LE PEN,Marine LE PEN,True
13094,2022,Jean-Luc MÉLENCHON,François FILLON,False
13095,2022,Marine LE PEN,Marine LE PEN,True
13096,2022,Marine LE PEN,Marine LE PEN,True
13097,2022,Marine LE PEN,Marine LE PEN,True
13098,2022,Jean-Luc MÉLENCHON,François FILLON,False
13099,2022,Jean-Luc MÉLENCHON,François FILLON,False
13100,2022,Marine LE PEN,Marine LE PEN,True
13101,2022,Emmanuel MACRON,François FILLON,False
13102,2022,Marine LE PEN,Marine LE PEN,True
13103,2022,Emmanuel MACRON,Emmanuel MACRON,True
13104,2022,Marine LE PEN,Marine LE PEN,True
13105,2022,Marine LE PEN,Marine LE PEN,True
13106,2022,Marine LE PEN,Marine LE PEN,True
13107,2022,Jean-Luc MÉLENCHON,François FILLON,False
13108,2022,Jean-Luc MÉLENCHON,François FILLON,False
13109,2022,Marine LE PEN,Marine LE PEN,True
13110,2022,Marine LE PEN,Marine LE PEN,True
13111,2022,Marine LE PEN,Marine LE PEN,True
13112,2022,Jean-Luc MÉLENCHON,Jean-Luc MÉLENCHON,True
13113,2022,Emmanuel MACRON,François FILLON,False
13114,2022,Marine LE PEN,Marine LE PEN,True
13115,2022,Jean-Luc MÉLENCHON,Jean-Luc MÉLENCHON,True
13116,2022,Jean-Luc MÉLENCHON,François FILLON,False
13117,2022,Jean-Luc MÉLENCHON,Emmanuel MACRON,False
13118,2022,Marine LE PEN,Marine LE PEN,True
13119,2022,Emmanuel MACRON,Emmanuel MACRON,True
13120,2022,Marine LE PEN,Marine LE PEN,True
13121,2022,Emmanuel MACRON,Emmanuel MACRON,True
13122,2022,Jean-Luc MÉLENCHON,François FILLON,False
13123,2022,Marine LE PEN,Marine LE PEN,True
13124,2022,Jean-Luc MÉLENCHON,Emmanuel MACRON,False
13125,2022,Emmanuel MACRON,Emmanuel MACRON,True
13126,2022,Marine LE PEN,Marine LE PEN,True
13127,2022,Marine LE PEN,Marine LE PEN,True
13128,2022,Marine LE PEN,Marine LE PEN,True
13129,2022,Marine LE PEN,Marine LE PEN,True
13130,2022,Emmanuel MACRON,Emmanuel MACRON,True
13131,2022,Marine LE PEN,Marine LE PEN,True
13132,2022,Jean-Luc MÉLENCHON,François FILLON,False
13133,2022,Jean-Luc MÉLENCHON,François FILLON,False
13134,2022,Marine LE PEN,Marine LE PEN,True
13135,2022,Marine LE PEN,Marine LE PEN,True
13136,2022,Marine LE PEN,Marine LE PEN,True
13137,2022,Marine LE PEN,Marine LE PEN,True
13138,2022,Emmanuel MACRON,François FILLON,False
13139,2022,Jean-Luc MÉLENCHON,François FILLON,False
13140,2022,Marine LE PEN,Marine LE PEN,True
13141,2022,Marine LE PEN,Marine LE PEN,True
13142,2022,Emmanuel MACRON,Jean-Luc MÉLENCHON,False
13143,2022,Jean-Luc MÉLENCHON,Jean-Luc MÉLENCHON,True
13144,2022,Marine LE PEN,Marine LE PEN,True
13145,2022,Jean-Luc MÉLENCHON,Emmanuel MACRON,False
13146,2022,Marine LE PEN,Marine LE PEN,True
13147,2022,Marine LE PEN,Marine LE PEN,True
13148,2022,Marine LE PEN,Marine LE PEN,True
13149,2022,Marine LE PEN,Marine LE PEN,True
13150,2022,Marine LE PEN,Marine LE PEN,True
13151,2022,Marine LE PEN,Marine LE PEN,True
13152,2022,Marine LE PEN,Marine LE PEN,True
13153,2022,Jean-Luc MÉLENCHON,Emmanuel MACRON,False
13154,2022,Emmanuel MACRON,Emmanuel MACRON,True
13155,2022,Marine LE PEN,Marine LE PEN,True
13156,2022,Marine LE PEN,Marine LE PEN,True
13157,2022,Jean-Luc MÉLENCHON,François FILLON,False
13158,2022,Marine LE PEN,Marine LE PEN,True
13159,2022,Marine LE PEN,Marine LE PEN,True
13160,2022,Marine LE PEN,Marine LE PEN,True
13161,2022,Jean-Luc MÉLENCHON,Jean-Luc MÉLENCHON,True
13162,2022,Marine LE PEN,Marine LE PEN,True
13163,2022,Marine LE PEN,Marine LE PEN,True
13164,2022,Marine LE PEN,Marine LE PEN,True
13165,2022,Emmanuel MACRON,Emmanuel MACRON,True
13166,2022,Marine LE PEN,Marine LE PEN,True
13167,2022,Marine LE PEN,Marine LE PEN,True
13168,2022,Marine LE PEN,Marine LE PEN,True
13169,2022,Marine LE PEN,Marine LE PEN,True
13170,2022,Emmanuel MACRON,Emmanuel MACRON,True
13171,2022,Emmanuel MACRON,François FILLON,False
13172,2022,Jean-Luc MÉLENCHON,François FILLON,False
13173,2022,Jean-Luc MÉLENCHON,Jean-Luc MÉLENCHON,True
13174,2022,Jean-Luc MÉLENCHON,Jean-Luc MÉLENCHON,True
13175,2022,Marine LE PEN,Marine LE PEN,True
13176,2022,Jean-Luc MÉLENCHON,François FILLON,False
13177,2022,Marine LE PEN,Marine LE PEN,True
13178,2022,Emmanuel MACRON,François FILLON,False
13179,2022,Marine LE PEN,Marine LE PEN,True
13180,2022,Jean-Luc MÉLENCHON,Emmanuel MACRON,False
13181,2022,Marine LE PEN,Marine LE PEN,True
13182,2022,Marine LE PEN,Marine LE PEN,True
13183,2022,Marine LE PEN,Marine LE PEN,True
13184,2022,Marine LE PEN,Marine LE PEN,True
13185,2022,Marine LE PEN,Marine LE PEN,True
13186,2022,Jean-Luc MÉLENCHON,Emmanuel MACRON,False
13187,2022,Jean-Luc MÉLENCHON,François FILLON,False
13188,2022,Jean-Luc MÉLENCHON,François FILLON,False
13189,2022,Jean-Luc MÉLENCHON,François FILLON,False
13190,2022,Marine LE PEN,Marine LE PEN,True
13191,2022,Marine LE PEN,Marine LE PEN,True
13192,2022,Marine LE PEN,Marine LE PEN,True
13193,2022,Marine LE PEN,Marine LE PEN,True
13194,2022,Jean-Luc MÉLENCHON,François FILLON,False
13195,2022,Marine LE PEN,Marine LE PEN,True
13196,2022,Jean-Luc MÉLENCHON,François FILLON,False
13197,2022,Emmanuel MACRON,François FILLON,False
13198,2022,Jean-Luc MÉLENCHON,Emmanuel MACRON,False
13199,2022,Emmanuel MACRON,Emmanuel MACRON,True
13200,2022,Jean-Luc MÉLENCHON,Jean-Luc MÉLENCHON,True
13201,2022,Jean-Luc MÉLENCHON,François FILLON,False
13202,2022,Emmanuel MACRON,François FILLON,False
13203,2022,Marine LE PEN,Marine LE PEN,True
13204,2022,Marine LE PEN,Marine LE PEN,True
13205,2022,Marine LE PEN,Marine LE PEN,True
13206,2022,Marine LE PEN,Marine LE PEN,True
13207,2022,Marine LE PEN,Marine LE PEN,True
13208,2022,Marine LE PEN,Marine LE PEN,True
13209,2022,Marine LE PEN,Marine LE PEN,True
13210,2022,Marine LE PEN,Marine LE PEN,True
13211,2022,Jean-Luc MÉLENCHON,Jean-Luc MÉLENCHON,True
13212,2022,Marine LE PEN,Marine LE PEN,True
13213,2022,Emmanuel MACRON,François FILLON,False
13214,2022,Marine LE PEN,Marine LE PEN,True
13215,2022,Marine LE PEN,Marine LE PEN,True
13216,2022,Marine LE PEN,Marine LE PEN,True
13217,2022,Marine LE PEN,Marine LE PEN,True
13218,2022,Emmanuel MACRON,Emmanuel MACRON,True
13219,2022,Emmanuel MACRON,François FILLON,False
13220,2022,Jean-Luc MÉLENCHON,François FILLON,False
13221,2022,Marine LE PEN,Marine LE PEN,True
13222,2022,Jean-Luc MÉLENCHON,Emmanuel MACRON,False
13223,2022,Jean-Luc MÉLENCHON,Emmanuel MACRON,False
13224,2022,Marine LE PEN,Marine LE PEN,True
13225,2022,Marine LE PEN,Marine LE PEN,True
13226,2022,Marine LE PEN,Marine LE PEN,True
13227,2022,Marine LE PEN,Marine LE PEN,True
13228,2022,Marine LE PEN,Marine LE PEN,True
13229,2022,Marine LE PEN,Marine LE PEN,True
13230,2022,Jean-Luc MÉLENCHON,François FILLON,False
13231,2022,Marine LE PEN,Marine LE PEN,True
13232,2022,Emmanuel MACRON,François FILLON,False
13233,2022,Jean-Luc MÉLENCHON,François FILLON,False
13234,2022,Emmanuel MACRON,François FILLON,False
13235,2022,Marine LE PEN,Marine LE PEN,True
13236,2022,Jean-Luc MÉLENCHON,François FILLON,False
13237,2022,Marine LE PEN,Marine LE PEN,True
13238,2022,Marine LE PEN,Marine LE PEN,True
13239,2022,Jean-Luc MÉLENCHON,François FILLON,False
13240,2022,Marine LE PEN,Marine LE PEN,True
13241,2022,Emmanuel MACRON,Emmanuel MACRON,True
13242,2022,Marine LE PEN,Marine LE PEN,True
13243,2022,Emmanuel MACRON,Emmanuel MACRON,True
13244,2022,Jean-Luc MÉLENCHON,François FILLON,False
13245,2022,Marine LE PEN,Marine LE PEN,True
13246,2022,Marine LE PEN,Marine LE PEN,True
13247,2022,Emmanuel MACRON,Emmanuel MACRON,True
13248,2022,Emmanuel MACRON,Emmanuel MACRON,True
13249,2022,Emmanuel MACRON,Emmanuel MACRON,True
13250,2022,Emmanuel MACRON,Emmanuel MACRON,True
13251,2022,Jean-Luc MÉLENCHON,Emmanuel MACRON,False
13252,2022,Jean-Luc MÉLENCHON,François FILLON,False
13253,2022,Marine LE PEN,Marine LE PEN,True
13254,2022,Jean-Luc MÉLENCHON,François FILLON,False
13255,2022,Marine LE PEN,Marine LE PEN,True
13256,2022,Emmanuel MACRON,Emmanuel MACRON,True
13257,2022,Emmanuel MACRON,Emmanuel MACRON,True
13258,2022,Jean-Luc MÉLENCHON,François FILLON,False
13259,2022,Marine LE PEN,Marine LE PEN,True
13260,2022,Emmanuel MACRON,Jean-Luc MÉLENCHON,False
13261,2022,Marine LE PEN,Marine LE PEN,True
13262,2022,Marine LE PEN,Marine LE PEN,True
13263,2022,Jean-Luc MÉLENCHON,François FILLON,False
13264,2022,Marine LE PEN,Marine LE PEN,True
13265,2022,Jean-Luc MÉLENCHON,François FILLON,False
13266,2022,Emmanuel MACRON,François FILLON,False
13267,2022,Emmanuel MACRON,Emmanuel MACRON,True
13268,2022,Jean-Luc MÉLENCHON,Emmanuel MACRON,False
13269,2022,Marine LE PEN,Marine LE PEN,True
13270,2022,Emmanuel MACRON,François FILLON,False
13271,2022,Emmanuel MACRON,Emmanuel MACRON,True
13272,2022,Jean-Luc MÉLENCHON,François FILLON,False
13273,2022,Marine LE PEN,Marine LE PEN,True
13274,2022,Jean-Luc MÉLENCHON,François FILLON,False
13275,2022,Jean-Luc MÉLENCHON,Emmanuel MACRON,False
13276,2022,Jean-Luc MÉLENCHON,Emmanuel MACRON,False
13277,2022,Jean-Luc MÉLENCHON,François FILLON,False
13278,2022,Emmanuel MACRON,François FILLON,False
13279,2022,Marine LE PEN,Marine LE PEN,True
13280,2022,Marine LE PEN,Marine LE PEN,True
13281,2022,Marine LE PEN,Marine LE PEN,True
13282,2022,Marine LE PEN,Marine LE PEN,True
13283,2022,Marine LE PEN,Marine LE PEN,True
13284,2022,Jean-Luc MÉLENCHON,Jean-Luc MÉLENCHON,True
13285,2022,Marine LE PEN,Marine LE PEN,True
13286,2022,Jean-Luc MÉLENCHON,Jean-Luc MÉLENCHON,True
13287,2022,Marine LE PEN,Marine LE PEN,True
13288,2022,Emmanuel MACRON,François FILLON,False
13289,2022,Marine LE PEN,Marine LE PEN,True
13290,2022,Emmanuel MACRON,François FILLON,False
13291,2022,Jean-Luc MÉLENCHON,François FILLON,False
13292,2022,Jean-Luc MÉLENCHON,François FILLON,False
13293,2022,Marine LE PEN,Marine LE PEN,True
13294,2022,Marine LE PEN,Marine LE PEN,True
13295,2022,Marine LE PEN,Marine LE PEN,True
13296,2022,Emmanuel MACRON,François FILLON,False
13297,2022,Jean-Luc MÉLENCHON,François FILLON,False
13298,2022,Marine LE PEN,Marine LE PEN,True
13299,2022,Marine LE PEN,Marine LE PEN,True
13300,2022,Marine LE PEN,Marine LE PEN,True
13301,2022,Marine LE PEN,Marine LE PEN,True
13302,2022,Marine LE PEN,Marine LE PEN,True
13303,2022,Jean-Luc MÉLENCHON,François FILLON,False
13304,2022,Jean-Luc MÉLENCHON,Emmanuel MACRON,False
13305,2022,Jean-Luc MÉLENCHON,François FILLON,False
13306,2022,Jean-Luc MÉLENCHON,François FILLON,False
13307,2022,Emmanuel MACRON,Emmanuel MACRON,True
13308,2022,Marine LE PEN,Marine LE PEN,True
13309,2022,Emmanuel MACRON,Emmanuel MACRON,True
13310,2022,Marine LE PEN,Marine LE PEN,True
13311,2022,Marine LE PEN,Marine LE PEN,True
13312,2022,Marine LE PEN,Marine LE PEN,True
13313,2022,Jean-Luc MÉLENCHON,François FILLON,False
13314,2022,Jean-Luc MÉLENCHON,Emmanuel MACRON,False
13315,2022,Marine LE PEN,Marine LE PEN,True
13316,2022,Emmanuel MACRON,François FILLON,False
13317,2022,Jean-Luc MÉLENCHON,François FILLON,False
13318,2022,Emmanuel MACRON,Emmanuel MACRON,True
13319,2022,Jean-Luc MÉLENCHON,François FILLON,False
13320,2022,Emmanuel MACRON,Emmanuel MACRON,True
13321,2022,Marine LE PEN,Marine LE PEN,True
13322,2022,Jean-Luc MÉLENCHON,François FILLON,False
13323,2022,Marine LE PEN,Marine LE PEN,True
13324,2022,Marine LE PEN,Marine LE PEN,True
13325,2022,Marine LE PEN,Marine LE PEN,True
13326,2022,Marine LE PEN,Marine LE PEN,True
13327,2022,Emmanuel MACRON,Emmanuel MACRON,True
13328,2022,Marine LE PEN,Marine LE PEN,True
13329,2022,Marine LE PEN,Marine LE PEN,True
13331,2022,Jean-Luc MÉLENCHON,François FILLON,False
13332,2022,Marine LE PEN,Marine LE PEN,True
13333,2022,Marine LE PEN,Marine LE PEN,True
13334,2022,Jean-Luc MÉLENCHON,François FILLON,False
13335,2022,Jean-Luc MÉLENCHON,Emmanuel MACRON,False
13336,2022,Marine LE PEN,Marine LE PEN,True
13337,2022,Marine LE PEN,Marine LE PEN,True
13338,2022,Jean-Luc MÉLENCHON,François FILLON,False
13339,2022,Marine LE PEN,Marine LE PEN,True
13340,2022,Marine LE PEN,Marine LE PEN,True
13341,2022,Marine LE PEN,Marine LE PEN,True
13342,2022,Jean-Luc MÉLENCHON,François FILLON,False
13343,2022,Jean-Luc MÉLENCHON,Emmanuel MACRON,False
13344,2022,Emmanuel MACRON,François FILLON,False
13345,2022,Emmanuel MACRON,Emmanuel MACRON,True
13346,2022,Emmanuel MACRON,Emmanuel MACRON,True
13347,2022,Emmanuel MACRON,Emmanuel MACRON,True
13348,2022,Emmanuel MACRON,François FILLON,False
13349,2022,Marine LE PEN,Marine LE PEN,True
13350,2022,Emmanuel MACRON,Emmanuel MACRON,True
13351,2022,Emmanuel MACRON,Emmanuel MACRON,True
13352,2022,Marine LE PEN,Marine LE PEN,True
13353,2022,Emmanuel MACRON,Emmanuel MACRON,True
13354,2022,Marine LE PEN,Marine LE PEN,True
13356,2022,Emmanuel MACRON,Emmanuel MACRON,True
13357,2022,Emmanuel MACRON,Emmanuel MACRON,True
13358,2022,Emmanuel MACRON,François FILLON,False
13359,2022,Emmanuel MACRON,Emmanuel MACRON,True
13360,2022,Emmanuel MACRON,Emmanuel MACRON,True
13361,2022,Emmanuel MACRON,François FILLON,False
13362,2022,Emmanuel MACRON,Emmanuel MACRON,True
13363,2022,Emmanuel MACRON,Emmanuel MACRON,True
13364,2022,Emmanuel MACRON,François FILLON,False
13365,2022,Jean-Luc MÉLENCHON,Emmanuel MACRON,False
13366,2022,Emmanuel MACRON,Emmanuel MACRON,True
13367,2022,Emmanuel MACRON,Emmanuel MACRON,True
13368,2022,Emmanuel MACRON,Emmanuel MACRON,True
13369,2022,Emmanuel MACRON,François FILLON,False
13370,2022,Emmanuel MACRON,Emmanuel MACRON,True
13371,2022,Emmanuel MACRON,François FILLON,False
13372,2022,Marine LE PEN,Marine LE PEN,True
13373,2022,Emmanuel MACRON,François FILLON,False
13374,2022,Emmanuel MACRON,Emmanuel MACRON,True
13375,2022,Emmanuel MACRON,Emmanuel MACRON,True
13376,2022,Emmanuel MACRON,Emmanuel MACRON,True
13377,2022,Marine LE PEN,Marine LE PEN,True
13378,2022,Marine LE PEN,Marine LE PEN,True
13379,2022,Emmanuel MACRON,Emmanuel MACRON,True
13380,2022,Marine LE PEN,Marine LE PEN,True
13381,2022,Emmanuel MACRON,Emmanuel MACRON,True
13382,2022,Emmanuel MACRON,Emmanuel MACRON,True
13383,2022,Emmanuel MACRON,Emmanuel MACRON,True
13384,2022,Emmanuel MACRON,Emmanuel MACRON,True
13385,2022,Emmanuel MACRON,Jean-Luc MÉLENCHON,False
13386,2022,Emmanuel MACRON,François FILLON,False
13387,2022,Marine LE PEN,Marine LE PEN,True
13388,2022,Emmanuel MACRON,Emmanuel MACRON,True
13389,2022,Emmanuel MACRON,Emmanuel MACRON,True
13390,2022,Emmanuel MACRON,Emmanuel MACRON,True
13391,2022,Emmanuel MACRON,Emmanuel MACRON,True
13392,2022,Emmanuel MACRON,Emmanuel MACRON,True
13394,2022,Emmanuel MACRON,Emmanuel MACRON,True
13395,2022,Emmanuel MACRON,Emmanuel MACRON,True
13396,2022,Emmanuel MACRON,Emmanuel MACRON,True
13397,2022,Emmanuel MACRON,Emmanuel MACRON,True
13398,2022,Emmanuel MACRON,Emmanuel MACRON,True
13399,2022,Emmanuel MACRON,Emmanuel MACRON,True
13400,2022,Emmanuel MACRON,Emmanuel MACRON,True
13401,2022,Emmanuel MACRON,Emmanuel MACRON,True
13402,2022,Emmanuel MACRON,Emmanuel MACRON,True
13403,2022,Emmanuel MACRON,François FILLON,False
13404,2022,Jean-Luc MÉLENCHON,François FILLON,False
13405,2022,Emmanuel MACRON,Emmanuel MACRON,True
13406,2022,Emmanuel MACRON,Emmanuel MACRON,True
13407,2022,Emmanuel MACRON,Emmanuel MACRON,True
13408,2022,Emmanuel MACRON,Emmanuel MACRON,True
13409,2022,Emmanuel MACRON,Emmanuel MACRON,True
13410,2022,Emmanuel MACRON,Emmanuel MACRON,True
13411,2022,Emmanuel MACRON,François FILLON,False
13412,2022,Emmanuel MACRON,Emmanuel MACRON,True
13413,2022,Marine LE PEN,Marine LE PEN,True
13414,2022,Emmanuel MACRON,Emmanuel MACRON,True
13415,2022,Marine LE PEN,Marine LE PEN,True
13416,2022,Emmanuel MACRON,Emmanuel MACRON,True
13417,2022,Emmanuel MACRON,Emmanuel MACRON,True
13418,2022,Emmanuel MACRON,Emmanuel MACRON,True
13419,2022,Emmanuel MACRON,Emmanuel MACRON,True
13420,2022,Marine LE PEN,Marine LE PEN,True
13421,2022,Emmanuel MACRON,François FILLON,False
13422,2022,Emmanuel MACRON,Emmanuel MACRON,True
13423,2022,Marine LE PEN,Marine LE PEN,True
13424,2022,Emmanuel MACRON,Emmanuel MACRON,True
13425,2022,Emmanuel MACRON,Emmanuel MACRON,True
13426,2022,Emmanuel MACRON,François FILLON,False
13427,2022,Emmanuel MACRON,Emmanuel MACRON,True
13428,2022,Emmanuel MACRON,Emmanuel MACRON,True
13429,2022,Marine LE PEN,Marine LE PEN,True
13430,2022,Emmanuel MACRON,François FILLON,False
13431,2022,Emmanuel MACRON,Emmanuel MACRON,True
13432,2022,Emmanuel MACRON,Jean-Luc MÉLENCHON,False
13433,2022,Emmanuel MACRON,Emmanuel MACRON,True
13434,2022,Emmanuel MACRON,Emmanuel MACRON,True
13435,2022,Emmanuel MACRON,Emmanuel MACRON,True
13436,2022,Emmanuel MACRON,Emmanuel MACRON,True
13438,2022,Marine LE PEN,Marine LE PEN,True
13439,2022,Emmanuel MACRON,Emmanuel MACRON,True
13440,2022,Emmanuel MACRON,François FILLON,False
13441,2022,Emmanuel MACRON,Emmanuel MACRON,True
13442,2022,Emmanuel MACRON,Emmanuel MACRON,True
13443,2022,Marine LE PEN,Marine LE PEN,True
13444,2022,Emmanuel MACRON,Emmanuel MACRON,True
13445,2022,Emmanuel MACRON,Jean-Luc MÉLENCHON,False
13446,2022,Emmanuel MACRON,Emmanuel MACRON,True
13447,2022,Emmanuel MACRON,Jean-Luc MÉLENCHON,False
13448,2022,Emmanuel MACRON,Emmanuel MACRON,True
13449,2022,Emmanuel MACRON,Emmanuel MACRON,True
13451,2022,Marine LE PEN,Marine LE PEN,True
13452,2022,Emmanuel MACRON,Emmanuel MACRON,True
13453,2022,Emmanuel MACRON,Emmanuel MACRON,True
13454,2022,Marine LE PEN,Marine LE PEN,True
13455,2022,Emmanuel MACRON,Emmanuel MACRON,True
13456,2022,Emmanuel MACRON,Jean-Luc MÉLENCHON,False
13457,2022,Emmanuel MACRON,Emmanuel MACRON,True
13458,2022,Emmanuel MACRON,Emmanuel MACRON,True
13459,2022,Emmanuel MACRON,Emmanuel MACRON,True
13460,2022,Emmanuel MACRON,Emmanuel MACRON,True
13461,2022,Emmanuel MACRON,Emmanuel MACRON,True
13462,2022,Emmanuel MACRON,Emmanuel MACRON,True
13463,2022,Emmanuel MACRON,Emmanuel MACRON,True
13464,2022,Emmanuel MACRON,Emmanuel MACRON,True
13465,2022,Emmanuel MACRON,Emmanuel MACRON,True
13466,2022,Emmanuel MACRON,Emmanuel MACRON,True
13467,2022,Emmanuel MACRON,Emmanuel MACRON,True
13468,2022,Emmanuel MACRON,Emmanuel MACRON,True
13469,2022,Emmanuel MACRON,Emmanuel MACRON,True
13470,2022,Emmanuel MACRON,François FILLON,False
13471,2022,Emmanuel MACRON,Emmanuel MACRON,True
13472,2022,Emmanuel MACRON,Emmanuel MACRON,True
13473,2022,Emmanuel MACRON,Emmanuel MACRON,True
13474,2022,Emmanuel MACRON,Emmanuel MACRON,True
13475,2022,Emmanuel MACRON,Emmanuel MACRON,True
13476,2022,Emmanuel MACRON,François FILLON,False
13477,2022,Emmanuel MACRON,Emmanuel MACRON,True
13478,2022,Emmanuel MACRON,Emmanuel MACRON,True
13479,2022,Emmanuel MACRON,Emmanuel MACRON,True
13480,2022,Emmanuel MACRON,Emmanuel MACRON,True
13481,2022,Jean-Luc MÉLENCHON,François FILLON,False
13482,2022,Jean-Luc MÉLENCHON,Emmanuel MACRON,False
13484,2022,Emmanuel MACRON,François FILLON,False
13485,2022,Emmanuel MACRON,Emmanuel MACRON,True
13486,2022,Emmanuel MACRON,Emmanuel MACRON,True
13487,2022,Marine LE PEN,Marine LE PEN,True
13488,2022,Emmanuel MACRON,Emmanuel MACRON,True
13489,2022,Marine LE PEN,Marine LE PEN,True
13490,2022,Emmanuel MACRON,Emmanuel MACRON,True
13491,2022,Emmanuel MACRON,François FILLON,False
13492,2022,Emmanuel MACRON,François FILLON,False
13493,2022,Emmanuel MACRON,François FILLON,False
13494,2022,Emmanuel MACRON,Emmanuel MACRON,True
13495,2022,Emmanuel MACRON,François FILLON,False
13496,2022,Emmanuel MACRON,Emmanuel MACRON,True
13497,2022,Emmanuel MACRON,Jean-Luc MÉLENCHON,False
13498,2022,Emmanuel MACRON,Emmanuel MACRON,True
13499,2022,Emmanuel MACRON,Emmanuel MACRON,True
13500,2022,Emmanuel MACRON,François FILLON,False
13501,2022,Emmanuel MACRON,François FILLON,False
13502,2022,Emmanuel MACRON,Emmanuel MACRON,True
13503,2022,Emmanuel MACRON,François FILLON,False
13504,2022,Emmanuel MACRON,Emmanuel MACRON,True
13505,2022,Emmanuel MACRON,Emmanuel MACRON,True
13506,2022,Emmanuel MACRON,Emmanuel MACRON,True
13507,2022,Emmanuel MACRON,Emmanuel MACRON,True
13508,2022,Emmanuel MACRON,Emmanuel MACRON,True
13509,2022,Emmanuel MACRON,François FILLON,False
13510,2022,Emmanuel MACRON,François FILLON,False
13511,2022,Emmanuel MACRON,Emmanuel MACRON,True
13512,2022,Emmanuel MACRON,Emmanuel MACRON,True
13513,2022,Emmanuel MACRON,Emmanuel MACRON,True
13514,2022,Marine LE PEN,Marine LE PEN,True
13515,2022,Emmanuel MACRON,Jean-Luc MÉLENCHON,False
13516,2022,Emmanuel MACRON,Emmanuel MACRON,True
13517,2022,Emmanuel MACRON,Emmanuel MACRON,True
13518,2022,Emmanuel MACRON,Emmanuel MACRON,True
13519,2022,Emmanuel MACRON,François FILLON,False
13520,2022,Emmanuel MACRON,Emmanuel MACRON,True
13521,2022,Emmanuel MACRON,Emmanuel MACRON,True
13522,2022,Emmanuel MACRON,Emmanuel MACRON,True
13523,2022,Emmanuel MACRON,Emmanuel MACRON,True
13524,2022,Emmanuel MACRON,François FILLON,False
13525,2022,Emmanuel MACRON,Emmanuel MACRON,True
13526,2022,Emmanuel MACRON,François FILLON,False
13527,2022,Emmanuel MACRON,Emmanuel MACRON,True
13528,2022,Emmanuel MACRON,Emmanuel MACRON,True
13529,2022,Jean-Luc MÉLENCHON,Emmanuel MACRON,False
13530,2022,Emmanuel MACRON,Emmanuel MACRON,True
13531,2022,Emmanuel MACRON,Emmanuel MACRON,True
13532,2022,Emmanuel MACRON,François FILLON,False
13533,2022,Emmanuel MACRON,François FILLON,False
13534,2022,Emmanuel MACRON,Jean-Luc MÉLENCHON,False
13535,2022,Marine LE PEN,Marine LE PEN,True
13536,2022,Marine LE PEN,Marine LE PEN,True
13537,2022,Emmanuel MACRON,François FILLON,False
13538,2022,Emmanuel MACRON,Emmanuel MACRON,True
13539,2022,Marine LE PEN,Marine LE PEN,True
13540,2022,Emmanuel MACRON,Emmanuel MACRON,True
13541,2022,Emmanuel MACRON,Emmanuel MACRON,True
13542,2022,Emmanuel MACRON,Emmanuel MACRON,True
13543,2022,Emmanuel MACRON,Emmanuel MACRON,True
13544,2022,Jean-Luc MÉLENCHON,Emmanuel MACRON,False
13545,2022,Emmanuel MACRON,Emmanuel MACRON,True
13546,2022,Emmanuel MACRON,François FILLON,False
13547,2022,Emmanuel MACRON,Emmanuel MACRON,True
13548,2022,Emmanuel MACRON,Emmanuel MACRON,True
13549,2022,Emmanuel MACRON,Emmanuel MACRON,True
13550,2022,Emmanuel MACRON,Emmanuel MACRON,True
13551,2022,Marine LE PEN,Marine LE PEN,True
13552,2022,Emmanuel MACRON,Emmanuel MACRON,True
13553,2022,Emmanuel MACRON,Emmanuel MACRON,True
13554,2022,Marine LE PEN,Marine LE PEN,True
13555,2022,Emmanuel MACRON,Emmanuel MACRON,True
13556,2022,Emmanuel MACRON,Emmanuel MACRON,True
13557,2022,Jean-Luc MÉLENCHON,François FILLON,False
13558,2022,Emmanuel MACRON,Emmanuel MACRON,True
13559,2022,Emmanuel MACRON,Emmanuel MACRON,True
13560,2022,Emmanuel MACRON,Emmanuel MACRON,True
13561,2022,Emmanuel MACRON,Emmanuel MACRON,True
13562,2022,Emmanuel MACRON,François FILLON,False
13563,2022,Emmanuel MACRON,François FILLON,False
13564,2022,Marine LE PEN,Marine LE PEN,True
13565,2022,Emmanuel MACRON,Emmanuel MACRON,True
13566,2022,Emmanuel MACRON,Emmanuel MACRON,True
13567,2022,Emmanuel MACRON,Jean-Luc MÉLENCHON,False
13568,2022,Emmanuel MACRON,Jean-Luc MÉLENCHON,False
13569,2022,Emmanuel MACRON,François FILLON,False
13570,2022,Jean-Luc MÉLENCHON,Emmanuel MACRON,False
13571,2022,Emmanuel MACRON,Emmanuel MACRON,True
13572,2022,Emmanuel MACRON,Emmanuel MACRON,True
13573,2022,Emmanuel MACRON,Emmanuel MACRON,True
13574,2022,Emmanuel MACRON,François FILLON,False
13575,2022,Emmanuel MACRON,Emmanuel MACRON,True
13576,2022,Emmanuel MACRON,François FILLON,False
13577,2022,Emmanuel MACRON,Emmanuel MACRON,True
13578,2022,Marine LE PEN,Marine LE PEN,True
13579,2022,Marine LE PEN,Marine LE PEN,True
13580,2022,Marine LE PEN,Marine LE PEN,True
13581,2022,Emmanuel MACRON,Emmanuel MACRON,True
13582,2022,Emmanuel MACRON,Emmanuel MACRON,True
13583,2022,Emmanuel MACRON,Emmanuel MACRON,True
13584,2022,Emmanuel MACRON,Emmanuel MACRON,True
13585,2022,Emmanuel MACRON,Emmanuel MACRON,True
13586,2022,Emmanuel MACRON,Emmanuel MACRON,True
13587,2022,Emmanuel MACRON,François FILLON,False
13588,2022,Emmanuel MACRON,Emmanuel MACRON,True
13589,2022,Emmanuel MACRON,Jean-Luc MÉLENCHON,False
13590,2022,Marine LE PEN,Marine LE PEN,True
13591,2022,Emmanuel MACRON,François FILLON,False
13592,2022,Marine LE PEN,Marine LE PEN,True
13593,2022,Emmanuel MACRON,Jean-Luc MÉLENCHON,False
13594,2022,Emmanuel MACRON,Emmanuel MACRON,True
13595,2022,Emmanuel MACRON,Emmanuel MACRON,True
13596,2022,Emmanuel MACRON,Emmanuel MACRON,True
13597,2022,Emmanuel MACRON,Emmanuel MACRON,True
13598,2022,Marine LE PEN,Marine LE PEN,True
13600,2022,Marine LE PEN,Marine LE PEN,True
13601,2022,Emmanuel MACRON,Emmanuel MACRON,True
13602,2022,Emmanuel MACRON,Emmanuel MACRON,True
13603,2022,Emmanuel MACRON,Emmanuel MACRON,True
13604,2022,Jean-Luc MÉLENCHON,Emmanuel MACRON,False
13605,2022,Emmanuel MACRON,Emmanuel MACRON,True
13606,2022,Emmanuel MACRON,Emmanuel MACRON,True
13607,2022,Emmanuel MACRON,François FILLON,False
13608,2022,Emmanuel MACRON,François FILLON,False
13609,2022,Emmanuel MACRON,François FILLON,False
13610,2022,Emmanuel MACRON,Emmanuel MACRON,True
13611,2022,Jean-Luc MÉLENCHON,Emmanuel MACRON,False
13612,2022,Emmanuel MACRON,Emmanuel MACRON,True
13613,2022,Emmanuel MACRON,Emmanuel MACRON,True
13614,2022,Emmanuel MACRON,François FILLON,False
13615,2022,Emmanuel MACRON,François FILLON,False
13616,2022,Marine LE PEN,Marine LE PEN,True
13617,2022,Emmanuel MACRON,Emmanuel MACRON,True
13618,2022,Emmanuel MACRON,Emmanuel MACRON,True
13619,2022,Emmanuel MACRON,Emmanuel MACRON,True
13620,2022,Marine LE PEN,Marine LE PEN,True
13621,2022,Marine LE PEN,Marine LE PEN,True
13622,2022,Emmanuel MACRON,Emmanuel MACRON,True
13624,2022,Emmanuel MACRON,Emmanuel MACRON,True
13625,2022,Marine LE PEN,Marine LE PEN,True
13626,2022,Jean-Luc MÉLENCHON,François FILLON,False
13627,2022,Emmanuel MACRON,Emmanuel MACRON,True
13628,2022,Emmanuel MACRON,Emmanuel MACRON,True
13629,2022,Emmanuel MACRON,Emmanuel MACRON,True
13631,2022,Marine LE PEN,Marine LE PEN,True
13633,2022,Emmanuel MACRON,Emmanuel MACRON,True
13634,2022,Emmanuel MACRON,François FILLON,False
13635,2022,Emmanuel MACRON,Emmanuel MACRON,True
13636,2022,Emmanuel MACRON,Emmanuel MACRON,True
13637,2022,Emmanuel MACRON,Emmanuel MACRON,True
13638,2022,Emmanuel MACRON,Emmanuel MACRON,True
13639,2022,Emmanuel MACRON,Emmanuel MACRON,True
13640,2022,Marine LE PEN,Marine LE PEN,True
13641,2022,Jean-Luc MÉLENCHON,Emmanuel MACRON,False
13642,2022,Emmanuel MACRON,Emmanuel MACRON,True
13643,2022,Emmanuel MACRON,Emmanuel MACRON,True
13644,2022,Marine LE PEN,Marine LE PEN,True
13645,2022,Emmanuel MACRON,Emmanuel MACRON,True
13646,2022,Emmanuel MACRON,Emmanuel MACRON,True
13647,2022,Emmanuel MACRON,Emmanuel MACRON,True
13648,2022,Emmanuel MACRON,Emmanuel MACRON,True
13649,2022,Emmanuel MACRON,Jean-Luc MÉLENCHON,False
13650,2022,Marine LE PEN,Marine LE PEN,True
13651,2022,Emmanuel MACRON,Emmanuel MACRON,True
13652,2022,Emmanuel MACRON,Jean-Luc MÉLENCHON,False
13653,2022,Emmanuel MACRON,Emmanuel MACRON,True
13654,2022,Emmanuel MACRON,Emmanuel MACRON,True
13655,2022,Emmanuel MACRON,Emmanuel MACRON,True
13656,2022,Emmanuel MACRON,François FILLON,False
13657,2022,Emmanuel MACRON,Emmanuel MACRON,True
13658,2022,Emmanuel MACRON,Emmanuel MACRON,True
13659,2022,Marine LE PEN,Marine LE PEN,True
13660,2022,Emmanuel MACRON,François FILLON,False
13661,2022,Emmanuel MACRON,Emmanuel MACRON,True
13662,2022,Marine LE PEN,Marine LE PEN,True
13663,2022,Emmanuel MACRON,Jean-Luc MÉLENCHON,False
13664,2022,Emmanuel MACRON,Emmanuel MACRON,True
13665,2022,Emmanuel MACRON,Emmanuel MACRON,True
13666,2022,Marine LE PEN,Marine LE PEN,True
13667,2022,Marine LE PEN,Marine LE PEN,True
13669,2022,Emmanuel MACRON,François FILLON,False
13670,2022,Marine LE PEN,Marine LE PEN,True
13672,2022,Emmanuel MACRON,François FILLON,False
13673,2022,Marine LE PEN,Marine LE PEN,True
13674,2022,Emmanuel MACRON,Emmanuel MACRON,True
13676,2022,Emmanuel MACRON,Emmanuel MACRON,True
13677,2022,Emmanuel MACRON,Emmanuel MACRON,True
13678,2022,Emmanuel MACRON,Emmanuel MACRON,True
13679,2022,Emmanuel MACRON,Emmanuel MACRON,True
13680,2022,Marine LE PEN,Marine LE PEN,True
13681,2022,Marine LE PEN,Marine LE PEN,True
13682,2022,Emmanuel MACRON,Emmanuel MACRON,True
13683,2022,Emmanuel MACRON,Jean-Luc MÉLENCHON,False
13684,2022,Emmanuel MACRON,Emmanuel MACRON,True
13685,2022,Emmanuel MACRON,Emmanuel MACRON,True
13686,2022,Emmanuel MACRON,Emmanuel MACRON,True
13687,2022,Emmanuel MACRON,Emmanuel MACRON,True
13688,2022,Marine LE PEN,Marine LE PEN,True
13689,2022,Emmanuel MACRON,Emmanuel MACRON,True
13690,2022,Emmanuel MACRON,Emmanuel MACRON,True
13691,2022,Marine LE PEN,Marine LE PEN,True
13692,2022,Marine LE PEN,Marine LE PEN,True
13693,2022,Marine LE PEN,Marine LE PEN,True
13694,2022,Marine LE PEN,Marine LE PEN,True
13695,2022,Emmanuel MACRON,Emmanuel MACRON,True
13696,2022,Marine LE PEN,Marine LE PEN,True
13697,2022,Marine LE PEN,Marine LE PEN,True
13698,2022,Marine LE PEN,Marine LE PEN,True
13699,2022,Marine LE PEN,Marine LE PEN,True
13700,2022,Marine LE PEN,Marine LE PEN,True
13701,2022,Jean-Luc MÉLENCHON,François FILLON,False
13702,2022,Marine LE PEN,Marine LE PEN,True
13703,2022,Marine LE PEN,Marine LE PEN,True
13704,2022,Emmanuel MACRON,Emmanuel MACRON,True
13705,2022,Marine LE PEN,Marine LE PEN,True
13706,2022,Marine LE PEN,Marine LE PEN,True
13707,2022,Marine LE PEN,Marine LE PEN,True
13708,2022,Marine LE PEN,Marine LE PEN,True
13709,2022,Marine LE PEN,Marine LE PEN,True
13710,2022,Emmanuel MACRON,François FILLON,False
13711,2022,Marine LE PEN,Marine LE PEN,True
13712,2022,Marine LE PEN,Marine LE PEN,True
13713,2022,Marine LE PEN,Marine LE PEN,True
13714,2022,Emmanuel MACRON,François FILLON,False
13715,2022,Marine LE PEN,Marine LE PEN,True
13716,2022,Marine LE PEN,Marine LE PEN,True
13717,2022,Jean-Luc MÉLENCHON,François FILLON,False
13718,2022,Marine LE PEN,Marine LE PEN,True
13719,2022,Marine LE PEN,Marine LE PEN,True
13720,2022,Marine LE PEN,Marine LE PEN,True
13721,2022,Marine LE PEN,Marine LE PEN,True
13722,2022,Marine LE PEN,Marine LE PEN,True
13723,2022,Marine LE PEN,Marine LE PEN,True
13724,2022,Marine LE PEN,Marine LE PEN,True
13725,2022,Marine LE PEN,Marine LE PEN,True
13726,2022,Marine LE PEN,Marine LE PEN,True
13727,2022,Marine LE PEN,Marine LE PEN,True
13728,2022,Marine LE PEN,Marine LE PEN,True
13729,2022,Marine LE PEN,Marine LE PEN,True
13730,2022,Marine LE PEN,Marine LE PEN,True
13731,2022,Emmanuel MACRON,François FILLON,False
13732,2022,Emmanuel MACRON,Emmanuel MACRON,True
13733,2022,Emmanuel MACRON,François FILLON,False
13734,2022,Emmanuel MACRON,Emmanuel MACRON,True
13735,2022,Marine LE PEN,Marine LE PEN,True
13736,2022,Marine LE PEN,Marine LE PEN,True
13737,2022,Marine LE PEN,Marine LE PEN,True
13738,2022,Marine LE PEN,Marine LE PEN,True
13739,2022,Marine LE PEN,Marine LE PEN,True
13740,2022,Emmanuel MACRON,François FILLON,False
13741,2022,Emmanuel MACRON,François FILLON,False
13742,2022,Marine LE PEN,Marine LE PEN,True
13743,2022,Marine LE PEN,Marine LE PEN,True
13744,2022,Emmanuel MACRON,François FILLON,False
13745,2022,Marine LE PEN,Marine LE PEN,True
13746,2022,Marine LE PEN,Marine LE PEN,True
13747,2022,Marine LE PEN,Marine LE PEN,True
13748,2022,Marine LE PEN,Marine LE PEN,True
13749,2022,Marine LE PEN,Marine LE PEN,True
13750,2022,Marine LE PEN,Marine LE PEN,True
13751,2022,Marine LE PEN,Marine LE PEN,True
13752,2022,Marine LE PEN,Marine LE PEN,True
13753,2022,Marine LE PEN,Marine LE PEN,True
13754,2022,Marine LE PEN,Marine LE PEN,True
13755,2022,Marine LE PEN,Marine LE PEN,True
13756,2022,Marine LE PEN,Marine LE PEN,True
13757,2022,Marine LE PEN,Marine LE PEN,True
13758,2022,Marine LE PEN,Marine LE PEN,True
13759,2022,Emmanuel MACRON,François FILLON,False
13761,2022,Marine LE PEN,Marine LE PEN,True
13762,2022,Marine LE PEN,Marine LE PEN,True
13763,2022,Emmanuel MACRON,François FILLON,False
13765,2022,Marine LE PEN,Marine LE PEN,True
13766,2022,Marine LE PEN,Marine LE PEN,True
13767,2022,Marine LE PEN,Marine LE PEN,True
13768,2022,Emmanuel MACRON,François FILLON,False
13769,2022,Emmanuel MACRON,François FILLON,False
13770,2022,Marine LE PEN,Marine LE PEN,True
13771,2022,Emmanuel MACRON,François FILLON,False
13772,2022,Marine LE PEN,Marine LE PEN,True
13773,2022,Marine LE PEN,Marine LE PEN,True
13774,2022,Marine LE PEN,Marine LE PEN,True
13775,2022,Marine LE PEN,Marine LE PEN,True
13776,2022,Marine LE PEN,Marine LE PEN,True
13777,2022,Marine LE PEN,Marine LE PEN,True
13778,2022,Marine LE PEN,Marine LE PEN,True
13779,2022,Emmanuel MACRON,François FILLON,False
13780,2022,Marine LE PEN,Marine LE PEN,True
13781,2022,Marine LE PEN,Marine LE PEN,True
13782,2022,Marine LE PEN,Marine LE PEN,True
13783,2022,Marine LE PEN,Marine LE PEN,True
13784,2022,Marine LE PEN,Marine LE PEN,True
13785,2022,Marine LE PEN,Marine LE PEN,True
13786,2022,Marine LE PEN,Marine LE PEN,True
13787,2022,Emmanuel MACRON,François FILLON,False
13788,2022,Marine LE PEN,Marine LE PEN,True
13789,2022,Marine LE PEN,Marine LE PEN,True
13790,2022,Marine LE PEN,Marine LE PEN,True
13791,2022,Marine LE PEN,Marine LE PEN,True
13792,2022,Emmanuel MACRON,François FILLON,False
13793,2022,Marine LE PEN,Marine LE PEN,True
13794,2022,Marine LE PEN,Marine LE PEN,True
13795,2022,Emmanuel MACRON,François FILLON,False
13796,2022,Marine LE PEN,Marine LE PEN,True
13797,2022,Marine LE PEN,Marine LE PEN,True
13798,2022,Marine LE PEN,Marine LE PEN,True
13799,2022,Marine LE PEN,Marine LE PEN,True
13800,2022,Marine LE PEN,Marine LE PEN,True
13801,2022,Marine LE PEN,Marine LE PEN,True
13802,2022,Emmanuel MACRON,Emmanuel MACRON,True
13803,2022,Marine LE PEN,Marine LE PEN,True
13804,2022,Marine LE PEN,Marine LE PEN,True
13805,2022,Emmanuel MACRON,François FILLON,False
13806,2022,Marine LE PEN,Marine LE PEN,True
13807,2022,Emmanuel MACRON,François FILLON,False
13808,2022,Marine LE PEN,Marine LE PEN,True
13809,2022,Marine LE PEN,Marine LE PEN,True
13810,2022,Marine LE PEN,Marine LE PEN,True
13811,2022,Marine LE PEN,Marine LE PEN,True
13812,2022,Marine LE PEN,Marine LE PEN,True
13813,2022,Marine LE PEN,Marine LE PEN,True
13814,2022,Marine LE PEN,Marine LE PEN,True
13815,2022,Emmanuel MACRON,François FILLON,False
13816,2022,Marine LE PEN,Marine LE PEN,True
13817,2022,Marine LE PEN,Marine LE PEN,True
13818,2022,Emmanuel MACRON,François FILLON,False
13819,2022,Marine LE PEN,Marine LE PEN,True
13820,2022,Marine LE PEN,Marine LE PEN,True
13821,2022,Marine LE PEN,Marine LE PEN,True
13822,2022,Marine LE PEN,Marine LE PEN,True
13823,2022,Marine LE PEN,Marine LE PEN,True
13824,2022,Emmanuel MACRON,François FILLON,False
13825,2022,Marine LE PEN,Marine LE PEN,True
13826,2022,Emmanuel MACRON,François FILLON,False
13827,2022,Marine LE PEN,Marine LE PEN,True
13828,2022,Marine LE PEN,Marine LE PEN,True
13829,2022,Marine LE PEN,Marine LE PEN,True
13830,2022,Marine LE PEN,Marine LE PEN,True
13831,2022,Emmanuel MACRON,François FILLON,False
13832,2022,Emmanuel MACRON,François FILLON,False
13833,2022,Emmanuel MACRON,François FILLON,False
13834,2022,Emmanuel MACRON,François FILLON,False
13835,2022,Jean-Luc MÉLENCHON,François FILLON,False
13836,2022,Marine LE PEN,Marine LE PEN,True
13837,2022,Marine LE PEN,Marine LE PEN,True
13838,2022,Marine LE PEN,Marine LE PEN,True
13839,2022,Marine LE PEN,Marine LE PEN,True
13840,2022,Marine LE PEN,Marine LE PEN,True
13841,2022,Emmanuel MACRON,Emmanuel MACRON,True
13842,2022,Marine LE PEN,Marine LE PEN,True
13843,2022,Marine LE PEN,Marine LE PEN,True
13844,2022,Marine LE PEN,Marine LE PEN,True
13845,2022,Marine LE PEN,Marine LE PEN,True
13846,2022,Emmanuel MACRON,Emmanuel MACRON,True
13847,2022,Marine LE PEN,Marine LE PEN,True
13848,2022,Marine LE PEN,Marine LE PEN,True
13849,2022,Marine LE PEN,Marine LE PEN,True
13850,2022,Marine LE PEN,Marine LE PEN,True
13851,2022,Emmanuel MACRON,François FILLON,False
13852,2022,Marine LE PEN,Marine LE PEN,True
13853,2022,Marine LE PEN,Marine LE PEN,True
13854,2022,Marine LE PEN,Marine LE PEN,True
13855,2022,Emmanuel MACRON,François FILLON,False
13856,2022,Marine LE PEN,Marine LE PEN,True
13857,2022,Emmanuel MACRON,François FILLON,False
13858,2022,Marine LE PEN,Marine LE PEN,True
13859,2022,Marine LE PEN,Marine LE PEN,True
13860,2022,Marine LE PEN,Marine LE PEN,True
13861,2022,Emmanuel MACRON,François FILLON,False
13862,2022,Marine LE PEN,Marine LE PEN,True
13863,2022,Emmanuel MACRON,François FILLON,False
13864,2022,Emmanuel MACRON,François FILLON,False
13865,2022,Marine LE PEN,Marine LE PEN,True
13866,2022,Marine LE PEN,Marine LE PEN,True
13867,2022,Marine LE PEN,Marine LE PEN,True
13868,2022,Marine LE PEN,Marine LE PEN,True
13869,2022,Marine LE PEN,Marine LE PEN,True
13870,2022,Marine LE PEN,Marine LE PEN,True
13871,2022,Marine LE PEN,Marine LE PEN,True
13872,2022,Emmanuel MACRON,François FILLON,False
13873,2022,Emmanuel MACRON,François FILLON,False
13874,2022,Marine LE PEN,Marine LE PEN,True
13875,2022,Marine LE PEN,Marine LE PEN,True
13876,2022,Marine LE PEN,Marine LE PEN,True
13877,2022,Marine LE PEN,Marine LE PEN,True
13878,2022,Marine LE PEN,Marine LE PEN,True
13879,2022,Marine LE PEN,Marine LE PEN,True
13880,2022,Marine LE PEN,Marine LE PEN,True
13881,2022,Marine LE PEN,Marine LE PEN,True
13882,2022,Emmanuel MACRON,François FILLON,False
13883,2022,Marine LE PEN,Marine LE PEN,True
13884,2022,Marine LE PEN,Marine LE PEN,True
13885,2022,Marine LE PEN,Marine LE PEN,True
13886,2022,Marine LE PEN,Marine LE PEN,True
13887,2022,Marine LE PEN,Marine LE PEN,True
13888,2022,Emmanuel MACRON,Emmanuel MACRON,True
13889,2022,Marine LE PEN,Marine LE PEN,True
13890,2022,Emmanuel MACRON,François FILLON,False
13892,2022,Emmanuel MACRON,François FILLON,False
13893,2022,Emmanuel MACRON,François FILLON,False
13894,2022,Emmanuel MACRON,François FILLON,False
13895,2022,Emmanuel MACRON,François FILLON,False
13896,2022,Marine LE PEN,Marine LE PEN,True
13897,2022,Marine LE PEN,Marine LE PEN,True
13898,2022,Marine LE PEN,Marine LE PEN,True
13899,2022,Emmanuel MACRON,François FILLON,False
13900,2022,Marine LE PEN,Marine LE PEN,True
13901,2022,Marine LE PEN,Marine LE PEN,True
13902,2022,Marine LE PEN,Marine LE PEN,True
13903,2022,Marine LE PEN,Marine LE PEN,True
13904,2022,Marine LE PEN,Marine LE PEN,True
13905,2022,Marine LE PEN,Marine LE PEN,True
13906,2022,Marine LE PEN,Marine LE PEN,True
13907,2022,Marine LE PEN,Marine LE PEN,True
13908,2022,Emmanuel MACRON,François FILLON,False
13909,2022,Marine LE PEN,Marine LE PEN,True
13910,2022,Marine LE PEN,Marine LE PEN,True
13911,2022,Marine LE PEN,Marine LE PEN,True
13912,2022,Marine LE PEN,Marine LE PEN,True
13913,2022,Emmanuel MACRON,Emmanuel MACRON,True
13914,2022,Marine LE PEN,Marine LE PEN,True
13915,2022,Marine LE PEN,Marine LE PEN,True
13916,2022,Marine LE PEN,Marine LE PEN,True
13917,2022,Marine LE PEN,Marine LE PEN,True
13918,2022,Marine LE PEN,Marine LE PEN,True
13919,2022,Emmanuel MACRON,François FILLON,False
13920,2022,Marine LE PEN,Marine LE PEN,True
13921,2022,Marine LE PEN,Marine LE PEN,True
13922,2022,Marine LE PEN,Marine LE PEN,True
13923,2022,Marine LE PEN,Marine LE PEN,True
13924,2022,Marine LE PEN,Marine LE PEN,True
13925,2022,Marine LE PEN,Marine LE PEN,True
13926,2022,Marine LE PEN,Marine LE PEN,True
13927,2022,Marine LE PEN,Marine LE PEN,True
13928,2022,Marine LE PEN,Marine LE PEN,True
13929,2022,Marine LE PEN,Marine LE PEN,True
13930,2022,Marine LE PEN,Marine LE PEN,True
13931,2022,Marine LE PEN,Marine LE PEN,True
13932,2022,Marine LE PEN,Marine LE PEN,True
13933,2022,Marine LE PEN,Marine LE PEN,True
13934,2022,Marine LE PEN,Marine LE PEN,True
13935,2022,Emmanuel MACRON,Emmanuel MACRON,True
13936,2022,Emmanuel MACRON,François FILLON,False
13937,2022,Marine LE PEN,Marine LE PEN,True
13938,2022,Emmanuel MACRON,Emmanuel MACRON,True
13939,2022,Emmanuel MACRON,François FILLON,False
13940,2022,Marine LE PEN,Marine LE PEN,True
13941,2022,Marine LE PEN,Marine LE PEN,True
13942,2022,Marine LE PEN,Marine LE PEN,True
13943,2022,Marine LE PEN,Marine LE PEN,True
13944,2022,Emmanuel MACRON,François FILLON,False
13945,2022,Marine LE PEN,Marine LE PEN,True
13946,2022,Emmanuel MACRON,François FILLON,False
13947,2022,Emmanuel MACRON,Emmanuel MACRON,True
13948,2022,Emmanuel MACRON,François FILLON,False
13949,2022,Emmanuel MACRON,Emmanuel MACRON,True
13950,2022,Emmanuel MACRON,François FILLON,False
13951,2022,Emmanuel MACRON,François FILLON,False
13952,2022,Marine LE PEN,Marine LE PEN,True
13953,2022,Emmanuel MACRON,François FILLON,False
13954,2022,Marine LE PEN,Marine LE PEN,True
13955,2022,Emmanuel MACRON,François FILLON,False
13956,2022,Emmanuel MACRON,François FILLON,False
13957,2022,Marine LE PEN,Marine LE PEN,True
13958,2022,Emmanuel MACRON,Emmanuel MACRON,True
13959,2022,Emmanuel MACRON,François FILLON,False
13960,2022,Marine LE PEN,Marine LE PEN,True
13961,2022,Marine LE PEN,Marine LE PEN,True
13962,2022,Emmanuel MACRON,François FILLON,False
13963,2022,Marine LE PEN,Marine LE PEN,True
13964,2022,Emmanuel MACRON,François FILLON,False
13965,2022,Marine LE PEN,Marine LE PEN,True
13966,2022,Marine LE PEN,Marine LE PEN,True
13967,2022,Marine LE PEN,Marine LE PEN,True
13968,2022,Marine LE PEN,Marine LE PEN,True
13969,2022,Emmanuel MACRON,François FILLON,False
13970,2022,Marine LE PEN,Marine LE PEN,True
13971,2022,Marine LE PEN,Marine LE PEN,True
13972,2022,Marine LE PEN,Marine LE PEN,True
13973,2022,Emmanuel MACRON,François FILLON,False
13974,2022,Marine LE PEN,Marine LE PEN,True
13975,2022,Marine LE PEN,Marine LE PEN,True
13976,2022,Marine LE PEN,Marine LE PEN,True
13977,2022,Emmanuel MACRON,François FILLON,False
13978,2022,Emmanuel MACRON,François FILLON,False
13979,2022,Emmanuel MACRON,François FILLON,False
13980,2022,Emmanuel MACRON,François FILLON,False
13981,2022,Emmanuel MACRON,Emmanuel MACRON,True
13982,2022,Marine LE PEN,Marine LE PEN,True
13983,2022,Emmanuel MACRON,François FILLON,False
13984,2022,Emmanuel MACRON,François FILLON,False
13985,2022,Emmanuel MACRON,Emmanuel MACRON,True
13986,2022,Marine LE PEN,Marine LE PEN,True
13987,2022,Marine LE PEN,Marine LE PEN,True
13988,2022,Emmanuel MACRON,François FILLON,False
13989,2022,Marine LE PEN,Marine LE PEN,True
13990,2022,Emmanuel MACRON,Emmanuel MACRON,True
13991,2022,Emmanuel MACRON,François FILLON,False
13992,2022,Marine LE PEN,Marine LE PEN,True
13993,2022,Marine LE PEN,Marine LE PEN,True
13994,2022,Marine LE PEN,Marine LE PEN,True
13995,2022,Emmanuel MACRON,François FILLON,False
13996,2022,Marine LE PEN,Marine LE PEN,True
13997,2022,Emmanuel MACRON,François FILLON,False
13998,2022,Emmanuel MACRON,François FILLON,False
13999,2022,Emmanuel MACRON,François FILLON,False
14000,2022,Emmanuel MACRON,François FILLON,False
14001,2022,Emmanuel MACRON,François FILLON,False
14002,2022,Emmanuel MACRON,François FILLON,False
14003,2022,Emmanuel MACRON,Emmanuel MACRON,True
14004,2022,Emmanuel MACRON,François FILLON,False
14005,2022,Marine LE PEN,Marine LE PEN,True
14006,2022,Emmanuel MACRON,François FILLON,False
14007,2022,Emmanuel MACRON,François FILLON,False
14008,2022,Marine LE PEN,Marine LE PEN,True
14009,2022,Marine LE PEN,Marine LE PEN,True
14010,2022,Marine LE PEN,Marine LE PEN,True
14011,2022,Emmanuel MACRON,Jean-Luc MÉLENCHON,False
14012,2022,Marine LE PEN,Marine LE PEN,True
14013,2022,Marine LE PEN,Marine LE PEN,True
14014,2022,Emmanuel MACRON,François FILLON,False
14015,2022,Marine LE PEN,Marine LE PEN,True
14016,2022,Emmanuel MACRON,François FILLON,False
14017,2022,Marine LE PEN,Marine LE PEN,True
14018,2022,Marine LE PEN,Marine LE PEN,True
14019,2022,Marine LE PEN,Marine LE PEN,True
14020,2022,Emmanuel MACRON,François FILLON,False
14021,2022,Emmanuel MACRON,François FILLON,False
14022,2022,Emmanuel MACRON,Emmanuel MACRON,True
14023,2022,Marine LE PEN,Marine LE PEN,True
14024,2022,Marine LE PEN,Marine LE PEN,True
14025,2022,Marine LE PEN,Marine LE PEN,True
14026,2022,Marine LE PEN,Marine LE PEN,True
14027,2022,Emmanuel MACRON,François FILLON,False
14028,2022,Marine LE PEN,Marine LE PEN,True
14029,2022,Marine LE PEN,Marine LE PEN,True
14030,2022,Emmanuel MACRON,François FILLON,False
14031,2022,Marine LE PEN,Marine LE PEN,True
14032,2022,Marine LE PEN,Marine LE PEN,True
14033,2022,Marine LE PEN,Marine LE PEN,True
14034,2022,Emmanuel MACRON,Emmanuel MACRON,True
14035,2022,Emmanuel MACRON,François FILLON,False
14036,2022,Marine LE PEN,Marine LE PEN,True
14037,2022,Marine LE PEN,Marine LE PEN,True
14038,2022,Marine LE PEN,Marine LE PEN,True
14039,2022,Emmanuel MACRON,Emmanuel MACRON,True
14040,2022,Marine LE PEN,Marine LE PEN,True
14041,2022,Emmanuel MACRON,Emmanuel MACRON,True
14042,2022,Emmanuel MACRON,François FILLON,False
14043,2022,Emmanuel MACRON,François FILLON,False
14044,2022,Marine LE PEN,Marine LE PEN,True
14045,2022,Emmanuel MACRON,Emmanuel MACRON,True
14046,2022,Marine LE PEN,Marine LE PEN,True
14047,2022,Marine LE PEN,Marine LE PEN,True
14048,2022,Emmanuel MACRON,François FILLON,False
14049,2022,Emmanuel MACRON,François FILLON,False
14050,2022,Marine LE PEN,Marine LE PEN,True
14051,2022,Emmanuel MACRON,Emmanuel MACRON,True
14052,2022,Marine LE PEN,Marine LE PEN,True
14053,2022,Emmanuel MACRON,Emmanuel MACRON,True
14054,2022,Marine LE PEN,Marine LE PEN,True
14055,2022,Emmanuel MACRON,François FILLON,False
14056,2022,Marine LE PEN,Marine LE PEN,True
14057,2022,Emmanuel MACRON,François FILLON,False
14058,2022,Emmanuel MACRON,François FILLON,False
14059,2022,Emmanuel MACRON,Emmanuel MACRON,True
14060,2022,Emmanuel MACRON,François FILLON,False
14061,2022,Emmanuel MACRON,Jean-Luc MÉLENCHON,False
14062,2022,Marine LE PEN,Marine LE PEN,True
14063,2022,Marine LE PEN,Marine LE PEN,True
14064,2022,Emmanuel MACRON,François FILLON,False
14065,2022,Marine LE PEN,Marine LE PEN,True
14066,2022,Emmanuel MACRON,François FILLON,False
14067,2022,Emmanuel MACRON,Emmanuel MACRON,True
14068,2022,Marine LE PEN,Marine LE PEN,True
14069,2022,Marine LE PEN,Marine LE PEN,True
14070,2022,Marine LE PEN,Marine LE PEN,True
14071,2022,Marine LE PEN,Marine LE PEN,True
14072,2022,Marine LE PEN,Marine LE PEN,True
14073,2022,Emmanuel MACRON,François FILLON,False
14074,2022,Marine LE PEN,Marine LE PEN,True
14075,2022,Marine LE PEN,Marine LE PEN,True
14076,2022,Marine LE PEN,Marine LE PEN,True
14077,2022,Jean-Luc MÉLENCHON,Jean-Luc MÉLENCHON,True
14078,2022,Marine LE PEN,Marine LE PEN,True
14079,2022,Emmanuel MACRON,François FILLON,False
14080,2022,Emmanuel MACRON,François FILLON,False
14081,2022,Emmanuel MACRON,Emmanuel MACRON,True
14082,2022,Emmanuel MACRON,François FILLON,False
14083,2022,Marine LE PEN,Marine LE PEN,True
14084,2022,Emmanuel MACRON,Emmanuel MACRON,True
14085,2022,Emmanuel MACRON,François FILLON,False
14086,2022,Marine LE PEN,Marine LE PEN,True
14087,2022,Emmanuel MACRON,Emmanuel MACRON,True
14088,2022,Marine LE PEN,Marine LE PEN,True
14089,2022,Marine LE PEN,Marine LE PEN,True
14090,2022,Marine LE PEN,Marine LE PEN,True
14091,2022,Emmanuel MACRON,Emmanuel MACRON,True
14092,2022,Marine LE PEN,Marine LE PEN,True
14093,2022,Marine LE PEN,Marine LE PEN,True
14094,2022,Marine LE PEN,Marine LE PEN,True
14095,2022,Marine LE PEN,Marine LE PEN,True
14096,2022,Marine LE PEN,Marine LE PEN,True
14097,2022,Emmanuel MACRON,François FILLON,False
14098,2022,Emmanuel MACRON,François FILLON,False
14099,2022,Emmanuel MACRON,Emmanuel MACRON,True
14100,2022,Marine LE PEN,Marine LE PEN,True
14101,2022,Marine LE PEN,Marine LE PEN,True
14102,2022,Emmanuel MACRON,François FILLON,False
14103,2022,Marine LE PEN,Marine LE PEN,True
14104,2022,Marine LE PEN,Marine LE PEN,True
14105,2022,Emmanuel MACRON,François FILLON,False
14106,2022,Emmanuel MACRON,Emmanuel MACRON,True
14107,2022,Emmanuel MACRON,François FILLON,False
14108,2022,Emmanuel MACRON,François FILLON,False
14109,2022,Marine LE PEN,Marine LE PEN,True
14110,2022,Emmanuel MACRON,Emmanuel MACRON,True
14111,2022,Emmanuel MACRON,François FILLON,False
14112,2022,Emmanuel MACRON,François FILLON,False
14113,2022,Emmanuel MACRON,François FILLON,False
14114,2022,Marine LE PEN,Marine LE PEN,True
14115,2022,Marine LE PEN,Marine LE PEN,True
14116,2022,Emmanuel MACRON,François FILLON,False
14117,2022,Marine LE PEN,Marine LE PEN,True
14118,2022,Marine LE PEN,Marine LE PEN,True
14119,2022,Emmanuel MACRON,François FILLON,False
14120,2022,Emmanuel MACRON,François FILLON,False
14121,2022,Emmanuel MACRON,François FILLON,False
14122,2022,Jean-Luc MÉLENCHON,Emmanuel MACRON,False
14123,2022,Emmanuel MACRON,François FILLON,False
14124,2022,Emmanuel MACRON,François FILLON,False
14125,2022,Marine LE PEN,Marine LE PEN,True
14126,2022,Marine LE PEN,Marine LE PEN,True
14127,2022,Marine LE PEN,Marine LE PEN,True
14128,2022,Emmanuel MACRON,François FILLON,False
14129,2022,Emmanuel MACRON,François FILLON,False
14130,2022,Emmanuel MACRON,François FILLON,False
14131,2022,Emmanuel MACRON,François FILLON,False
14132,2022,Emmanuel MACRON,François FILLON,False
14133,2022,Emmanuel MACRON,François FILLON,False
14134,2022,Marine LE PEN,Marine LE PEN,True
14135,2022,Emmanuel MACRON,Emmanuel MACRON,True
14137,2022,Marine LE PEN,Marine LE PEN,True
14138,2022,Emmanuel MACRON,Emmanuel MACRON,True
14139,2022,Marine LE PEN,Marine LE PEN,True
14140,2022,Marine LE PEN,Marine LE PEN,True
14141,2022,Emmanuel MACRON,Emmanuel MACRON,True
14142,2022,Marine LE PEN,Marine LE PEN,True
14143,2022,Emmanuel MACRON,François FILLON,False
14144,2022,Emmanuel MACRON,François FILLON,False
14145,2022,Emmanuel MACRON,François FILLON,False
14146,2022,Marine LE PEN,Marine LE PEN,True
14147,2022,Marine LE PEN,Marine LE PEN,True
14148,2022,Emmanuel MACRON,François FILLON,False
14149,2022,Marine LE PEN,Marine LE PEN,True
14150,2022,Emmanuel MACRON,François FILLON,False
14151,2022,Emmanuel MACRON,François FILLON,False
14152,2022,Marine LE PEN,Marine LE PEN,True
14153,2022,Marine LE PEN,Marine LE PEN,True
14154,2022,Marine LE PEN,Marine LE PEN,True
14155,2022,Emmanuel MACRON,Emmanuel MACRON,True
14156,2022,Marine LE PEN,Marine LE PEN,True
14157,2022,Marine LE PEN,Marine LE PEN,True
14158,2022,Jean-Luc MÉLENCHON,Jean-Luc MÉLENCHON,True
14159,2022,Emmanuel MACRON,François FILLON,False
14160,2022,Emmanuel MACRON,François FILLON,False
14161,2022,Emmanuel MACRON,François FILLON,False
14162,2022,Marine LE PEN,Marine LE PEN,True
14163,2022,Marine LE PEN,Marine LE PEN,True
14164,2022,Marine LE PEN,Marine LE PEN,True
14165,2022,Marine LE PEN,Marine LE PEN,True
14166,2022,Emmanuel MACRON,François FILLON,False
14167,2022,Marine LE PEN,Marine LE PEN,True
14168,2022,Emmanuel MACRON,Emmanuel MACRON,True
14169,2022,Emmanuel MACRON,Jean-Luc MÉLENCHON,False
14170,2022,Marine LE PEN,Marine LE PEN,True
14171,2022,Marine LE PEN,Marine LE PEN,True
14172,2022,Emmanuel MACRON,François FILLON,False
14173,2022,Emmanuel MACRON,Emmanuel MACRON,True
14174,2022,Marine LE PEN,Marine LE PEN,True
14175,2022,Emmanuel MACRON,François FILLON,False
14176,2022,Marine LE PEN,Marine LE PEN,True
14177,2022,Emmanuel MACRON,Emmanuel MACRON,True
14178,2022,Marine LE PEN,Marine LE PEN,True
14179,2022,Emmanuel MACRON,François FILLON,False
14180,2022,Marine LE PEN,Marine LE PEN,True
14181,2022,Emmanuel MACRON,François FILLON,False
14182,2022,Marine LE PEN,Marine LE PEN,True
14183,2022,Marine LE PEN,Marine LE PEN,True
14184,2022,Emmanuel MACRON,Emmanuel MACRON,True
14185,2022,Marine LE PEN,Marine LE PEN,True
14186,2022,Emmanuel MACRON,François FILLON,False
14187,2022,Emmanuel MACRON,François FILLON,False
14188,2022,Emmanuel MACRON,François FILLON,False
14189,2022,Emmanuel MACRON,Emmanuel MACRON,True
14190,2022,Emmanuel MACRON,Emmanuel MACRON,True
14191,2022,Emmanuel MACRON,François FILLON,False
14192,2022,Marine LE PEN,Marine LE PEN,True
14193,2022,Emmanuel MACRON,Emmanuel MACRON,True
14194,2022,Jean-Luc MÉLENCHON,François FILLON,False
14195,2022,Emmanuel MACRON,Emmanuel MACRON,True
14196,2022,Emmanuel MACRON,François FILLON,False
14197,2022,Marine LE PEN,Marine LE PEN,True
14198,2022,Emmanuel MACRON,François FILLON,False
14199,2022,Emmanuel MACRON,François FILLON,False
14200,2022,Marine LE PEN,Marine LE PEN,True
14201,2022,Marine LE PEN,Marine LE PEN,True
14202,2022,Marine LE PEN,Marine LE PEN,True
14203,2022,Marine LE PEN,Marine LE PEN,True
14204,2022,Emmanuel MACRON,François FILLON,False
14205,2022,Emmanuel MACRON,Emmanuel MACRON,True
14206,2022,Marine LE PEN,Marine LE PEN,True
14207,2022,Jean-Luc MÉLENCHON,François FILLON,False
14208,2022,Marine LE PEN,Marine LE PEN,True
14209,2022,Marine LE PEN,Marine LE PEN,True
14210,2022,Emmanuel MACRON,François FILLON,False
14211,2022,Jean-Luc MÉLENCHON,Jean-Luc MÉLENCHON,True
14212,2022,Emmanuel MACRON,François FILLON,False
14213,2022,Marine LE PEN,Marine LE PEN,True
14214,2022,Marine LE PEN,Marine LE PEN,True
14215,2022,Marine LE PEN,Marine LE PEN,True
14216,2022,Marine LE PEN,Marine LE PEN,True
14217,2022,Emmanuel MACRON,Emmanuel MACRON,True
14218,2022,Marine LE PEN,Marine LE PEN,True
14220,2022,Marine LE PEN,Marine LE PEN,True
14221,2022,Marine LE PEN,Marine LE PEN,True
14222,2022,Marine LE PEN,Marine LE PEN,True
14223,2022,Emmanuel MACRON,François FILLON,False
14224,2022,Marine LE PEN,Marine LE PEN,True
14225,2022,Emmanuel MACRON,François FILLON,False
14227,2022,Marine LE PEN,Marine LE PEN,True
14228,2022,Emmanuel MACRON,Emmanuel MACRON,True
14229,2022,Marine LE PEN,Marine LE PEN,True
14230,2022,Marine LE PEN,Marine LE PEN,True
14231,2022,Emmanuel MACRON,François FILLON,False
14232,2022,Marine LE PEN,Marine LE PEN,True
14233,2022,Marine LE PEN,Marine LE PEN,True
14234,2022,Marine LE PEN,Marine LE PEN,True
14235,2022,Marine LE PEN,Marine LE PEN,True
14236,2022,Jean-Luc MÉLENCHON,François FILLON,False
14237,2022,Marine LE PEN,Marine LE PEN,True
14238,2022,Marine LE PEN,Marine LE PEN,True
14239,2022,Emmanuel MACRON,François FILLON,False
14240,2022,Emmanuel MACRON,François FILLON,False
14241,2022,Emmanuel MACRON,François FILLON,False
14242,2022,Marine LE PEN,Marine LE PEN,True
14243,2022,Emmanuel MACRON,Emmanuel MACRON,True
14244,2022,Marine LE PEN,Marine LE PEN,True
14245,2022,Emmanuel MACRON,Emmanuel MACRON,True
14246,2022,Marine LE PEN,Marine LE PEN,True
14247,2022,Marine LE PEN,Marine LE PEN,True
14248,2022,Marine LE PEN,Marine LE PEN,True
14249,2022,Marine LE PEN,Marine LE PEN,True
14250,2022,Marine LE PEN,Marine LE PEN,True
14251,2022,Marine LE PEN,Marine LE PEN,True
14252,2022,Emmanuel MACRON,Jean-Luc MÉLENCHON,False
14253,2022,Emmanuel MACRON,Jean-Luc MÉLENCHON,False
14254,2022,Marine LE PEN,Marine LE PEN,True
14255,2022,Marine LE PEN,Marine LE PEN,True
14256,2022,Emmanuel MACRON,François FILLON,False
14257,2022,Emmanuel MACRON,François FILLON,False
14258,2022,Marine LE PEN,Marine LE PEN,True
14259,2022,Emmanuel MACRON,Emmanuel MACRON,True
14260,2022,Marine LE PEN,Marine LE PEN,True
14261,2022,Emmanuel MACRON,Emmanuel MACRON,True
14262,2022,Emmanuel MACRON,Jean-Luc MÉLENCHON,False
14263,2022,Emmanuel MACRON,François FILLON,False
14264,2022,Marine LE PEN,Marine LE PEN,True
14265,2022,Marine LE PEN,Marine LE PEN,True
14266,2022,Marine LE PEN,Marine LE PEN,True
14267,2022,Emmanuel MACRON,Emmanuel MACRON,True
14268,2022,Emmanuel MACRON,Emmanuel MACRON,True
14269,2022,Marine LE PEN,Marine LE PEN,True
14270,2022,Emmanuel MACRON,François FILLON,False
14271,2022,Marine LE PEN,Marine LE PEN,True
14272,2022,Marine LE PEN,Marine LE PEN,True
14273,2022,Emmanuel MACRON,François FILLON,False
14274,2022,Marine LE PEN,Marine LE PEN,True
14275,2022,Emmanuel MACRON,Emmanuel MACRON,True
14276,2022,Marine LE PEN,Marine LE PEN,True
14277,2022,Marine LE PEN,Marine LE PEN,True
14278,2022,Jean-Luc MÉLENCHON,François FILLON,False
14279,2022,Marine LE PEN,Marine LE PEN,True
14280,2022,Marine LE PEN,Marine LE PEN,True
14281,2022,Emmanuel MACRON,François FILLON,False
14282,2022,Marine LE PEN,Marine LE PEN,True
14283,2022,Emmanuel MACRON,François FILLON,False
14284,2022,Marine LE PEN,Marine LE PEN,True
14285,2022,Marine LE PEN,Marine LE PEN,True
14286,2022,Marine LE PEN,Marine LE PEN,True
14287,2022,Marine LE PEN,Marine LE PEN,True
14288,2022,Emmanuel MACRON,François FILLON,False
14289,2022,Marine LE PEN,Marine LE PEN,True
14290,2022,Marine LE PEN,Marine LE PEN,True
14291,2022,Marine LE PEN,Marine LE PEN,True
14292,2022,Marine LE PEN,Marine LE PEN,True
14293,2022,Marine LE PEN,Marine LE PEN,True
14294,2022,Marine LE PEN,Marine LE PEN,True
14295,2022,Marine LE PEN,Marine LE PEN,True
14296,2022,Emmanuel MACRON,François FILLON,False
14297,2022,Emmanuel MACRON,François FILLON,False
14298,2022,Emmanuel MACRON,François FILLON,False
14299,2022,Marine LE PEN,Marine LE PEN,True
14300,2022,Jean-Luc MÉLENCHON,François FILLON,False
14301,2022,Marine LE PEN,Marine LE PEN,True
14302,2022,Emmanuel MACRON,Emmanuel MACRON,True
14303,2022,Marine LE PEN,Marine LE PEN,True
14304,2022,Emmanuel MACRON,Emmanuel MACRON,True
14305,2022,Marine LE PEN,Marine LE PEN,True
14306,2022,Emmanuel MACRON,Emmanuel MACRON,True
14307,2022,Marine LE PEN,Marine LE PEN,True
14308,2022,Emmanuel MACRON,Emmanuel MACRON,True
14309,2022,Emmanuel MACRON,François FILLON,False
14310,2022,Jean-Luc MÉLENCHON,François FILLON,False
14311,2022,Marine LE PEN,Marine LE PEN,True
14312,2022,Jean-Luc MÉLENCHON,François FILLON,False
14313,2022,Jean-Luc MÉLENCHON,François FILLON,False
14314,2022,Emmanuel MACRON,Emmanuel MACRON,True
14315,2022,Emmanuel MACRON,Emmanuel MACRON,True
14316,2022,Emmanuel MACRON,François FILLON,False
14318,2022,Marine LE PEN,Marine LE PEN,True
14319,2022,Emmanuel MACRON,François FILLON,False
14320,2022,Jean-Luc MÉLENCHON,François FILLON,False
14321,2022,Emmanuel MACRON,Jean-Luc MÉLENCHON,False
14322,2022,Emmanuel MACRON,François FILLON,False
14323,2022,Emmanuel MACRON,Jean-Luc MÉLENCHON,False
14324,2022,Emmanuel MACRON,Emmanuel MACRON,True
14325,2022,Jean-Luc MÉLENCHON,François FILLON,False
14326,2022,Emmanuel MACRON,Emmanuel MACRON,True
14327,2022,Marine LE PEN,Marine LE PEN,True
14328,2022,Marine LE PEN,Marine LE PEN,True
14329,2022,Marine LE PEN,Marine LE PEN,True
14330,2022,Marine LE PEN,Marine LE PEN,True
14331,2022,Emmanuel MACRON,François FILLON,False
14332,2022,Marine LE PEN,Marine LE PEN,True
14333,2022,Emmanuel MACRON,Emmanuel MACRON,True
14334,2022,Marine LE PEN,Marine LE PEN,True
14335,2022,Marine LE PEN,Marine LE PEN,True
14336,2022,Marine LE PEN,Marine LE PEN,True
14337,2022,Marine LE PEN,Marine LE PEN,True
14338,2022,Marine LE PEN,Marine LE PEN,True
14339,2022,Emmanuel MACRON,François FILLON,False
14340,2022,Emmanuel MACRON,Emmanuel MACRON,True
14341,2022,Jean-Luc MÉLENCHON,Jean-Luc MÉLENCHON,True
14342,2022,Marine LE PEN,Marine LE PEN,True
14343,2022,Jean-Luc MÉLENCHON,François FILLON,False
14344,2022,Marine LE PEN,Marine LE PEN,True
14345,2022,Marine LE PEN,Marine LE PEN,True
14346,2022,Marine LE PEN,Marine LE PEN,True
14347,2022,Emmanuel MACRON,Emmanuel MACRON,True
14348,2022,Emmanuel MACRON,Emmanuel MACRON,True
14349,2022,Marine LE PEN,Marine LE PEN,True
14350,2022,Emmanuel MACRON,Emmanuel MACRON,True
14351,2022,Marine LE PEN,Marine LE PEN,True
14352,2022,Marine LE PEN,Marine LE PEN,True
14353,2022,Emmanuel MACRON,François FILLON,False
14354,2022,Emmanuel MACRON,François FILLON,False
14355,2022,Marine LE PEN,Marine LE PEN,True
14356,2022,Jean-Luc MÉLENCHON,Jean-Luc MÉLENCHON,True
14357,2022,Emmanuel MACRON,Emmanuel MACRON,True
14358,2022,Marine LE PEN,Marine LE PEN,True
14359,2022,Marine LE PEN,Marine LE PEN,True
14360,2022,Jean-Luc MÉLENCHON,François FILLON,False
14361,2022,Marine LE PEN,Marine LE PEN,True
14362,2022,Emmanuel MACRON,François FILLON,False
14363,2022,Emmanuel MACRON,Emmanuel MACRON,True
14364,2022,Marine LE PEN,Marine LE PEN,True
14365,2022,Emmanuel MACRON,Emmanuel MACRON,True
14366,2022,Marine LE PEN,Marine LE PEN,True
14367,2022,Emmanuel MACRON,Emmanuel MACRON,True
14368,2022,Emmanuel MACRON,Emmanuel MACRON,True
14369,2022,Marine LE PEN,Marine LE PEN,True
14370,2022,Marine LE PEN,Marine LE PEN,True
14371,2022,Jean-Luc MÉLENCHON,Emmanuel MACRON,False
14372,2022,Jean-Luc MÉLENCHON,François FILLON,False
14373,2022,Emmanuel MACRON,François FILLON,False
14374,2022,Emmanuel MACRON,Emmanuel MACRON,True
14375,2022,Marine LE PEN,Marine LE PEN,True
14376,2022,Marine LE PEN,Marine LE PEN,True
14377,2022,Emmanuel MACRON,Emmanuel MACRON,True
14378,2022,Emmanuel MACRON,François FILLON,False
14379,2022,Jean-Luc MÉLENCHON,Jean-Luc MÉLENCHON,True
14380,2022,Marine LE PEN,Marine LE PEN,True
14381,2022,Marine LE PEN,Marine LE PEN,True
14382,2022,Marine LE PEN,Marine LE PEN,True
14383,2022,Marine LE PEN,Marine LE PEN,True
14384,2022,Emmanuel MACRON,Emmanuel MACRON,True
14385,2022,Emmanuel MACRON,Emmanuel MACRON,True
14386,2022,Marine LE PEN,Marine LE PEN,True
14387,2022,Emmanuel MACRON,François FILLON,False
14388,2022,Emmanuel MACRON,Emmanuel MACRON,True
14389,2022,Jean-Luc MÉLENCHON,Emmanuel MACRON,False
14390,2022,Emmanuel MACRON,François FILLON,False
14391,2022,Jean-Luc MÉLENCHON,Jean-Luc MÉLENCHON,True
14392,2022,Jean-Luc MÉLENCHON,Jean-Luc MÉLENCHON,True
14393,2022,Marine LE PEN,Marine LE PEN,True
14395,2022,Marine LE PEN,Marine LE PEN,True
14396,2022,Marine LE PEN,Marine LE PEN,True
14397,2022,Emmanuel MACRON,Emmanuel MACRON,True
14398,2022,Marine LE PEN,Marine LE PEN,True
14399,2022,Jean-Luc MÉLENCHON,François FILLON,False
14400,2022,Marine LE PEN,Marine LE PEN,True
14401,2022,Marine LE PEN,Marine LE PEN,True
14402,2022,Marine LE PEN,Marine LE PEN,True
14403,2022,Marine LE PEN,Marine LE PEN,True
14404,2022,Emmanuel MACRON,Jean-Luc MÉLENCHON,False
14405,2022,Emmanuel MACRON,François FILLON,False
14406,2022,Emmanuel MACRON,François FILLON,False
14407,2022,Emmanuel MACRON,Emmanuel MACRON,True
14408,2022,Jean-Luc MÉLENCHON,Emmanuel MACRON,False
14409,2022,Marine LE PEN,Marine LE PEN,True
14410,2022,Emmanuel MACRON,François FILLON,False
14411,2022,Emmanuel MACRON,Emmanuel MACRON,True
14412,2022,Marine LE PEN,Marine LE PEN,True
14413,2022,Marine LE PEN,Marine LE PEN,True
14414,2022,Marine LE PEN,Marine LE PEN,True
14415,2022,Emmanuel MACRON,François FILLON,False
14416,2022,Jean-Luc MÉLENCHON,François FILLON,False
14417,2022,Marine LE PEN,Marine LE PEN,True
14418,2022,Jean-Luc MÉLENCHON,Emmanuel MACRON,False
14419,2022,Marine LE PEN,Marine LE PEN,True
14420,2022,Emmanuel MACRON,Emmanuel MACRON,True
14421,2022,Marine LE PEN,Marine LE PEN,True
14422,2022,Jean-Luc MÉLENCHON,François FILLON,False
14423,2022,Marine LE PEN,Marine LE PEN,True
14424,2022,Marine LE PEN,Marine LE PEN,True
14425,2022,Marine LE PEN,Marine LE PEN,True
14426,2022,Marine LE PEN,Marine LE PEN,True
14427,2022,Emmanuel MACRON,Emmanuel MACRON,True
14428,2022,Emmanuel MACRON,Emmanuel MACRON,True
14429,2022,Marine LE PEN,Marine LE PEN,True
14430,2022,Emmanuel MACRON,François FILLON,False
14431,2022,Emmanuel MACRON,Jean-Luc MÉLENCHON,False
14432,2022,Marine LE PEN,Marine LE PEN,True
14433,2022,Marine LE PEN,Marine LE PEN,True
14434,2022,Emmanuel MACRON,François FILLON,False
14435,2022,Marine LE PEN,Marine LE PEN,True
14436,2022,Jean-Luc MÉLENCHON,Emmanuel MACRON,False
14437,2022,Marine LE PEN,Marine LE PEN,True
14438,2022,Marine LE PEN,Marine LE PEN,True
14439,2022,Marine LE PEN,Marine LE PEN,True
14440,2022,Emmanuel MACRON,Emmanuel MACRON,True
14441,2022,Emmanuel MACRON,François FILLON,False
14442,2022,Marine LE PEN,Marine LE PEN,True
14443,2022,Jean-Luc MÉLENCHON,François FILLON,False
14444,2022,Marine LE PEN,Marine LE PEN,True
14445,2022,Jean-Luc MÉLENCHON,François FILLON,False
14446,2022,Marine LE PEN,Marine LE PEN,True
14447,2022,Emmanuel MACRON,Emmanuel MACRON,True
14448,2022,Emmanuel MACRON,Emmanuel MACRON,True
14449,2022,Marine LE PEN,Marine LE PEN,True
14450,2022,Emmanuel MACRON,Emmanuel MACRON,True
14452,2022,Marine LE PEN,Marine LE PEN,True
14453,2022,Emmanuel MACRON,Emmanuel MACRON,True
14454,2022,Marine LE PEN,Marine LE PEN,True
14455,2022,Marine LE PEN,Marine LE PEN,True
14456,2022,Emmanuel MACRON,Emmanuel MACRON,True
14457,2022,Jean-Luc MÉLENCHON,François FILLON,False
14458,2022,Emmanuel MACRON,Emmanuel MACRON,True
14459,2022,Marine LE PEN,Marine LE PEN,True
14460,2022,Jean-Luc MÉLENCHON,François FILLON,False
14461,2022,Emmanuel MACRON,Emmanuel MACRON,True
14462,2022,Jean-Luc MÉLENCHON,François FILLON,False
14463,2022,Marine LE PEN,Marine LE PEN,True
14464,2022,Emmanuel MACRON,François FILLON,False
14465,2022,Marine LE PEN,Marine LE PEN,True
14466,2022,Emmanuel MACRON,François FILLON,False
14467,2022,Marine LE PEN,Marine LE PEN,True
14468,2022,Marine LE PEN,Marine LE PEN,True
14469,2022,Marine LE PEN,Marine LE PEN,True
14471,2022,Emmanuel MACRON,François FILLON,False
14472,2022,Marine LE PEN,Marine LE PEN,True
14473,2022,Emmanuel MACRON,Emmanuel MACRON,True
14474,2022,Marine LE PEN,Marine LE PEN,True
14475,2022,Jean-Luc MÉLENCHON,Jean-Luc MÉLENCHON,True
14476,2022,Emmanuel MACRON,François FILLON,False
14477,2022,Marine LE PEN,Marine LE PEN,True
14478,2022,Jean-Luc MÉLENCHON,François FILLON,False
14480,2022,Emmanuel MACRON,Emmanuel MACRON,True
14481,2022,Marine LE PEN,Marine LE PEN,True
14483,2022,Marine LE PEN,Marine LE PEN,True
14484,2022,Emmanuel MACRON,François FILLON,False
14485,2022,Emmanuel MACRON,Emmanuel MACRON,True
14486,2022,Marine LE PEN,Marine LE PEN,True
14487,2022,Marine LE PEN,Marine LE PEN,True
14488,2022,Emmanuel MACRON,Jean-Luc MÉLENCHON,False
14489,2022,Marine LE PEN,Marine LE PEN,True
14490,2022,Marine LE PEN,Marine LE PEN,True
14491,2022,Jean-Luc MÉLENCHON,Jean-Luc MÉLENCHON,True
14492,2022,Jean-Luc MÉLENCHON,Jean-Luc MÉLENCHON,True
14493,2022,Jean-Luc MÉLENCHON,Jean-Luc MÉLENCHON,True
14494,2022,Jean-Luc MÉLENCHON,François FILLON,False
14495,2022,Marine LE PEN,Marine LE PEN,True
14496,2022,Emmanuel MACRON,François FILLON,False
14497,2022,Jean-Luc MÉLENCHON,François FILLON,False
14498,2022,Marine LE PEN,Marine LE PEN,True
14499,2022,Marine LE PEN,Marine LE PEN,True
14500,2022,Jean-Luc MÉLENCHON,Emmanuel MACRON,False
14501,2022,Jean-Luc MÉLENCHON,François FILLON,False
14502,2022,Emmanuel MACRON,François FILLON,False
14503,2022,Jean-Luc MÉLENCHON,François FILLON,False
14504,2022,Marine LE PEN,Marine LE PEN,True
14505,2022,Emmanuel MACRON,Emmanuel MACRON,True
14506,2022,Marine LE PEN,Marine LE PEN,True
14507,2022,Jean-Luc MÉLENCHON,François FILLON,False
14508,2022,Emmanuel MACRON,Emmanuel MACRON,True
14509,2022,Marine LE PEN,Marine LE PEN,True
14510,2022,Marine LE PEN,Marine LE PEN,True
14511,2022,Marine LE PEN,Marine LE PEN,True
14512,2022,Marine LE PEN,Marine LE PEN,True
14513,2022,Marine LE PEN,Marine LE PEN,True
14514,2022,Marine LE PEN,Marine LE PEN,True
14515,2022,Marine LE PEN,Marine LE PEN,True
14516,2022,Jean-Luc MÉLENCHON,François FILLON,False
14517,2022,Marine LE PEN,Marine LE PEN,True
14518,2022,Marine LE PEN,Marine LE PEN,True
14519,2022,Marine LE PEN,Marine LE PEN,True
14520,2022,Marine LE PEN,Marine LE PEN,True
14521,2022,Emmanuel MACRON,François FILLON,False
14522,2022,Emmanuel MACRON,Emmanuel MACRON,True
14523,2022,Marine LE PEN,Marine LE PEN,True
14524,2022,Jean-Luc MÉLENCHON,Emmanuel MACRON,False
14525,2022,Marine LE PEN,Marine LE PEN,True
14526,2022,Emmanuel MACRON,Emmanuel MACRON,True
14527,2022,Marine LE PEN,Marine LE PEN,True
14528,2022,Marine LE PEN,Marine LE PEN,True
14529,2022,Jean-Luc MÉLENCHON,François FILLON,False
14530,2022,Jean-Luc MÉLENCHON,François FILLON,False
14531,2022,Marine LE PEN,Marine LE PEN,True
14532,2022,Marine LE PEN,Marine LE PEN,True
14533,2022,Jean-Luc MÉLENCHON,Emmanuel MACRON,False
14534,2022,Marine LE PEN,Marine LE PEN,True
14535,2022,Jean-Luc MÉLENCHON,Emmanuel MACRON,False
14536,2022,Emmanuel MACRON,Emmanuel MACRON,True
14537,2022,Marine LE PEN,Marine LE PEN,True
14538,2022,Jean-Luc MÉLENCHON,François FILLON,False
14539,2022,Marine LE PEN,Marine LE PEN,True
14540,2022,Emmanuel MACRON,François FILLON,False
14542,2022,Emmanuel MACRON,Emmanuel MACRON,True
14543,2022,Marine LE PEN,Marine LE PEN,True
14544,2022,Marine LE PEN,Marine LE PEN,True
14545,2022,Marine LE PEN,Marine LE PEN,True
14546,2022,Emmanuel MACRON,Emmanuel MACRON,True
14547,2022,Marine LE PEN,Marine LE PEN,True
14548,2022,Emmanuel MACRON,François FILLON,False
14549,2022,Marine LE PEN,Marine LE PEN,True
14550,2022,Marine LE PEN,Marine LE PEN,True
14551,2022,Marine LE PEN,Marine LE PEN,True
14552,2022,Emmanuel MACRON,François FILLON,False
14553,2022,Marine LE PEN,Marine LE PEN,True
14554,2022,Marine LE PEN,Marine LE PEN,True
14555,2022,Emmanuel MACRON,Emmanuel MACRON,True
14556,2022,Emmanuel MACRON,Emmanuel MACRON,True
14557,2022,Marine LE PEN,Marine LE PEN,True
14558,2022,Marine LE PEN,Marine LE PEN,True
14559,2022,Emmanuel MACRON,Jean-Luc MÉLENCHON,False
14560,2022,Marine LE PEN,Marine LE PEN,True
14561,2022,Marine LE PEN,Marine LE PEN,True
14562,2022,Marine LE PEN,Marine LE PEN,True
14563,2022,Emmanuel MACRON,Jean-Luc MÉLENCHON,False
14564,2022,Marine LE PEN,Marine LE PEN,True
14565,2022,Marine LE PEN,Marine LE PEN,True
14566,2022,Marine LE PEN,Marine LE PEN,True
14567,2022,Jean-Luc MÉLENCHON,François FILLON,False
14568,2022,Marine LE PEN,Marine LE PEN,True
14569,2022,Emmanuel MACRON,Emmanuel MACRON,True
14570,2022,Marine LE PEN,Marine LE PEN,True
14571,2022,Marine LE PEN,Marine LE PEN,True
14572,2022,Emmanuel MACRON,Emmanuel MACRON,True
14573,2022,Marine LE PEN,Marine LE PEN,True
14574,2022,Jean-Luc MÉLENCHON,François FILLON,False
14575,2022,Jean-Luc MÉLENCHON,François FILLON,False
14576,2022,Emmanuel MACRON,François FILLON,False
14577,2022,Jean-Luc MÉLENCHON,Emmanuel MACRON,False
14578,2022,Marine LE PEN,Marine LE PEN,True
14579,2022,Emmanuel MACRON,Emmanuel MACRON,True
14580,2022,Emmanuel MACRON,Emmanuel MACRON,True
14581,2022,Marine LE PEN,Marine LE PEN,True
14582,2022,Marine LE PEN,Marine LE PEN,True
14583,2022,Marine LE PEN,Marine LE PEN,True
14584,2022,Marine LE PEN,Marine LE PEN,True
14585,2022,Jean-Luc MÉLENCHON,François FILLON,False
14586,2022,Emmanuel MACRON,Emmanuel MACRON,True
14587,2022,Emmanuel MACRON,Jean-Luc MÉLENCHON,False
14588,2022,Emmanuel MACRON,Emmanuel MACRON,True
14589,2022,Emmanuel MACRON,François FILLON,False
14590,2022,Jean-Luc MÉLENCHON,Emmanuel MACRON,False
14591,2022,Emmanuel MACRON,François FILLON,False
14592,2022,Jean-Luc MÉLENCHON,Jean-Luc MÉLENCHON,True
14593,2022,Emmanuel MACRON,Emmanuel MACRON,True
14594,2022,Jean-Luc MÉLENCHON,François FILLON,False
14595,2022,Marine LE PEN,Marine LE PEN,True
14596,2022,Marine LE PEN,Marine LE PEN,True
14597,2022,Marine LE PEN,Marine LE PEN,True
14598,2022,Emmanuel MACRON,Jean-Luc MÉLENCHON,False
14599,2022,Jean-Luc MÉLENCHON,François FILLON,False
14600,2022,Jean-Luc MÉLENCHON,François FILLON,False
14601,2022,Jean-Luc MÉLENCHON,Emmanuel MACRON,False
14602,2022,Emmanuel MACRON,Emmanuel MACRON,True
14603,2022,Emmanuel MACRON,Emmanuel MACRON,True
14604,2022,Jean-Luc MÉLENCHON,François FILLON,False
14605,2022,Marine LE PEN,Marine LE PEN,True
14607,2022,Emmanuel MACRON,Emmanuel MACRON,True
14608,2022,Marine LE PEN,Marine LE PEN,True
14609,2022,Emmanuel MACRON,François FILLON,False
14610,2022,Marine LE PEN,Marine LE PEN,True
14611,2022,Emmanuel MACRON,François FILLON,False
14612,2022,Jean-Luc MÉLENCHON,Emmanuel MACRON,False
14613,2022,Marine LE PEN,Marine LE PEN,True
14614,2022,Marine LE PEN,Marine LE PEN,True
14615,2022,Marine LE PEN,Marine LE PEN,True
14616,2022,Jean-Luc MÉLENCHON,François FILLON,False
14617,2022,Emmanuel MACRON,Jean-Luc MÉLENCHON,False
14618,2022,Marine LE PEN,Marine LE PEN,True
14619,2022,Marine LE PEN,Marine LE PEN,True
14620,2022,Marine LE PEN,Marine LE PEN,True
14621,2022,Marine LE PEN,Marine LE PEN,True
14622,2022,Marine LE PEN,Marine LE PEN,True
14623,2022,Marine LE PEN,Marine LE PEN,True
14624,2022,Marine LE PEN,Marine LE PEN,True
14625,2022,Jean-Luc MÉLENCHON,François FILLON,False
14626,2022,Marine LE PEN,Marine LE PEN,True
14627,2022,Marine LE PEN,Marine LE PEN,True
14628,2022,Marine LE PEN,Marine LE PEN,True
14629,2022,Emmanuel MACRON,François FILLON,False
14630,2022,Emmanuel MACRON,Emmanuel MACRON,True
14631,2022,Emmanuel MACRON,Emmanuel MACRON,True
14632,2022,Marine LE PEN,Marine LE PEN,True
14633,2022,Marine LE PEN,Marine LE PEN,True
14634,2022,Emmanuel MACRON,Emmanuel MACRON,True
14635,2022,Marine LE PEN,Marine LE PEN,True
14636,2022,Marine LE PEN,Marine LE PEN,True
14637,2022,Emmanuel MACRON,François FILLON,False
14638,2022,Marine LE PEN,Marine LE PEN,True
14639,2022,Jean-Luc MÉLENCHON,Emmanuel MACRON,False
14640,2022,Jean-Luc MÉLENCHON,François FILLON,False
14641,2022,Marine LE PEN,Marine LE PEN,True
14642,2022,Emmanuel MACRON,Emmanuel MACRON,True
14643,2022,Marine LE PEN,Marine LE PEN,True
14644,2022,Marine LE PEN,Marine LE PEN,True
14645,2022,Marine LE PEN,Marine LE PEN,True
14646,2022,Marine LE PEN,Marine LE PEN,True
14647,2022,Marine LE PEN,Marine LE PEN,True
14648,2022,Marine LE PEN,Marine LE PEN,True
14649,2022,Marine LE PEN,Marine LE PEN,True
14650,2022,Marine LE PEN,Marine LE PEN,True
14651,2022,Emmanuel MACRON,Emmanuel MACRON,True
14652,2022,Emmanuel MACRON,Emmanuel MACRON,True
14653,2022,Emmanuel MACRON,Emmanuel MACRON,True
14654,2022,Emmanuel MACRON,François FILLON,False
14655,2022,Jean-Luc MÉLENCHON,François FILLON,False
14656,2022,Marine LE PEN,Marine LE PEN,True
14657,2022,Jean-Luc MÉLENCHON,Emmanuel MACRON,False
14658,2022,Marine LE PEN,Marine LE PEN,True
14659,2022,Marine LE PEN,Marine LE PEN,True
14660,2022,Marine LE PEN,Marine LE PEN,True
14661,2022,Marine LE PEN,Marine LE PEN,True
14662,2022,Marine LE PEN,Marine LE PEN,True
14663,2022,Marine LE PEN,Marine LE PEN,True
14664,2022,Marine LE PEN,Marine LE PEN,True
14665,2022,Marine LE PEN,Marine LE PEN,True
14666,2022,Emmanuel MACRON,Emmanuel MACRON,True
14667,2022,Emmanuel MACRON,Emmanuel MACRON,True
14668,2022,Marine LE PEN,Marine LE PEN,True
14669,2022,Marine LE PEN,Marine LE PEN,True
14670,2022,Marine LE PEN,Marine LE PEN,True
14671,2022,Marine LE PEN,Marine LE PEN,True
14672,2022,Emmanuel MACRON,Emmanuel MACRON,True
14673,2022,Emmanuel MACRON,Emmanuel MACRON,True
14674,2022,Emmanuel MACRON,François FILLON,False
14675,2022,Jean-Luc MÉLENCHON,François FILLON,False
14676,2022,Marine LE PEN,Marine LE PEN,True
14677,2022,Emmanuel MACRON,François FILLON,False
14678,2022,Emmanuel MACRON,Jean-Luc MÉLENCHON,False
14679,2022,Emmanuel MACRON,François FILLON,False
14680,2022,Marine LE PEN,Marine LE PEN,True
14681,2022,Emmanuel MACRON,Jean-Luc MÉLENCHON,False
14682,2022,Jean-Luc MÉLENCHON,François FILLON,False
14683,2022,Emmanuel MACRON,François FILLON,False
14684,2022,Marine LE PEN,Marine LE PEN,True
14685,2022,Emmanuel MACRON,Emmanuel MACRON,True
14686,2022,Marine LE PEN,Marine LE PEN,True
14687,2022,Emmanuel MACRON,François FILLON,False
14688,2022,Emmanuel MACRON,François FILLON,False
14689,2022,Emmanuel MACRON,Emmanuel MACRON,True
14690,2022,Emmanuel MACRON,Emmanuel MACRON,True
14691,2022,Emmanuel MACRON,Emmanuel MACRON,True
14692,2022,Marine LE PEN,Marine LE PEN,True
14693,2022,Marine LE PEN,Marine LE PEN,True
14694,2022,Emmanuel MACRON,Emmanuel MACRON,True
14695,2022,Jean-Luc MÉLENCHON,François FILLON,False
14696,2022,Marine LE PEN,Marine LE PEN,True
14697,2022,Marine LE PEN,Marine LE PEN,True
14698,2022,Emmanuel MACRON,Emmanuel MACRON,True
14699,2022,Marine LE PEN,Marine LE PEN,True
14700,2022,Emmanuel MACRON,François FILLON,False
14701,2022,Emmanuel MACRON,François FILLON,False
14702,2022,Marine LE PEN,Marine LE PEN,True
14703,2022,Emmanuel MACRON,Jean-Luc MÉLENCHON,False
14704,2022,Emmanuel MACRON,Emmanuel MACRON,True
14705,2022,Marine LE PEN,Marine LE PEN,True
14706,2022,Emmanuel MACRON,Emmanuel MACRON,True
14707,2022,Emmanuel MACRON,Emmanuel MACRON,True
14708,2022,Jean-Luc MÉLENCHON,François FILLON,False
14709,2022,Emmanuel MACRON,François FILLON,False
14710,2022,Jean-Luc MÉLENCHON,François FILLON,False
14711,2022,Emmanuel MACRON,François FILLON,False
14712,2022,Jean-Luc MÉLENCHON,Jean-Luc MÉLENCHON,True
14713,2022,Emmanuel MACRON,Emmanuel MACRON,True
14714,2022,Marine LE PEN,Marine LE PEN,True
14715,2022,Marine LE PEN,Marine LE PEN,True
14716,2022,Emmanuel MACRON,Emmanuel MACRON,True
14717,2022,Emmanuel MACRON,Emmanuel MACRON,True
14718,2022,Marine LE PEN,Marine LE PEN,True
14719,2022,Marine LE PEN,Marine LE PEN,True
14720,2022,Marine LE PEN,Marine LE PEN,True
14721,2022,Jean-Luc MÉLENCHON,Jean-Luc MÉLENCHON,True
14722,2022,Emmanuel MACRON,Emmanuel MACRON,True
14723,2022,Emmanuel MACRON,François FILLON,False
14724,2022,Emmanuel MACRON,Emmanuel MACRON,True
14725,2022,Emmanuel MACRON,François FILLON,False
14726,2022,Emmanuel MACRON,François FILLON,False
14727,2022,Marine LE PEN,Marine LE PEN,True
14728,2022,Jean-Luc MÉLENCHON,François FILLON,False
14729,2022,Emmanuel MACRON,François FILLON,False
14730,2022,Emmanuel MACRON,François FILLON,False
14731,2022,Emmanuel MACRON,François FILLON,False
14732,2022,Marine LE PEN,Marine LE PEN,True
14733,2022,Marine LE PEN,Marine LE PEN,True
14734,2022,Marine LE PEN,Marine LE PEN,True
14735,2022,Marine LE PEN,Marine LE PEN,True
14736,2022,Marine LE PEN,Marine LE PEN,True
14737,2022,Emmanuel MACRON,Emmanuel MACRON,True
14738,2022,Emmanuel MACRON,François FILLON,False
14739,2022,Emmanuel MACRON,François FILLON,False
14740,2022,Marine LE PEN,Marine LE PEN,True
14741,2022,Marine LE PEN,Marine LE PEN,True
14742,2022,Marine LE PEN,Marine LE PEN,True
14743,2022,Emmanuel MACRON,François FILLON,False
14744,2022,Marine LE PEN,Marine LE PEN,True
14745,2022,Emmanuel MACRON,François FILLON,False
14746,2022,Marine LE PEN,Marine LE PEN,True
14747,2022,Marine LE PEN,Marine LE PEN,True
14748,2022,Marine LE PEN,Marine LE PEN,True
14749,2022,Marine LE PEN,Marine LE PEN,True
14750,2022,Marine LE PEN,Marine LE PEN,True
14751,2022,Marine LE PEN,Marine LE PEN,True
14752,2022,Marine LE PEN,Marine LE PEN,True
14753,2022,Emmanuel MACRON,François FILLON,False
14754,2022,Emmanuel MACRON,François FILLON,False
14755,2022,Emmanuel MACRON,François FILLON,False
14756,2022,Marine LE PEN,Marine LE PEN,True
14757,2022,Marine LE PEN,Marine LE PEN,True
14759,2022,Marine LE PEN,Marine LE PEN,True
14760,2022,Emmanuel MACRON,François FILLON,False
14761,2022,Marine LE PEN,Marine LE PEN,True
14762,2022,Marine LE PEN,Marine LE PEN,True
14763,2022,Emmanuel MACRON,François FILLON,False
14764,2022,Emmanuel MACRON,François FILLON,False
14765,2022,Marine LE PEN,Marine LE PEN,True
14766,2022,Marine LE PEN,Marine LE PEN,True
14767,2022,Jean-Luc MÉLENCHON,François FILLON,False
14768,2022,Emmanuel MACRON,François FILLON,False
14769,2022,Emmanuel MACRON,François FILLON,False
14770,2022,Marine LE PEN,Marine LE PEN,True
14771,2022,Emmanuel MACRON,François FILLON,False
14772,2022,Marine LE PEN,Marine LE PEN,True
14773,2022,Emmanuel MACRON,François FILLON,False
14774,2022,Emmanuel MACRON,François FILLON,False
14775,2022,Emmanuel MACRON,François FILLON,False
14776,2022,Jean-Luc MÉLENCHON,François FILLON,False
14777,2022,Marine LE PEN,Marine LE PEN,True
14778,2022,Emmanuel MACRON,François FILLON,False
14779,2022,Marine LE PEN,Marine LE PEN,True
14780,2022,Emmanuel MACRON,François FILLON,False
14781,2022,Marine LE PEN,Marine LE PEN,True
14782,2022,Emmanuel MACRON,François FILLON,False
14783,2022,Jean-Luc MÉLENCHON,François FILLON,False
14784,2022,Marine LE PEN,Marine LE PEN,True
14785,2022,Marine LE PEN,Marine LE PEN,True
14786,2022,Emmanuel MACRON,François FILLON,False
14787,2022,Jean-Luc MÉLENCHON,François FILLON,False
14788,2022,Marine LE PEN,Marine LE PEN,True
14789,2022,Emmanuel MACRON,François FILLON,False
14790,2022,Marine LE PEN,Marine LE PEN,True
14791,2022,Emmanuel MACRON,François FILLON,False
14793,2022,Marine LE PEN,Marine LE PEN,True
14794,2022,Emmanuel MACRON,François FILLON,False
14795,2022,Marine LE PEN,Marine LE PEN,True
14796,2022,Jean-Luc MÉLENCHON,François FILLON,False
14797,2022,Marine LE PEN,Marine LE PEN,True
14798,2022,Marine LE PEN,Marine LE PEN,True
14799,2022,Emmanuel MACRON,François FILLON,False
14800,2022,Emmanuel MACRON,François FILLON,False
14801,2022,Emmanuel MACRON,François FILLON,False
14802,2022,Marine LE PEN,Marine LE PEN,True
14803,2022,Emmanuel MACRON,François FILLON,False
14805,2022,Emmanuel MACRON,François FILLON,False
14806,2022,Marine LE PEN,Marine LE PEN,True
14807,2022,Marine LE PEN,Marine LE PEN,True
14808,2022,Marine LE PEN,Marine LE PEN,True
14809,2022,Emmanuel MACRON,François FILLON,False
14810,2022,Jean-Luc MÉLENCHON,François FILLON,False
14811,2022,Marine LE PEN,Marine LE PEN,True
14812,2022,Marine LE PEN,Marine LE PEN,True
14813,2022,Marine LE PEN,Marine LE PEN,True
14814,2022,Marine LE PEN,Marine LE PEN,True
14815,2022,Marine LE PEN,Marine LE PEN,True
14816,2022,Marine LE PEN,Marine LE PEN,True
14817,2022,Jean-Luc MÉLENCHON,François FILLON,False
14818,2022,Marine LE PEN,Marine LE PEN,True
14819,2022,Emmanuel MACRON,François FILLON,False
14820,2022,Marine LE PEN,Marine LE PEN,True
14821,2022,Marine LE PEN,Marine LE PEN,True
14822,2022,Emmanuel MACRON,François FILLON,False
14823,2022,Marine LE PEN,Marine LE PEN,True
14824,2022,Marine LE PEN,Marine LE PEN,True
14825,2022,Emmanuel MACRON,François FILLON,False
14826,2022,Jean-Luc MÉLENCHON,François FILLON,False
14828,2022,Emmanuel MACRON,Emmanuel MACRON,True
14830,2022,Jean-Luc MÉLENCHON,François FILLON,False
14831,2022,Marine LE PEN,Marine LE PEN,True
14832,2022,Emmanuel MACRON,François FILLON,False
14833,2022,Marine LE PEN,Marine LE PEN,True
14834,2022,Jean-Luc MÉLENCHON,François FILLON,False
14835,2022,Marine LE PEN,Marine LE PEN,True
14836,2022,Marine LE PEN,Marine LE PEN,True
14837,2022,Marine LE PEN,Marine LE PEN,True
14838,2022,Marine LE PEN,Marine LE PEN,True
14839,2022,Jean-Luc MÉLENCHON,François FILLON,False
14840,2022,Marine LE PEN,Marine LE PEN,True
14841,2022,Marine LE PEN,Marine LE PEN,True
14842,2022,Jean-Luc MÉLENCHON,François FILLON,False
14843,2022,Marine LE PEN,Marine LE PEN,True
14844,2022,Emmanuel MACRON,François FILLON,False
14845,2022,Marine LE PEN,Marine LE PEN,True
14846,2022,Marine LE PEN,Marine LE PEN,True
14847,2022,Marine LE PEN,Marine LE PEN,True
14848,2022,Marine LE PEN,Marine LE PEN,True
14849,2022,Marine LE PEN,Marine LE PEN,True
14850,2022,Emmanuel MACRON,François FILLON,False
14851,2022,Marine LE PEN,Marine LE PEN,True
14852,2022,Marine LE PEN,Marine LE PEN,True
14853,2022,Marine LE PEN,Marine LE PEN,True
14854,2022,Marine LE PEN,Marine LE PEN,True
14855,2022,Emmanuel MACRON,François FILLON,False
14856,2022,Jean-Luc MÉLENCHON,François FILLON,False
14857,2022,Emmanuel MACRON,François FILLON,False
14859,2022,Marine LE PEN,Marine LE PEN,True
14860,2022,Marine LE PEN,Marine LE PEN,True
14861,2022,Jean-Luc MÉLENCHON,François FILLON,False
14862,2022,Emmanuel MACRON,François FILLON,False
14863,2022,Emmanuel MACRON,François FILLON,False
14864,2022,Marine LE PEN,Marine LE PEN,True
14865,2022,Emmanuel MACRON,François FILLON,False
14866,2022,Jean-Luc MÉLENCHON,François FILLON,False
14867,2022,Emmanuel MACRON,François FILLON,False
14868,2022,Marine LE PEN,Marine LE PEN,True
14869,2022,Emmanuel MACRON,François FILLON,False
14870,2022,Marine LE PEN,Marine LE PEN,True
14871,2022,Emmanuel MACRON,François FILLON,False
14872,2022,Emmanuel MACRON,François FILLON,False
14873,2022,Marine LE PEN,Marine LE PEN,True
14874,2022,Marine LE PEN,Marine LE PEN,True
14875,2022,Emmanuel MACRON,François FILLON,False
14876,2022,Emmanuel MACRON,François FILLON,False
14877,2022,Marine LE PEN,Marine LE PEN,True
14878,2022,Marine LE PEN,Marine LE PEN,True
14879,2022,Marine LE PEN,Marine LE PEN,True
14880,2022,Marine LE PEN,Marine LE PEN,True
14881,2022,Marine LE PEN,Marine LE PEN,True
14882,2022,Emmanuel MACRON,François FILLON,False
14883,2022,Marine LE PEN,Marine LE PEN,True
14884,2022,Emmanuel MACRON,Emmanuel MACRON,True
14885,2022,Marine LE PEN,Marine LE PEN,True
14886,2022,Marine LE PEN,Marine LE PEN,True
14887,2022,Marine LE PEN,Marine LE PEN,True
14888,2022,Emmanuel MACRON,François FILLON,False
14889,2022,Marine LE PEN,Marine LE PEN,True
14890,2022,Emmanuel MACRON,François FILLON,False
14891,2022,Marine LE PEN,Marine LE PEN,True
14892,2022,Emmanuel MACRON,François FILLON,False
14893,2022,Marine LE PEN,Marine LE PEN,True
14894,2022,Marine LE PEN,Marine LE PEN,True
14895,2022,Marine LE PEN,Marine LE PEN,True
14896,2022,Emmanuel MACRON,François FILLON,False
14897,2022,Emmanuel MACRON,François FILLON,False
14898,2022,Marine LE PEN,Marine LE PEN,True
14899,2022,Marine LE PEN,Marine LE PEN,True
14900,2022,Marine LE PEN,Marine LE PEN,True
14901,2022,Emmanuel MACRON,François FILLON,False
14902,2022,Emmanuel MACRON,Emmanuel MACRON,True
14903,2022,Emmanuel MACRON,Emmanuel MACRON,True
14904,2022,Emmanuel MACRON,François FILLON,False
14905,2022,Emmanuel MACRON,François FILLON,False
14906,2022,Marine LE PEN,Marine LE PEN,True
14907,2022,Emmanuel MACRON,François FILLON,False
14908,2022,Emmanuel MACRON,François FILLON,False
14909,2022,Marine LE PEN,Marine LE PEN,True
14910,2022,Marine LE PEN,Marine LE PEN,True
14911,2022,Emmanuel MACRON,François FILLON,False
14912,2022,Jean-Luc MÉLENCHON,François FILLON,False
14913,2022,Marine LE PEN,Marine LE PEN,True
14914,2022,Marine LE PEN,Marine LE PEN,True
14915,2022,Marine LE PEN,Marine LE PEN,True
14916,2022,Marine LE PEN,Marine LE PEN,True
14917,2022,Jean-Luc MÉLENCHON,François FILLON,False
14918,2022,Emmanuel MACRON,Emmanuel MACRON,True
14919,2022,Marine LE PEN,Marine LE PEN,True
14920,2022,Marine LE PEN,Marine LE PEN,True
14921,2022,Marine LE PEN,Marine LE PEN,True
14922,2022,Marine LE PEN,Marine LE PEN,True
14923,2022,Emmanuel MACRON,François FILLON,False
14924,2022,Emmanuel MACRON,François FILLON,False
14925,2022,Emmanuel MACRON,François FILLON,False
14926,2022,Emmanuel MACRON,François FILLON,False
14927,2022,Emmanuel MACRON,François FILLON,False
14928,2022,Emmanuel MACRON,François FILLON,False
14929,2022,Marine LE PEN,Marine LE PEN,True
14930,2022,Marine LE PEN,Marine LE PEN,True
14931,2022,Marine LE PEN,Marine LE PEN,True
14932,2022,Marine LE PEN,Marine LE PEN,True
14933,2022,Marine LE PEN,Marine LE PEN,True
14934,2022,Emmanuel MACRON,François FILLON,False
14935,2022,Emmanuel MACRON,François FILLON,False
14936,2022,Jean-Luc MÉLENCHON,François FILLON,False
14937,2022,Marine LE PEN,Marine LE PEN,True
14938,2022,Emmanuel MACRON,François FILLON,False
14939,2022,Marine LE PEN,Marine LE PEN,True
14940,2022,Emmanuel MACRON,François FILLON,False
14941,2022,Marine LE PEN,Marine LE PEN,True
14942,2022,Marine LE PEN,Marine LE PEN,True
14943,2022,Emmanuel MACRON,François FILLON,False
14944,2022,Emmanuel MACRON,François FILLON,False
14945,2022,Emmanuel MACRON,François FILLON,False
14946,2022,Marine LE PEN,Marine LE PEN,True
14947,2022,Marine LE PEN,Marine LE PEN,True
14948,2022,Marine LE PEN,Marine LE PEN,True
14949,2022,Marine LE PEN,Marine LE PEN,True
14950,2022,Marine LE PEN,Marine LE PEN,True
14951,2022,Marine LE PEN,Marine LE PEN,True
14952,2022,Marine LE PEN,Marine LE PEN,True
14953,2022,Jean-Luc MÉLENCHON,François FILLON,False
14954,2022,Marine LE PEN,Marine LE PEN,True
14955,2022,Marine LE PEN,Marine LE PEN,True
14956,2022,Marine LE PEN,Marine LE PEN,True
14957,2022,Jean-Luc MÉLENCHON,Emmanuel MACRON,False
14958,2022,Marine LE PEN,Marine LE PEN,True
14959,2022,Emmanuel MACRON,François FILLON,False
14960,2022,Jean-Luc MÉLENCHON,François FILLON,False
14961,2022,Marine LE PEN,Marine LE PEN,True
14962,2022,Marine LE PEN,Marine LE PEN,True
14963,2022,Emmanuel MACRON,François FILLON,False
14964,2022,Marine LE PEN,Marine LE PEN,True
14965,2022,Marine LE PEN,Marine LE PEN,True
14966,2022,Jean-Luc MÉLENCHON,François FILLON,False
14967,2022,Jean-Luc MÉLENCHON,François FILLON,False
14968,2022,Marine LE PEN,Marine LE PEN,True
14969,2022,Emmanuel MACRON,François FILLON,False
14970,2022,Marine LE PEN,Marine LE PEN,True
14971,2022,Jean-Luc MÉLENCHON,François FILLON,False
14972,2022,Marine LE PEN,Marine LE PEN,True
14973,2022,Emmanuel MACRON,François FILLON,False
14974,2022,Marine LE PEN,Marine LE PEN,True
14975,2022,Marine LE PEN,Marine LE PEN,True
14976,2022,Marine LE PEN,Marine LE PEN,True
14977,2022,Emmanuel MACRON,François FILLON,False
14979,2022,Jean-Luc MÉLENCHON,François FILLON,False
14980,2022,Marine LE PEN,Marine LE PEN,True
14981,2022,Marine LE PEN,Marine LE PEN,True
14982,2022,Marine LE PEN,Marine LE PEN,True
14983,2022,Emmanuel MACRON,François FILLON,False
14984,2022,Marine LE PEN,Marine LE PEN,True
14985,2022,Emmanuel MACRON,François FILLON,False
14986,2022,Marine LE PEN,Marine LE PEN,True
14987,2022,Marine LE PEN,Marine LE PEN,True
14988,2022,Emmanuel MACRON,François FILLON,False
14989,2022,Marine LE PEN,Marine LE PEN,True
14990,2022,Emmanuel MACRON,Emmanuel MACRON,True
14991,2022,Emmanuel MACRON,François FILLON,False
14992,2022,Marine LE PEN,Marine LE PEN,True
14993,2022,Jean-Luc MÉLENCHON,François FILLON,False
14994,2022,Emmanuel MACRON,François FILLON,False
14995,2022,Emmanuel MACRON,François FILLON,False
14996,2022,Jean-Luc MÉLENCHON,François FILLON,False
14997,2022,Emmanuel MACRON,François FILLON,False
14998,2022,Jean-Luc MÉLENCHON,François FILLON,False
14999,2022,Marine LE PEN,Marine LE PEN,True
15000,2022,Emmanuel MACRON,François FILLON,False
15001,2022,Marine LE PEN,Marine LE PEN,True
15002,2022,Emmanuel MACRON,François FILLON,False
15003,2022,Emmanuel MACRON,Emmanuel MACRON,True
15004,2022,Marine LE PEN,Marine LE PEN,True
15005,2022,Marine LE PEN,Marine LE PEN,True
15006,2022,Marine LE PEN,Marine LE PEN,True
15007,2022,Emmanuel MACRON,François FILLON,False
15008,2022,Jean-Luc MÉLENCHON,François FILLON,False
15009,2022,Marine LE PEN,Marine LE PEN,True
15010,2022,Emmanuel MACRON,François FILLON,False
15011,2022,Emmanuel MACRON,Emmanuel MACRON,True
15012,2022,Marine LE PEN,Marine LE PEN,True
15013,2022,Marine LE PEN,Marine LE PEN,True
15014,2022,Marine LE PEN,Marine LE PEN,True
15015,2022,Marine LE PEN,Marine LE PEN,True
15016,2022,Emmanuel MACRON,François FILLON,False
15017,2022,Marine LE PEN,Marine LE PEN,True
15018,2022,Marine LE PEN,Marine LE PEN,True
15019,2022,Emmanuel MACRON,François FILLON,False
15020,2022,Marine LE PEN,Marine LE PEN,True
15021,2022,Marine LE PEN,Marine LE PEN,True
15022,2022,Emmanuel MACRON,François FILLON,False
15023,2022,Marine LE PEN,Marine LE PEN,True
15024,2022,Marine LE PEN,Marine LE PEN,True
15025,2022,Emmanuel MACRON,François FILLON,False
15026,2022,Emmanuel MACRON,François FILLON,False
15027,2022,Marine LE PEN,Marine LE PEN,True
15028,2022,Marine LE PEN,Marine LE PEN,True
15029,2022,Marine LE PEN,Marine LE PEN,True
15030,2022,Emmanuel MACRON,François FILLON,False
15031,2022,Emmanuel MACRON,Emmanuel MACRON,True
15032,2022,Marine LE PEN,Marine LE PEN,True
15033,2022,Emmanuel MACRON,François FILLON,False
15034,2022,Marine LE PEN,Marine LE PEN,True
15035,2022,Marine LE PEN,Marine LE PEN,True
15036,2022,Marine LE PEN,Marine LE PEN,True
15037,2022,Emmanuel MACRON,François FILLON,False
15038,2022,Marine LE PEN,Marine LE PEN,True
15039,2022,Marine LE PEN,Marine LE PEN,True
15040,2022,Marine LE PEN,Marine LE PEN,True
15041,2022,Marine LE PEN,Marine LE PEN,True
15042,2022,Emmanuel MACRON,François FILLON,False
15043,2022,Marine LE PEN,Marine LE PEN,True
15044,2022,Emmanuel MACRON,François FILLON,False
15045,2022,Marine LE PEN,Marine LE PEN,True
15046,2022,Marine LE PEN,Marine LE PEN,True
15047,2022,Emmanuel MACRON,François FILLON,False
15048,2022,Jean-Luc MÉLENCHON,François FILLON,False
15049,2022,Marine LE PEN,Marine LE PEN,True
15050,2022,Emmanuel MACRON,François FILLON,False
15051,2022,Emmanuel MACRON,François FILLON,False
15052,2022,Marine LE PEN,Marine LE PEN,True
15053,2022,Marine LE PEN,Marine LE PEN,True
15054,2022,Marine LE PEN,Marine LE PEN,True
15055,2022,Marine LE PEN,Marine LE PEN,True
15056,2022,Marine LE PEN,Marine LE PEN,True
15057,2022,Emmanuel MACRON,François FILLON,False
15058,2022,Marine LE PEN,Marine LE PEN,True
15059,2022,Marine LE PEN,Marine LE PEN,True
15060,2022,Marine LE PEN,Marine LE PEN,True
15061,2022,Marine LE PEN,Marine LE PEN,True
15062,2022,Emmanuel MACRON,François FILLON,False
15063,2022,Emmanuel MACRON,François FILLON,False
15064,2022,Jean-Luc MÉLENCHON,François FILLON,False
15065,2022,Emmanuel MACRON,François FILLON,False
15066,2022,Emmanuel MACRON,François FILLON,False
15067,2022,Marine LE PEN,Marine LE PEN,True
15068,2022,Jean-Luc MÉLENCHON,François FILLON,False
15070,2022,Marine LE PEN,Marine LE PEN,True
15071,2022,Marine LE PEN,Marine LE PEN,True
15072,2022,Marine LE PEN,Marine LE PEN,True
15073,2022,Marine LE PEN,Marine LE PEN,True
15074,2022,Marine LE PEN,Marine LE PEN,True
15075,2022,Emmanuel MACRON,François FILLON,False
15076,2022,Marine LE PEN,Marine LE PEN,True
15077,2022,Marine LE PEN,Marine LE PEN,True
15078,2022,Emmanuel MACRON,François FILLON,False
15079,2022,Marine LE PEN,Marine LE PEN,True
15080,2022,Marine LE PEN,Marine LE PEN,True
15081,2022,Emmanuel MACRON,François FILLON,False
15082,2022,Marine LE PEN,Marine LE PEN,True
15083,2022,Emmanuel MACRON,François FILLON,False
15084,2022,Emmanuel MACRON,François FILLON,False
15085,2022,Marine LE PEN,Marine LE PEN,True
15086,2022,Jean-Luc MÉLENCHON,François FILLON,False
15088,2022,Marine LE PEN,Marine LE PEN,True
15090,2022,Marine LE PEN,Marine LE PEN,True
15091,2022,Emmanuel MACRON,François FILLON,False
15092,2022,Marine LE PEN,Marine LE PEN,True
15093,2022,Emmanuel MACRON,Emmanuel MACRON,True
15094,2022,Marine LE PEN,Marine LE PEN,True
15095,2022,Marine LE PEN,Marine LE PEN,True
15096,2022,Emmanuel MACRON,François FILLON,False
15097,2022,Jean-Luc MÉLENCHON,François FILLON,False
15098,2022,Emmanuel MACRON,François FILLON,False
15099,2022,Jean-Luc MÉLENCHON,François FILLON,False
15100,2022,Jean-Luc MÉLENCHON,François FILLON,False
15101,2022,Marine LE PEN,Marine LE PEN,True
15102,2022,Marine LE PEN,Marine LE PEN,True
15103,2022,Marine LE PEN,Marine LE PEN,True
15104,2022,Marine LE PEN,Marine LE PEN,True
15105,2022,Emmanuel MACRON,Emmanuel MACRON,True
15106,2022,Marine LE PEN,Marine LE PEN,True
15107,2022,Emmanuel MACRON,François FILLON,False
15108,2022,Marine LE PEN,Marine LE PEN,True
15109,2022,Emmanuel MACRON,François FILLON,False
15111,2022,Emmanuel MACRON,François FILLON,False
15112,2022,Marine LE PEN,Marine LE PEN,True
15113,2022,Emmanuel MACRON,François FILLON,False
15114,2022,Jean-Luc MÉLENCHON,François FILLON,False
15115,2022,Emmanuel MACRON,François FILLON,False
15116,2022,Emmanuel MACRON,François FILLON,False
15117,2022,Marine LE PEN,Marine LE PEN,True
15118,2022,Marine LE PEN,Marine LE PEN,True
15119,2022,Marine LE PEN,Marine LE PEN,True
15120,2022,Marine LE PEN,Marine LE PEN,True
15121,2022,Marine LE PEN,Marine LE PEN,True
15122,2022,Marine LE PEN,Marine LE PEN,True
15123,2022,Jean-Luc MÉLENCHON,François FILLON,False
15124,2022,Marine LE PEN,Marine LE PEN,True
15125,2022,Emmanuel MACRON,François FILLON,False
15126,2022,Jean-Luc MÉLENCHON,François FILLON,False
15127,2022,Marine LE PEN,Marine LE PEN,True
15128,2022,Emmanuel MACRON,François FILLON,False
15129,2022,Marine LE PEN,Marine LE PEN,True
15130,2022,Emmanuel MACRON,François FILLON,False
15131,2022,Jean-Luc MÉLENCHON,François FILLON,False
15132,2022,Marine LE PEN,Marine LE PEN,True
15133,2022,Jean-Luc MÉLENCHON,François FILLON,False
15134,2022,Marine LE PEN,Marine LE PEN,True
15135,2022,Marine LE PEN,Marine LE PEN,True
15136,2022,Marine LE PEN,Marine LE PEN,True
15137,2022,Emmanuel MACRON,François FILLON,False
15138,2022,Marine LE PEN,Marine LE PEN,True
15139,2022,Marine LE PEN,Marine LE PEN,True
15140,2022,Emmanuel MACRON,François FILLON,False
15141,2022,Marine LE PEN,Marine LE PEN,True
15142,2022,Emmanuel MACRON,François FILLON,False
15143,2022,Marine LE PEN,Marine LE PEN,True
15144,2022,Marine LE PEN,Marine LE PEN,True
15145,2022,Jean-Luc MÉLENCHON,François FILLON,False
15146,2022,Jean-Luc MÉLENCHON,François FILLON,False
15147,2022,Emmanuel MACRON,François FILLON,False
15148,2022,Marine LE PEN,Marine LE PEN,True
15151,2022,Marine LE PEN,Marine LE PEN,True
15152,2022,Emmanuel MACRON,François FILLON,False
15153,2022,Emmanuel MACRON,François FILLON,False
15154,2022,Emmanuel MACRON,François FILLON,False
15155,2022,Marine LE PEN,Marine LE PEN,True
15156,2022,Jean-Luc MÉLENCHON,François FILLON,False
15157,2022,Jean-Luc MÉLENCHON,François FILLON,False
15158,2022,Emmanuel MACRON,François FILLON,False
15159,2022,Emmanuel MACRON,François FILLON,False
15160,2022,Marine LE PEN,Marine LE PEN,True
15161,2022,Jean-Luc MÉLENCHON,François FILLON,False
15162,2022,Marine LE PEN,Marine LE PEN,True
15163,2022,Marine LE PEN,Marine LE PEN,True
15164,2022,Jean-Luc MÉLENCHON,François FILLON,False
15165,2022,Marine LE PEN,Marine LE PEN,True
15166,2022,Marine LE PEN,Marine LE PEN,True
15167,2022,Emmanuel MACRON,Emmanuel MACRON,True
15168,2022,Emmanuel MACRON,François FILLON,False
15169,2022,Emmanuel MACRON,François FILLON,False
15170,2022,Emmanuel MACRON,François FILLON,False
15171,2022,Marine LE PEN,Marine LE PEN,True
15172,2022,Emmanuel MACRON,François FILLON,False
15173,2022,Jean-Luc MÉLENCHON,François FILLON,False
15174,2022,Marine LE PEN,Marine LE PEN,True
15175,2022,Marine LE PEN,Marine LE PEN,True
15176,2022,Marine LE PEN,Marine LE PEN,True
15177,2022,Marine LE PEN,Marine LE PEN,True
15178,2022,Jean-Luc MÉLENCHON,François FILLON,False
15179,2022,Jean-Luc MÉLENCHON,François FILLON,False
15180,2022,Marine LE PEN,Marine LE PEN,True
15181,2022,Marine LE PEN,Marine LE PEN,True
15182,2022,Emmanuel MACRON,François FILLON,False
15183,2022,Marine LE PEN,Marine LE PEN,True
15184,2022,Marine LE PEN,Marine LE PEN,True
15185,2022,Marine LE PEN,Marine LE PEN,True
15186,2022,Marine LE PEN,Marine LE PEN,True
15187,2022,Marine LE PEN,Marine LE PEN,True
15188,2022,Marine LE PEN,Marine LE PEN,True
15189,2022,Marine LE PEN,Marine LE PEN,True
15190,2022,Emmanuel MACRON,François FILLON,False
15191,2022,Marine LE PEN,Marine LE PEN,True
15192,2022,Emmanuel MACRON,François FILLON,False
15193,2022,Emmanuel MACRON,François FILLON,False
15194,2022,Marine LE PEN,Marine LE PEN,True
15195,2022,Jean-Luc MÉLENCHON,François FILLON,False
15196,2022,Marine LE PEN,Marine LE PEN,True
15197,2022,Marine LE PEN,Marine LE PEN,True
15199,2022,Emmanuel MACRON,François FILLON,False
15200,2022,Marine LE PEN,Marine LE PEN,True
15201,2022,Marine LE PEN,Marine LE PEN,True
15202,2022,Marine LE PEN,Marine LE PEN,True
15203,2022,Emmanuel MACRON,François FILLON,False
15204,2022,Marine LE PEN,Marine LE PEN,True
15205,2022,Marine LE PEN,Marine LE PEN,True
15206,2022,Jean-Luc MÉLENCHON,François FILLON,False
15207,2022,Emmanuel MACRON,François FILLON,False
15208,2022,Emmanuel MACRON,François FILLON,False
15209,2022,Marine LE PEN,Marine LE PEN,True
15210,2022,Jean-Luc MÉLENCHON,François FILLON,False
15211,2022,Marine LE PEN,Marine LE PEN,True
15212,2022,Jean-Luc MÉLENCHON,François FILLON,False
15213,2022,Marine LE PEN,Marine LE PEN,True
15214,2022,Marine LE PEN,Marine LE PEN,True
15215,2022,Emmanuel MACRON,François FILLON,False
15217,2022,Emmanuel MACRON,François FILLON,False
15218,2022,Emmanuel MACRON,François FILLON,False
15219,2022,Marine LE PEN,Marine LE PEN,True
15220,2022,Marine LE PEN,Marine LE PEN,True
15221,2022,Emmanuel MACRON,François FILLON,False
15222,2022,Marine LE PEN,Marine LE PEN,True
15223,2022,Emmanuel MACRON,Emmanuel MACRON,True
15224,2022,Marine LE PEN,Marine LE PEN,True
15225,2022,Marine LE PEN,Marine LE PEN,True
15226,2022,Marine LE PEN,Marine LE PEN,True
15227,2022,Marine LE PEN,Marine LE PEN,True
15228,2022,Marine LE PEN,Marine LE PEN,True
15229,2022,Marine LE PEN,Marine LE PEN,True
15230,2022,Marine LE PEN,Marine LE PEN,True
15231,2022,Emmanuel MACRON,François FILLON,False
15232,2022,Emmanuel MACRON,François FILLON,False
15233,2022,Emmanuel MACRON,François FILLON,False
15234,2022,Jean-Luc MÉLENCHON,François FILLON,False
15235,2022,Emmanuel MACRON,Emmanuel MACRON,True
15236,2022,Emmanuel MACRON,Emmanuel MACRON,True
15237,2022,Emmanuel MACRON,Emmanuel MACRON,True
15238,2022,Marine LE PEN,Marine LE PEN,True
15239,2022,Emmanuel MACRON,Emmanuel MACRON,True
15240,2022,Emmanuel MACRON,François FILLON,False
15241,2022,Marine LE PEN,Marine LE PEN,True
15242,2022,Marine LE PEN,Marine LE PEN,True
15243,2022,Emmanuel MACRON,Emmanuel MACRON,True
15245,2022,Marine LE PEN,Marine LE PEN,True
15246,2022,Emmanuel MACRON,François FILLON,False
15247,2022,Marine LE PEN,Marine LE PEN,True
15248,2022,Marine LE PEN,Marine LE PEN,True
15249,2022,Emmanuel MACRON,Emmanuel MACRON,True
15250,2022,Emmanuel MACRON,Emmanuel MACRON,True
15251,2022,Marine LE PEN,Marine LE PEN,True
15252,2022,Marine LE PEN,Marine LE PEN,True
15253,2022,Marine LE PEN,Marine LE PEN,True
15254,2022,Marine LE PEN,Marine LE PEN,True
15255,2022,Emmanuel MACRON,Emmanuel MACRON,True
15256,2022,Marine LE PEN,Marine LE PEN,True
15257,2022,Marine LE PEN,Marine LE PEN,True
15258,2022,Emmanuel MACRON,Emmanuel MACRON,True
15259,2022,Emmanuel MACRON,Emmanuel MACRON,True
15260,2022,Marine LE PEN,Marine LE PEN,True
15261,2022,Jean LASSALLE,Emmanuel MACRON,False
15262,2022,Emmanuel MACRON,Emmanuel MACRON,True
15263,2022,Marine LE PEN,Marine LE PEN,True
15264,2022,Jean LASSALLE,Emmanuel MACRON,False
15265,2022,Emmanuel MACRON,Emmanuel MACRON,True
15266,2022,Marine LE PEN,Marine LE PEN,True
15267,2022,Jean-Luc MÉLENCHON,Emmanuel MACRON,False
15268,2022,Emmanuel MACRON,Emmanuel MACRON,True
15269,2022,Emmanuel MACRON,Emmanuel MACRON,True
15270,2022,Emmanuel MACRON,Emmanuel MACRON,True
15271,2022,Emmanuel MACRON,Emmanuel MACRON,True
15272,2022,Emmanuel MACRON,Emmanuel MACRON,True
15273,2022,Emmanuel MACRON,François FILLON,False
15274,2022,Marine LE PEN,Marine LE PEN,True
15275,2022,Jean-Luc MÉLENCHON,Jean-Luc MÉLENCHON,True
15276,2022,Jean LASSALLE,François FILLON,False
15277,2022,Marine LE PEN,Marine LE PEN,True
15278,2022,Marine LE PEN,Marine LE PEN,True
15279,2022,Emmanuel MACRON,Emmanuel MACRON,True
15280,2022,Emmanuel MACRON,Emmanuel MACRON,True
15281,2022,Emmanuel MACRON,François FILLON,False
15282,2022,Marine LE PEN,Marine LE PEN,True
15283,2022,Emmanuel MACRON,Emmanuel MACRON,True
15284,2022,Marine LE PEN,Marine LE PEN,True
15285,2022,Marine LE PEN,Marine LE PEN,True
15286,2022,Emmanuel MACRON,François FILLON,False
15287,2022,Emmanuel MACRON,Emmanuel MACRON,True
15288,2022,Emmanuel MACRON,Emmanuel MACRON,True
15289,2022,Emmanuel MACRON,François FILLON,False
15290,2022,Marine LE PEN,Marine LE PEN,True
15291,2022,Emmanuel MACRON,Emmanuel MACRON,True
15292,2022,Jean-Luc MÉLENCHON,Emmanuel MACRON,False
15293,2022,Marine LE PEN,Marine LE PEN,True
15294,2022,Marine LE PEN,Marine LE PEN,True
15295,2022,Emmanuel MACRON,François FILLON,False
15296,2022,Emmanuel MACRON,François FILLON,False
15297,2022,Emmanuel MACRON,Emmanuel MACRON,True
15298,2022,Marine LE PEN,Marine LE PEN,True
15299,2022,Marine LE PEN,Marine LE PEN,True
15300,2022,Marine LE PEN,Marine LE PEN,True
15301,2022,Marine LE PEN,Marine LE PEN,True
15302,2022,Emmanuel MACRON,Emmanuel MACRON,True
15303,2022,Emmanuel MACRON,Emmanuel MACRON,True
15304,2022,Emmanuel MACRON,François FILLON,False
15305,2022,Jean-Luc MÉLENCHON,Emmanuel MACRON,False
15306,2022,Marine LE PEN,Marine LE PEN,True
15307,2022,Marine LE PEN,Marine LE PEN,True
15308,2022,Emmanuel MACRON,François FILLON,False
15309,2022,Emmanuel MACRON,Emmanuel MACRON,True
15310,2022,Emmanuel MACRON,François FILLON,False
15311,2022,Jean LASSALLE,Emmanuel MACRON,False
15312,2022,Marine LE PEN,Marine LE PEN,True
15313,2022,Marine LE PEN,Marine LE PEN,True
15314,2022,Marine LE PEN,Marine LE PEN,True
15315,2022,Marine LE PEN,Marine LE PEN,True
15316,2022,Marine LE PEN,Marine LE PEN,True
15317,2022,Marine LE PEN,Marine LE PEN,True
15318,2022,Emmanuel MACRON,François FILLON,False
15319,2022,Marine LE PEN,Marine LE PEN,True
15320,2022,Emmanuel MACRON,Emmanuel MACRON,True
15321,2022,Emmanuel MACRON,Emmanuel MACRON,True
15322,2022,Emmanuel MACRON,Emmanuel MACRON,True
15323,2022,Emmanuel MACRON,Emmanuel MACRON,True
15324,2022,Marine LE PEN,Marine LE PEN,True
15325,2022,Jean LASSALLE,Emmanuel MACRON,False
15326,2022,Marine LE PEN,Marine LE PEN,True
15327,2022,Emmanuel MACRON,Emmanuel MACRON,True
15328,2022,Emmanuel MACRON,Emmanuel MACRON,True
15329,2022,Emmanuel MACRON,François FILLON,False
15330,2022,Emmanuel MACRON,Emmanuel MACRON,True
15331,2022,Emmanuel MACRON,Emmanuel MACRON,True
15332,2022,Emmanuel MACRON,François FILLON,False
15333,2022,Emmanuel MACRON,Emmanuel MACRON,True
15334,2022,Emmanuel MACRON,François FILLON,False
15335,2022,Marine LE PEN,Marine LE PEN,True
15336,2022,Emmanuel MACRON,Emmanuel MACRON,True
15337,2022,Jean-Luc MÉLENCHON,François FILLON,False
15338,2022,Emmanuel MACRON,Emmanuel MACRON,True
15340,2022,Marine LE PEN,Marine LE PEN,True
15341,2022,Emmanuel MACRON,Emmanuel MACRON,True
15342,2022,Emmanuel MACRON,François FILLON,False
15343,2022,Emmanuel MACRON,Emmanuel MACRON,True
15344,2022,Emmanuel MACRON,Emmanuel MACRON,True
15345,2022,Emmanuel MACRON,Emmanuel MACRON,True
15346,2022,Emmanuel MACRON,Emmanuel MACRON,True
15347,2022,Marine LE PEN,Marine LE PEN,True
15348,2022,Emmanuel MACRON,François FILLON,False
15349,2022,Emmanuel MACRON,Emmanuel MACRON,True
15350,2022,Emmanuel MACRON,Emmanuel MACRON,True
15351,2022,Emmanuel MACRON,Emmanuel MACRON,True
15352,2022,Emmanuel MACRON,Emmanuel MACRON,True
15353,2022,Marine LE PEN,Marine LE PEN,True
15354,2022,Emmanuel MACRON,Emmanuel MACRON,True
15355,2022,Emmanuel MACRON,Emmanuel MACRON,True
15356,2022,Marine LE PEN,Marine LE PEN,True
15357,2022,Emmanuel MACRON,Emmanuel MACRON,True
15358,2022,Marine LE PEN,Marine LE PEN,True
15359,2022,Marine LE PEN,Marine LE PEN,True
15360,2022,Emmanuel MACRON,Emmanuel MACRON,True
15361,2022,Emmanuel MACRON,Emmanuel MACRON,True
15362,2022,Emmanuel MACRON,Emmanuel MACRON,True
15363,2022,Emmanuel MACRON,François FILLON,False
15364,2022,Marine LE PEN,Marine LE PEN,True
15365,2022,Emmanuel MACRON,Emmanuel MACRON,True
15366,2022,Marine LE PEN,Marine LE PEN,True
15367,2022,Emmanuel MACRON,Emmanuel MACRON,True
15368,2022,Marine LE PEN,Marine LE PEN,True
15369,2022,Emmanuel MACRON,Emmanuel MACRON,True
15370,2022,Emmanuel MACRON,François FILLON,False
15371,2022,Emmanuel MACRON,Emmanuel MACRON,True
15372,2022,Marine LE PEN,Marine LE PEN,True
15373,2022,Jean-Luc MÉLENCHON,François FILLON,False
15374,2022,Marine LE PEN,Marine LE PEN,True
15375,2022,Marine LE PEN,Marine LE PEN,True
15376,2022,Emmanuel MACRON,Emmanuel MACRON,True
15377,2022,Emmanuel MACRON,Emmanuel MACRON,True
15378,2022,Emmanuel MACRON,François FILLON,False
15379,2022,Marine LE PEN,Marine LE PEN,True
15380,2022,Emmanuel MACRON,François FILLON,False
15381,2022,Emmanuel MACRON,François FILLON,False
15382,2022,Emmanuel MACRON,Emmanuel MACRON,True
15383,2022,Marine LE PEN,Marine LE PEN,True
15384,2022,Marine LE PEN,Marine LE PEN,True
15385,2022,Marine LE PEN,Marine LE PEN,True
15386,2022,Emmanuel MACRON,Emmanuel MACRON,True
15387,2022,Emmanuel MACRON,Emmanuel MACRON,True
15388,2022,Marine LE PEN,Marine LE PEN,True
15389,2022,Emmanuel MACRON,Emmanuel MACRON,True
15390,2022,Jean LASSALLE,Emmanuel MACRON,False
15391,2022,Emmanuel MACRON,Emmanuel MACRON,True
15392,2022,Marine LE PEN,Marine LE PEN,True
15393,2022,Marine LE PEN,Marine LE PEN,True
15394,2022,Marine LE PEN,Marine LE PEN,True
15395,2022,Marine LE PEN,Marine LE PEN,True
15396,2022,Marine LE PEN,Marine LE PEN,True
15397,2022,Marine LE PEN,Marine LE PEN,True
15398,2022,Marine LE PEN,Marine LE PEN,True
15399,2022,Emmanuel MACRON,Emmanuel MACRON,True
15400,2022,Emmanuel MACRON,Emmanuel MACRON,True
15401,2022,Emmanuel MACRON,Emmanuel MACRON,True
15402,2022,Marine LE PEN,Marine LE PEN,True
15403,2022,Marine LE PEN,Marine LE PEN,True
15404,2022,Emmanuel MACRON,Emmanuel MACRON,True
15405,2022,Jean-Luc MÉLENCHON,Emmanuel MACRON,False
15406,2022,Jean LASSALLE,François FILLON,False
15407,2022,Emmanuel MACRON,Emmanuel MACRON,True
15408,2022,Emmanuel MACRON,Emmanuel MACRON,True
15409,2022,Emmanuel MACRON,Emmanuel MACRON,True
15410,2022,Emmanuel MACRON,François FILLON,False
15411,2022,Emmanuel MACRON,Emmanuel MACRON,True
15412,2022,Marine LE PEN,Marine LE PEN,True
15413,2022,Emmanuel MACRON,Emmanuel MACRON,True
15414,2022,Emmanuel MACRON,Emmanuel MACRON,True
15415,2022,Emmanuel MACRON,Emmanuel MACRON,True
15416,2022,Emmanuel MACRON,Emmanuel MACRON,True
15417,2022,Emmanuel MACRON,François FILLON,False
15418,2022,Marine LE PEN,Marine LE PEN,True
15419,2022,Emmanuel MACRON,Emmanuel MACRON,True
15420,2022,Marine LE PEN,Marine LE PEN,True
15421,2022,Emmanuel MACRON,Emmanuel MACRON,True
15422,2022,Marine LE PEN,Marine LE PEN,True
15423,2022,Emmanuel MACRON,Emmanuel MACRON,True
15424,2022,Emmanuel MACRON,Emmanuel MACRON,True
15425,2022,Jean-Luc MÉLENCHON,Emmanuel MACRON,False
15426,2022,Emmanuel MACRON,François FILLON,False
15427,2022,Marine LE PEN,Marine LE PEN,True
15428,2022,Emmanuel MACRON,Emmanuel MACRON,True
15429,2022,Marine LE PEN,Marine LE PEN,True
15430,2022,Emmanuel MACRON,Emmanuel MACRON,True
15431,2022,Jean-Luc MÉLENCHON,Emmanuel MACRON,False
15432,2022,Marine LE PEN,Marine LE PEN,True
15433,2022,Emmanuel MACRON,Emmanuel MACRON,True
15434,2022,Emmanuel MACRON,Emmanuel MACRON,True
15435,2022,Emmanuel MACRON,Emmanuel MACRON,True
15436,2022,Marine LE PEN,Marine LE PEN,True
15437,2022,Emmanuel MACRON,Emmanuel MACRON,True
15438,2022,Marine LE PEN,Marine LE PEN,True
15439,2022,Emmanuel MACRON,Emmanuel MACRON,True
15440,2022,Marine LE PEN,Marine LE PEN,True
15441,2022,Emmanuel MACRON,Emmanuel MACRON,True
15442,2022,Emmanuel MACRON,Emmanuel MACRON,True
15443,2022,Emmanuel MACRON,Emmanuel MACRON,True
15444,2022,Marine LE PEN,Marine LE PEN,True
15445,2022,Emmanuel MACRON,Emmanuel MACRON,True
15446,2022,Marine LE PEN,Marine LE PEN,True
15447,2022,Marine LE PEN,Marine LE PEN,True
15448,2022,Marine LE PEN,Marine LE PEN,True
15449,2022,Marine LE PEN,Marine LE PEN,True
15450,2022,Emmanuel MACRON,Emmanuel MACRON,True
15451,2022,Marine LE PEN,Marine LE PEN,True
15452,2022,Emmanuel MACRON,François FILLON,False
15453,2022,Marine LE PEN,Marine LE PEN,True
15454,2022,Marine LE PEN,Marine LE PEN,True
15455,2022,Emmanuel MACRON,Emmanuel MACRON,True
15456,2022,Marine LE PEN,Marine LE PEN,True
15457,2022,Emmanuel MACRON,François FILLON,False
15458,2022,Emmanuel MACRON,Emmanuel MACRON,True
15459,2022,Marine LE PEN,Marine LE PEN,True
15460,2022,Emmanuel MACRON,Emmanuel MACRON,True
15461,2022,Marine LE PEN,Marine LE PEN,True
15462,2022,Emmanuel MACRON,Emmanuel MACRON,True
15463,2022,Emmanuel MACRON,Emmanuel MACRON,True
15464,2022,Marine LE PEN,Marine LE PEN,True
15465,2022,Emmanuel MACRON,Emmanuel MACRON,True
15466,2022,Marine LE PEN,Marine LE PEN,True
15467,2022,Marine LE PEN,Marine LE PEN,True
15468,2022,Emmanuel MACRON,Emmanuel MACRON,True
15469,2022,Marine LE PEN,Marine LE PEN,True
15470,2022,Marine LE PEN,Marine LE PEN,True
15471,2022,Marine LE PEN,Marine LE PEN,True
15472,2022,Marine LE PEN,Marine LE PEN,True
15473,2022,Marine LE PEN,Marine LE PEN,True
15474,2022,Marine LE PEN,Marine LE PEN,True
15475,2022,Marine LE PEN,Marine LE PEN,True
15476,2022,Marine LE PEN,Marine LE PEN,True
15477,2022,Jean-Luc MÉLENCHON,Emmanuel MACRON,False
15478,2022,Marine LE PEN,Marine LE PEN,True
15479,2022,Marine LE PEN,Marine LE PEN,True
15480,2022,Emmanuel MACRON,Emmanuel MACRON,True
15481,2022,Marine LE PEN,Marine LE PEN,True
15482,2022,Marine LE PEN,Marine LE PEN,True
15483,2022,Emmanuel MACRON,Emmanuel MACRON,True
15484,2022,Marine LE PEN,Marine LE PEN,True
15485,2022,Marine LE PEN,Marine LE PEN,True
15486,2022,Marine LE PEN,Marine LE PEN,True
15487,2022,Marine LE PEN,Marine LE PEN,True
15488,2022,Marine LE PEN,Marine LE PEN,True
15489,2022,Marine LE PEN,Marine LE PEN,True
15490,2022,Marine LE PEN,Marine LE PEN,True
15491,2022,Marine LE PEN,Marine LE PEN,True
15492,2022,Emmanuel MACRON,Emmanuel MACRON,True
15493,2022,Emmanuel MACRON,François FILLON,False
15494,2022,Marine LE PEN,Marine LE PEN,True
15495,2022,Emmanuel MACRON,Emmanuel MACRON,True
15496,2022,Marine LE PEN,Marine LE PEN,True
15497,2022,Jean-Luc MÉLENCHON,Emmanuel MACRON,False
15498,2022,Marine LE PEN,Marine LE PEN,True
15499,2022,Emmanuel MACRON,Emmanuel MACRON,True
15500,2022,Emmanuel MACRON,Emmanuel MACRON,True
15501,2022,Emmanuel MACRON,Emmanuel MACRON,True
15502,2022,Marine LE PEN,Marine LE PEN,True
15503,2022,Marine LE PEN,Marine LE PEN,True
15504,2022,Emmanuel MACRON,Emmanuel MACRON,True
15505,2022,Emmanuel MACRON,Emmanuel MACRON,True
15506,2022,Emmanuel MACRON,François FILLON,False
15507,2022,Emmanuel MACRON,Emmanuel MACRON,True
15508,2022,Emmanuel MACRON,Emmanuel MACRON,True
15509,2022,Emmanuel MACRON,Emmanuel MACRON,True
15510,2022,Emmanuel MACRON,Emmanuel MACRON,True
15511,2022,Emmanuel MACRON,Emmanuel MACRON,True
15512,2022,Emmanuel MACRON,Emmanuel MACRON,True
15513,2022,Emmanuel MACRON,Emmanuel MACRON,True
15514,2022,Emmanuel MACRON,Emmanuel MACRON,True
15515,2022,Emmanuel MACRON,Emmanuel MACRON,True
15516,2022,Marine LE PEN,Marine LE PEN,True
15517,2022,Marine LE PEN,Marine LE PEN,True
15518,2022,Emmanuel MACRON,Emmanuel MACRON,True
15519,2022,Marine LE PEN,Marine LE PEN,True
15520,2022,Marine LE PEN,Marine LE PEN,True
15521,2022,Marine LE PEN,Marine LE PEN,True
15522,2022,Emmanuel MACRON,Emmanuel MACRON,True
15523,2022,Emmanuel MACRON,Emmanuel MACRON,True
15524,2022,Emmanuel MACRON,Emmanuel MACRON,True
15525,2022,Emmanuel MACRON,Emmanuel MACRON,True
15526,2022,Marine LE PEN,Marine LE PEN,True
15527,2022,Emmanuel MACRON,Emmanuel MACRON,True
15528,2022,Marine LE PEN,Marine LE PEN,True
15529,2022,Emmanuel MACRON,Emmanuel MACRON,True
15530,2022,Emmanuel MACRON,Emmanuel MACRON,True
15531,2022,Marine LE PEN,Marine LE PEN,True
15532,2022,Emmanuel MACRON,François FILLON,False
15534,2022,Marine LE PEN,Marine LE PEN,True
15535,2022,Emmanuel MACRON,Emmanuel MACRON,True
15536,2022,Emmanuel MACRON,François FILLON,False
15537,2022,Emmanuel MACRON,Emmanuel MACRON,True
15538,2022,Emmanuel MACRON,Emmanuel MACRON,True
15539,2022,Emmanuel MACRON,Emmanuel MACRON,True
15540,2022,Emmanuel MACRON,Emmanuel MACRON,True
15541,2022,Emmanuel MACRON,Emmanuel MACRON,True
15542,2022,Emmanuel MACRON,Emmanuel MACRON,True
15543,2022,Emmanuel MACRON,Emmanuel MACRON,True
15544,2022,Marine LE PEN,Marine LE PEN,True
15545,2022,Emmanuel MACRON,Emmanuel MACRON,True
15546,2022,Emmanuel MACRON,Emmanuel MACRON,True
15547,2022,Marine LE PEN,Marine LE PEN,True
15548,2022,Emmanuel MACRON,Emmanuel MACRON,True
15549,2022,Emmanuel MACRON,Emmanuel MACRON,True
15550,2022,Marine LE PEN,Marine LE PEN,True
15551,2022,Emmanuel MACRON,Emmanuel MACRON,True
15552,2022,Emmanuel MACRON,François FILLON,False
15553,2022,Jean-Luc MÉLENCHON,Emmanuel MACRON,False
15554,2022,Marine LE PEN,Marine LE PEN,True
15555,2022,Marine LE PEN,Marine LE PEN,True
15556,2022,Emmanuel MACRON,François FILLON,False
15557,2022,Emmanuel MACRON,Emmanuel MACRON,True
15558,2022,Marine LE PEN,Marine LE PEN,True
15559,2022,Emmanuel MACRON,François FILLON,False
15560,2022,Marine LE PEN,Marine LE PEN,True
15561,2022,Jean-Luc MÉLENCHON,Emmanuel MACRON,False
15562,2022,Emmanuel MACRON,François FILLON,False
15563,2022,Marine LE PEN,Marine LE PEN,True
15564,2022,Marine LE PEN,Marine LE PEN,True
15565,2022,Emmanuel MACRON,Emmanuel MACRON,True
15566,2022,Marine LE PEN,Marine LE PEN,True
15567,2022,Marine LE PEN,Marine LE PEN,True
15568,2022,Emmanuel MACRON,François FILLON,False
15569,2022,Marine LE PEN,Marine LE PEN,True
15571,2022,Marine LE PEN,Marine LE PEN,True
15572,2022,Marine LE PEN,Marine LE PEN,True
15573,2022,Marine LE PEN,Marine LE PEN,True
15574,2022,Emmanuel MACRON,François FILLON,False
15575,2022,Marine LE PEN,Marine LE PEN,True
15576,2022,Marine LE PEN,Marine LE PEN,True
15577,2022,Marine LE PEN,Marine LE PEN,True
15578,2022,Marine LE PEN,Marine LE PEN,True
15579,2022,Marine LE PEN,Marine LE PEN,True
15580,2022,Marine LE PEN,Marine LE PEN,True
15581,2022,Jean-Luc MÉLENCHON,Emmanuel MACRON,False
15582,2022,Marine LE PEN,Marine LE PEN,True
15583,2022,Marine LE PEN,Marine LE PEN,True
15584,2022,Marine LE PEN,Marine LE PEN,True
15585,2022,Emmanuel MACRON,François FILLON,False
15586,2022,Marine LE PEN,Marine LE PEN,True
15587,2022,Marine LE PEN,Marine LE PEN,True
15588,2022,Marine LE PEN,Marine LE PEN,True
15589,2022,Marine LE PEN,Marine LE PEN,True
15590,2022,Marine LE PEN,Marine LE PEN,True
15591,2022,Marine LE PEN,Marine LE PEN,True
15592,2022,Emmanuel MACRON,Emmanuel MACRON,True
15593,2022,Emmanuel MACRON,Emmanuel MACRON,True
15595,2022,Marine LE PEN,Marine LE PEN,True
15596,2022,Marine LE PEN,Marine LE PEN,True
15597,2022,Marine LE PEN,Marine LE PEN,True
15598,2022,Marine LE PEN,Marine LE PEN,True
15599,2022,Emmanuel MACRON,François FILLON,False
15600,2022,Marine LE PEN,Marine LE PEN,True
15601,2022,Marine LE PEN,Marine LE PEN,True
15602,2022,Marine LE PEN,Marine LE PEN,True
15603,2022,Marine LE PEN,Marine LE PEN,True
15604,2022,Marine LE PEN,Marine LE PEN,True
15605,2022,Marine LE PEN,Marine LE PEN,True
15606,2022,Emmanuel MACRON,François FILLON,False
15607,2022,Emmanuel MACRON,François FILLON,False
15608,2022,Marine LE PEN,Marine LE PEN,True
15609,2022,Marine LE PEN,Marine LE PEN,True
15610,2022,Emmanuel MACRON,François FILLON,False
15611,2022,Emmanuel MACRON,François FILLON,False
15612,2022,Emmanuel MACRON,François FILLON,False
15613,2022,Marine LE PEN,Marine LE PEN,True
15614,2022,Marine LE PEN,Marine LE PEN,True
15615,2022,Emmanuel MACRON,François FILLON,False
15616,2022,Marine LE PEN,Marine LE PEN,True
15617,2022,Marine LE PEN,Marine LE PEN,True
15618,2022,Marine LE PEN,Marine LE PEN,True
15619,2022,Marine LE PEN,Marine LE PEN,True
15620,2022,Marine LE PEN,Marine LE PEN,True
15621,2022,Marine LE PEN,Marine LE PEN,True
15622,2022,Marine LE PEN,Marine LE PEN,True
15623,2022,Emmanuel MACRON,François FILLON,False
15624,2022,Marine LE PEN,Marine LE PEN,True
15625,2022,Emmanuel MACRON,François FILLON,False
15626,2022,Marine LE PEN,Marine LE PEN,True
15627,2022,Emmanuel MACRON,François FILLON,False
15628,2022,Marine LE PEN,Marine LE PEN,True
15629,2022,Marine LE PEN,Marine LE PEN,True
15630,2022,Emmanuel MACRON,François FILLON,False
15631,2022,Marine LE PEN,Marine LE PEN,True
15632,2022,Marine LE PEN,Marine LE PEN,True
15633,2022,Marine LE PEN,Marine LE PEN,True
15634,2022,Marine LE PEN,Marine LE PEN,True
15635,2022,Marine LE PEN,Marine LE PEN,True
15636,2022,Emmanuel MACRON,François FILLON,False
15637,2022,Emmanuel MACRON,François FILLON,False
15638,2022,Marine LE PEN,Marine LE PEN,True
15640,2022,Marine LE PEN,Marine LE PEN,True
15641,2022,Marine LE PEN,Marine LE PEN,True
15642,2022,Marine LE PEN,Marine LE PEN,True
15643,2022,Marine LE PEN,Marine LE PEN,True
15644,2022,Marine LE PEN,Marine LE PEN,True
15645,2022,Marine LE PEN,Marine LE PEN,True
15646,2022,Emmanuel MACRON,François FILLON,False
15647,2022,Marine LE PEN,Marine LE PEN,True
15648,2022,Marine LE PEN,Marine LE PEN,True
15650,2022,Marine LE PEN,Marine LE PEN,True
15651,2022,Marine LE PEN,Marine LE PEN,True
15652,2022,Marine LE PEN,Marine LE PEN,True
15653,2022,Marine LE PEN,Marine LE PEN,True
15654,2022,Marine LE PEN,Marine LE PEN,True
15655,2022,Marine LE PEN,Marine LE PEN,True
15656,2022,Marine LE PEN,Marine LE PEN,True
15657,2022,Marine LE PEN,Marine LE PEN,True
15658,2022,Marine LE PEN,Marine LE PEN,True
15659,2022,Marine LE PEN,Marine LE PEN,True
15660,2022,Emmanuel MACRON,François FILLON,False
15661,2022,Emmanuel MACRON,François FILLON,False
15662,2022,Emmanuel MACRON,François FILLON,False
15663,2022,Emmanuel MACRON,François FILLON,False
15664,2022,Marine LE PEN,Marine LE PEN,True
15665,2022,Marine LE PEN,Marine LE PEN,True
15666,2022,Marine LE PEN,Marine LE PEN,True
15667,2022,Marine LE PEN,Marine LE PEN,True
15668,2022,Marine LE PEN,Marine LE PEN,True
15669,2022,Emmanuel MACRON,François FILLON,False
15670,2022,Emmanuel MACRON,François FILLON,False
15671,2022,Marine LE PEN,Marine LE PEN,True
15672,2022,Emmanuel MACRON,François FILLON,False
15673,2022,Emmanuel MACRON,François FILLON,False
15674,2022,Marine LE PEN,Marine LE PEN,True
15675,2022,Marine LE PEN,Marine LE PEN,True
15676,2022,Emmanuel MACRON,Emmanuel MACRON,True
15677,2022,Marine LE PEN,Marine LE PEN,True
15678,2022,Marine LE PEN,Marine LE PEN,True
15679,2022,Emmanuel MACRON,François FILLON,False
15680,2022,Emmanuel MACRON,François FILLON,False
15681,2022,Marine LE PEN,Marine LE PEN,True
15682,2022,Marine LE PEN,Marine LE PEN,True
15683,2022,Emmanuel MACRON,François FILLON,False
15684,2022,Marine LE PEN,Marine LE PEN,True
15685,2022,Marine LE PEN,Marine LE PEN,True
15686,2022,Emmanuel MACRON,François FILLON,False
15687,2022,Marine LE PEN,Marine LE PEN,True
15688,2022,Emmanuel MACRON,François FILLON,False
15689,2022,Marine LE PEN,Marine LE PEN,True
15690,2022,Emmanuel MACRON,François FILLON,False
15691,2022,Emmanuel MACRON,François FILLON,False
15692,2022,Emmanuel MACRON,François FILLON,False
15693,2022,Marine LE PEN,Marine LE PEN,True
15694,2022,Marine LE PEN,Marine LE PEN,True
15695,2022,Marine LE PEN,Marine LE PEN,True
15696,2022,Emmanuel MACRON,François FILLON,False
15697,2022,Marine LE PEN,Marine LE PEN,True
15698,2022,Emmanuel MACRON,François FILLON,False
15699,2022,Marine LE PEN,Marine LE PEN,True
15700,2022,Marine LE PEN,Marine LE PEN,True
15701,2022,Marine LE PEN,Marine LE PEN,True
15702,2022,Marine LE PEN,Marine LE PEN,True
15703,2022,Marine LE PEN,Marine LE PEN,True
15704,2022,Emmanuel MACRON,Emmanuel MACRON,True
15705,2022,Emmanuel MACRON,François FILLON,False
15706,2022,Emmanuel MACRON,François FILLON,False
15707,2022,Marine LE PEN,Marine LE PEN,True
15708,2022,Marine LE PEN,Marine LE PEN,True
15709,2022,Marine LE PEN,Marine LE PEN,True
15710,2022,Marine LE PEN,Marine LE PEN,True
15711,2022,Marine LE PEN,Marine LE PEN,True
15712,2022,Emmanuel MACRON,François FILLON,False
15713,2022,Marine LE PEN,Marine LE PEN,True
15714,2022,Marine LE PEN,Marine LE PEN,True
15715,2022,Emmanuel MACRON,François FILLON,False
15716,2022,Emmanuel MACRON,François FILLON,False
15717,2022,Marine LE PEN,Marine LE PEN,True
15719,2022,Marine LE PEN,Marine LE PEN,True
15720,2022,Marine LE PEN,Marine LE PEN,True
15721,2022,Emmanuel MACRON,François FILLON,False
15723,2022,Emmanuel MACRON,François FILLON,False
15724,2022,Marine LE PEN,Marine LE PEN,True
15725,2022,Marine LE PEN,Marine LE PEN,True
15726,2022,Emmanuel MACRON,François FILLON,False
15727,2022,Marine LE PEN,Marine LE PEN,True
15728,2022,Marine LE PEN,Marine LE PEN,True
15729,2022,Marine LE PEN,Marine LE PEN,True
15730,2022,Marine LE PEN,Marine LE PEN,True
15731,2022,Marine LE PEN,Marine LE PEN,True
15732,2022,Emmanuel MACRON,François FILLON,False
15733,2022,Marine LE PEN,Marine LE PEN,True
15734,2022,Marine LE PEN,Marine LE PEN,True
15735,2022,Marine LE PEN,Marine LE PEN,True
15736,2022,Marine LE PEN,Marine LE PEN,True
15737,2022,Emmanuel MACRON,François FILLON,False
15738,2022,Emmanuel MACRON,François FILLON,False
15739,2022,Marine LE PEN,Marine LE PEN,True
15740,2022,Emmanuel MACRON,François FILLON,False
15741,2022,Emmanuel MACRON,François FILLON,False
15742,2022,Emmanuel MACRON,François FILLON,False
15743,2022,Marine LE PEN,Marine LE PEN,True
15744,2022,Marine LE PEN,Marine LE PEN,True
15745,2022,Marine LE PEN,Marine LE PEN,True
15746,2022,Marine LE PEN,Marine LE PEN,True
15747,2022,Emmanuel MACRON,François FILLON,False
15749,2022,Marine LE PEN,Marine LE PEN,True
15750,2022,Marine LE PEN,Marine LE PEN,True
15751,2022,Emmanuel MACRON,François FILLON,False
15752,2022,Marine LE PEN,Marine LE PEN,True
15754,2022,Emmanuel MACRON,François FILLON,False
15755,2022,Marine LE PEN,Marine LE PEN,True
15756,2022,Marine LE PEN,Marine LE PEN,True
15757,2022,Emmanuel MACRON,François FILLON,False
15758,2022,Marine LE PEN,Marine LE PEN,True
15759,2022,Marine LE PEN,Marine LE PEN,True
15760,2022,Marine LE PEN,Marine LE PEN,True
15761,2022,Marine LE PEN,Marine LE PEN,True
15762,2022,Emmanuel MACRON,François FILLON,False
15763,2022,Emmanuel MACRON,François FILLON,False
15764,2022,Marine LE PEN,Marine LE PEN,True
15765,2022,Marine LE PEN,Marine LE PEN,True
15766,2022,Marine LE PEN,Marine LE PEN,True
15767,2022,Marine LE PEN,Marine LE PEN,True
15768,2022,Marine LE PEN,Marine LE PEN,True
15769,2022,Marine LE PEN,Marine LE PEN,True
15770,2022,Marine LE PEN,Marine LE PEN,True
15771,2022,Marine LE PEN,Marine LE PEN,True
15772,2022,Marine LE PEN,Marine LE PEN,True
15773,2022,Emmanuel MACRON,François FILLON,False
15774,2022,Marine LE PEN,Marine LE PEN,True
15775,2022,Marine LE PEN,Marine LE PEN,True
15776,2022,Emmanuel MACRON,François FILLON,False
15777,2022,Marine LE PEN,Marine LE PEN,True
15778,2022,Marine LE PEN,Marine LE PEN,True
15779,2022,Emmanuel MACRON,François FILLON,False
15780,2022,Emmanuel MACRON,François FILLON,False
15781,2022,Marine LE PEN,Marine LE PEN,True
15782,2022,Marine LE PEN,Marine LE PEN,True
15783,2022,Marine LE PEN,Marine LE PEN,True
15784,2022,Marine LE PEN,Marine LE PEN,True
15785,2022,Marine LE PEN,Marine LE PEN,True
15786,2022,Marine LE PEN,Marine LE PEN,True
15787,2022,Marine LE PEN,Marine LE PEN,True
15788,2022,Marine LE PEN,Marine LE PEN,True
15789,2022,Marine LE PEN,Marine LE PEN,True
15790,2022,Marine LE PEN,Marine LE PEN,True
15791,2022,Marine LE PEN,Marine LE PEN,True
15792,2022,Marine LE PEN,Marine LE PEN,True
15793,2022,Emmanuel MACRON,François FILLON,False
15794,2022,Marine LE PEN,Marine LE PEN,True
15795,2022,Marine LE PEN,Marine LE PEN,True
15796,2022,Emmanuel MACRON,François FILLON,False
15797,2022,Marine LE PEN,Marine LE PEN,True
15798,2022,Emmanuel MACRON,François FILLON,False
15799,2022,Marine LE PEN,Marine LE PEN,True
15800,2022,Emmanuel MACRON,François FILLON,False
15801,2022,Marine LE PEN,Marine LE PEN,True
15802,2022,Marine LE PEN,Marine LE PEN,True
15803,2022,Marine LE PEN,Marine LE PEN,True
15805,2022,Marine LE PEN,Marine LE PEN,True
15806,2022,Emmanuel MACRON,François FILLON,False
15807,2022,Marine LE PEN,Marine LE PEN,True
15808,2022,Emmanuel MACRON,François FILLON,False
15809,2022,Marine LE PEN,Marine LE PEN,True
15811,2022,Emmanuel MACRON,François FILLON,False
15812,2022,Marine LE PEN,Marine LE PEN,True
15813,2022,Marine LE PEN,Marine LE PEN,True
15814,2022,Marine LE PEN,Marine LE PEN,True
15815,2022,Emmanuel MACRON,Emmanuel MACRON,True
15816,2022,Marine LE PEN,Marine LE PEN,True
15817,2022,Marine LE PEN,Marine LE PEN,True
15818,2022,Marine LE PEN,Marine LE PEN,True
15819,2022,Emmanuel MACRON,François FILLON,False
15820,2022,Emmanuel MACRON,François FILLON,False
15821,2022,Marine LE PEN,Marine LE PEN,True
15822,2022,Marine LE PEN,Marine LE PEN,True
15823,2022,Marine LE PEN,Marine LE PEN,True
15824,2022,Marine LE PEN,Marine LE PEN,True
15825,2022,Emmanuel MACRON,François FILLON,False
15826,2022,Emmanuel MACRON,François FILLON,False
15827,2022,Emmanuel MACRON,François FILLON,False
15828,2022,Marine LE PEN,Marine LE PEN,True
15829,2022,Emmanuel MACRON,François FILLON,False
15830,2022,Marine LE PEN,Marine LE PEN,True
15831,2022,Emmanuel MACRON,François FILLON,False
15832,2022,Emmanuel MACRON,François FILLON,False
15833,2022,Marine LE PEN,Marine LE PEN,True
15834,2022,Emmanuel MACRON,François FILLON,False
15835,2022,Emmanuel MACRON,François FILLON,False
15836,2022,Marine LE PEN,Marine LE PEN,True
15837,2022,Marine LE PEN,Marine LE PEN,True
15838,2022,Emmanuel MACRON,François FILLON,False
15839,2022,Emmanuel MACRON,Emmanuel MACRON,True
15840,2022,Emmanuel MACRON,François FILLON,False
15841,2022,Emmanuel MACRON,François FILLON,False
15842,2022,Marine LE PEN,Marine LE PEN,True
15843,2022,Marine LE PEN,Marine LE PEN,True
15844,2022,Marine LE PEN,Marine LE PEN,True
15846,2022,Emmanuel MACRON,Emmanuel MACRON,True
15847,2022,Emmanuel MACRON,François FILLON,False
15848,2022,Marine LE PEN,Marine LE PEN,True
15849,2022,Marine LE PEN,Marine LE PEN,True
15850,2022,Marine LE PEN,Marine LE PEN,True
15851,2022,Emmanuel MACRON,Emmanuel MACRON,True
15852,2022,Marine LE PEN,Marine LE PEN,True
15853,2022,Emmanuel MACRON,François FILLON,False
15854,2022,Marine LE PEN,Marine LE PEN,True
15855,2022,Emmanuel MACRON,François FILLON,False
15856,2022,Marine LE PEN,Marine LE PEN,True
15857,2022,Marine LE PEN,Marine LE PEN,True
15858,2022,Emmanuel MACRON,Emmanuel MACRON,True
15859,2022,Marine LE PEN,Marine LE PEN,True
15860,2022,Marine LE PEN,Marine LE PEN,True
15861,2022,Marine LE PEN,Marine LE PEN,True
15862,2022,Marine LE PEN,Marine LE PEN,True
15863,2022,Marine LE PEN,Marine LE PEN,True
15864,2022,Marine LE PEN,Marine LE PEN,True
15865,2022,Emmanuel MACRON,François FILLON,False
15866,2022,Marine LE PEN,Marine LE PEN,True
15867,2022,Marine LE PEN,Marine LE PEN,True
15868,2022,Jean-Luc MÉLENCHON,Emmanuel MACRON,False
15869,2022,Marine LE PEN,Marine LE PEN,True
15870,2022,Marine LE PEN,Marine LE PEN,True
15871,2022,Emmanuel MACRON,Jean-Luc MÉLENCHON,False
15872,2022,Emmanuel MACRON,Emmanuel MACRON,True
15873,2022,Marine LE PEN,Marine LE PEN,True
15874,2022,Emmanuel MACRON,François FILLON,False
15875,2022,Marine LE PEN,Marine LE PEN,True
15876,2022,Marine LE PEN,Marine LE PEN,True
15877,2022,Marine LE PEN,Marine LE PEN,True
15878,2022,Marine LE PEN,Marine LE PEN,True
15879,2022,Emmanuel MACRON,François FILLON,False
15880,2022,Emmanuel MACRON,Jean-Luc MÉLENCHON,False
15881,2022,Marine LE PEN,Marine LE PEN,True
15882,2022,Emmanuel MACRON,Emmanuel MACRON,True
15883,2022,Emmanuel MACRON,Emmanuel MACRON,True
15884,2022,Jean-Luc MÉLENCHON,Jean-Luc MÉLENCHON,True
15885,2022,Marine LE PEN,Marine LE PEN,True
15886,2022,Emmanuel MACRON,Emmanuel MACRON,True
15887,2022,Jean-Luc MÉLENCHON,François FILLON,False
15888,2022,Marine LE PEN,Marine LE PEN,True
15889,2022,Marine LE PEN,Marine LE PEN,True
15890,2022,Emmanuel MACRON,François FILLON,False
15891,2022,Marine LE PEN,Marine LE PEN,True
15892,2022,Emmanuel MACRON,Emmanuel MACRON,True
15893,2022,Marine LE PEN,Marine LE PEN,True
15894,2022,Emmanuel MACRON,François FILLON,False
15895,2022,Marine LE PEN,Marine LE PEN,True
15896,2022,Marine LE PEN,Marine LE PEN,True
15897,2022,Marine LE PEN,Marine LE PEN,True
15898,2022,Emmanuel MACRON,Emmanuel MACRON,True
15899,2022,Marine LE PEN,Marine LE PEN,True
15900,2022,Marine LE PEN,Marine LE PEN,True
15901,2022,Emmanuel MACRON,Emmanuel MACRON,True
15902,2022,Marine LE PEN,Marine LE PEN,True
15903,2022,Marine LE PEN,Marine LE PEN,True
15904,2022,Emmanuel MACRON,Emmanuel MACRON,True
15905,2022,Emmanuel MACRON,François FILLON,False
15906,2022,Marine LE PEN,Marine LE PEN,True
15907,2022,Marine LE PEN,Marine LE PEN,True
15908,2022,Emmanuel MACRON,Emmanuel MACRON,True
15909,2022,Marine LE PEN,Marine LE PEN,True
15910,2022,Emmanuel MACRON,Jean-Luc MÉLENCHON,False
15911,2022,Jean-Luc MÉLENCHON,François FILLON,False
15912,2022,Marine LE PEN,Marine LE PEN,True
15913,2022,Emmanuel MACRON,Emmanuel MACRON,True
15914,2022,Marine LE PEN,Marine LE PEN,True
15915,2022,Emmanuel MACRON,Emmanuel MACRON,True
15916,2022,Marine LE PEN,Marine LE PEN,True
15917,2022,Marine LE PEN,Marine LE PEN,True
15918,2022,Marine LE PEN,Marine LE PEN,True
15919,2022,Marine LE PEN,Marine LE PEN,True
15921,2022,Emmanuel MACRON,François FILLON,False
15922,2022,Marine LE PEN,Marine LE PEN,True
15923,2022,Marine LE PEN,Marine LE PEN,True
15924,2022,Marine LE PEN,Marine LE PEN,True
15925,2022,Emmanuel MACRON,Emmanuel MACRON,True
15926,2022,Emmanuel MACRON,Emmanuel MACRON,True
15927,2022,Emmanuel MACRON,Emmanuel MACRON,True
15928,2022,Marine LE PEN,Marine LE PEN,True
15929,2022,Marine LE PEN,Marine LE PEN,True
15930,2022,Emmanuel MACRON,Emmanuel MACRON,True
15931,2022,Emmanuel MACRON,Emmanuel MACRON,True
15932,2022,Emmanuel MACRON,Jean-Luc MÉLENCHON,False
15933,2022,Jean-Luc MÉLENCHON,Jean-Luc MÉLENCHON,True
15934,2022,Emmanuel MACRON,Emmanuel MACRON,True
15935,2022,Emmanuel MACRON,Emmanuel MACRON,True
15936,2022,Marine LE PEN,Marine LE PEN,True
15937,2022,Marine LE PEN,Marine LE PEN,True
15938,2022,Emmanuel MACRON,Emmanuel MACRON,True
15939,2022,Emmanuel MACRON,Jean-Luc MÉLENCHON,False
15940,2022,Emmanuel MACRON,Emmanuel MACRON,True
15941,2022,Marine LE PEN,Marine LE PEN,True
15942,2022,Emmanuel MACRON,Emmanuel MACRON,True
15943,2022,Marine LE PEN,Marine LE PEN,True
15944,2022,Marine LE PEN,Marine LE PEN,True
15945,2022,Marine LE PEN,Marine LE PEN,True
15946,2022,Marine LE PEN,Marine LE PEN,True
15947,2022,Marine LE PEN,Marine LE PEN,True
15948,2022,Marine LE PEN,Marine LE PEN,True
15949,2022,Marine LE PEN,Marine LE PEN,True
15950,2022,Marine LE PEN,Marine LE PEN,True
15951,2022,Emmanuel MACRON,Emmanuel MACRON,True
15952,2022,Marine LE PEN,Marine LE PEN,True
15953,2022,Marine LE PEN,Marine LE PEN,True
15954,2022,Marine LE PEN,Marine LE PEN,True
15955,2022,Marine LE PEN,Marine LE PEN,True
15956,2022,Marine LE PEN,Marine LE PEN,True
15957,2022,Emmanuel MACRON,François FILLON,False
15958,2022,Emmanuel MACRON,Emmanuel MACRON,True
15959,2022,Marine LE PEN,Marine LE PEN,True
15960,2022,Emmanuel MACRON,François FILLON,False
15961,2022,Emmanuel MACRON,François FILLON,False
15962,2022,Marine LE PEN,Marine LE PEN,True
15963,2022,Emmanuel MACRON,Emmanuel MACRON,True
15964,2022,Marine LE PEN,Marine LE PEN,True
15965,2022,Marine LE PEN,Marine LE PEN,True
15966,2022,Marine LE PEN,Marine LE PEN,True
15967,2022,Emmanuel MACRON,François FILLON,False
15968,2022,Marine LE PEN,Marine LE PEN,True
15969,2022,Marine LE PEN,Marine LE PEN,True
15970,2022,Emmanuel MACRON,Emmanuel MACRON,True
15971,2022,Emmanuel MACRON,Emmanuel MACRON,True
15972,2022,Marine LE PEN,Marine LE PEN,True
15973,2022,Marine LE PEN,Marine LE PEN,True
15974,2022,Marine LE PEN,Marine LE PEN,True
15975,2022,Emmanuel MACRON,Emmanuel MACRON,True
15976,2022,Emmanuel MACRON,François FILLON,False
15977,2022,Emmanuel MACRON,François FILLON,False
15978,2022,Marine LE PEN,Marine LE PEN,True
15979,2022,Marine LE PEN,Marine LE PEN,True
15980,2022,Marine LE PEN,Marine LE PEN,True
15981,2022,Emmanuel MACRON,François FILLON,False
15982,2022,Emmanuel MACRON,Emmanuel MACRON,True
15983,2022,Marine LE PEN,Marine LE PEN,True
15984,2022,Emmanuel MACRON,Emmanuel MACRON,True
15985,2022,Marine LE PEN,Marine LE PEN,True
15986,2022,Marine LE PEN,Marine LE PEN,True
15988,2022,Marine LE PEN,Marine LE PEN,True
15989,2022,Emmanuel MACRON,François FILLON,False
15990,2022,Marine LE PEN,Marine LE PEN,True
15991,2022,Marine LE PEN,Marine LE PEN,True
15992,2022,Marine LE PEN,Marine LE PEN,True
15993,2022,Emmanuel MACRON,François FILLON,False
15994,2022,Marine LE PEN,Marine LE PEN,True
15995,2022,Marine LE PEN,Marine LE PEN,True
15996,2022,Emmanuel MACRON,Emmanuel MACRON,True
15997,2022,Marine LE PEN,Marine LE PEN,True
15998,2022,Marine LE PEN,Marine LE PEN,True
15999,2022,Emmanuel MACRON,Jean-Luc MÉLENCHON,False
16000,2022,Marine LE PEN,Marine LE PEN,True
16001,2022,Emmanuel MACRON,Emmanuel MACRON,True
16002,2022,Marine LE PEN,Marine LE PEN,True
16003,2022,Emmanuel MACRON,Emmanuel MACRON,True
16004,2022,Marine LE PEN,Marine LE PEN,True
16005,2022,Marine LE PEN,Marine LE PEN,True
16006,2022,Emmanuel MACRON,François FILLON,False
16007,2022,Emmanuel MACRON,Emmanuel MACRON,True
16008,2022,Marine LE PEN,Marine LE PEN,True
16009,2022,Marine LE PEN,Marine LE PEN,True
16010,2022,Marine LE PEN,Marine LE PEN,True
16011,2022,Emmanuel MACRON,Emmanuel MACRON,True
16012,2022,Marine LE PEN,Marine LE PEN,True
16013,2022,Marine LE PEN,Marine LE PEN,True
16014,2022,Emmanuel MACRON,Emmanuel MACRON,True
16015,2022,Marine LE PEN,Marine LE PEN,True
16016,2022,Marine LE PEN,Marine LE PEN,True
16017,2022,Emmanuel MACRON,Emmanuel MACRON,True
16018,2022,Jean-Luc MÉLENCHON,Jean-Luc MÉLENCHON,True
16019,2022,Emmanuel MACRON,Emmanuel MACRON,True
16020,2022,Emmanuel MACRON,François FILLON,False
16021,2022,Jean-Luc MÉLENCHON,Jean-Luc MÉLENCHON,True
16022,2022,Emmanuel MACRON,Emmanuel MACRON,True
16023,2022,Marine LE PEN,Marine LE PEN,True
16024,2022,Marine LE PEN,Marine LE PEN,True
16025,2022,Marine LE PEN,Marine LE PEN,True
16026,2022,Marine LE PEN,Marine LE PEN,True
16027,2022,Emmanuel MACRON,Emmanuel MACRON,True
16028,2022,Marine LE PEN,Marine LE PEN,True
16029,2022,Marine LE PEN,Marine LE PEN,True
16030,2022,Marine LE PEN,Marine LE PEN,True
16031,2022,Marine LE PEN,Marine LE PEN,True
16032,2022,Marine LE PEN,Marine LE PEN,True
16033,2022,Emmanuel MACRON,Emmanuel MACRON,True
16034,2022,Marine LE PEN,Marine LE PEN,True
16035,2022,Emmanuel MACRON,Emmanuel MACRON,True
16036,2022,Emmanuel MACRON,Emmanuel MACRON,True
16037,2022,Marine LE PEN,Marine LE PEN,True
16038,2022,Emmanuel MACRON,Emmanuel MACRON,True
16039,2022,Marine LE PEN,Marine LE PEN,True
16040,2022,Emmanuel MACRON,Emmanuel MACRON,True
16041,2022,Jean-Luc MÉLENCHON,Jean-Luc MÉLENCHON,True
16042,2022,Marine LE PEN,Marine LE PEN,True
16043,2022,Marine LE PEN,Marine LE PEN,True
16044,2022,Marine LE PEN,Marine LE PEN,True
16045,2022,Marine LE PEN,Marine LE PEN,True
16046,2022,Marine LE PEN,Marine LE PEN,True
16047,2022,Emmanuel MACRON,François FILLON,False
16048,2022,Marine LE PEN,Marine LE PEN,True
16049,2022,Marine LE PEN,Marine LE PEN,True
16050,2022,Emmanuel MACRON,Emmanuel MACRON,True
16051,2022,Marine LE PEN,Marine LE PEN,True
16052,2022,Jean-Luc MÉLENCHON,Emmanuel MACRON,False
16053,2022,Marine LE PEN,Marine LE PEN,True
16054,2022,Marine LE PEN,Marine LE PEN,True
16055,2022,Marine LE PEN,Marine LE PEN,True
16056,2022,Emmanuel MACRON,Emmanuel MACRON,True
16057,2022,Emmanuel MACRON,Emmanuel MACRON,True
16058,2022,Emmanuel MACRON,Emmanuel MACRON,True
16059,2022,Marine LE PEN,Marine LE PEN,True
16060,2022,Marine LE PEN,Marine LE PEN,True
16061,2022,Emmanuel MACRON,François FILLON,False
16062,2022,Marine LE PEN,Marine LE PEN,True
16063,2022,Marine LE PEN,Marine LE PEN,True
16064,2022,Marine LE PEN,Marine LE PEN,True
16065,2022,Marine LE PEN,Marine LE PEN,True
16066,2022,Emmanuel MACRON,François FILLON,False
16067,2022,Marine LE PEN,Marine LE PEN,True
16068,2022,Emmanuel MACRON,Emmanuel MACRON,True
16069,2022,Emmanuel MACRON,François FILLON,False
16070,2022,Emmanuel MACRON,Emmanuel MACRON,True
16071,2022,Marine LE PEN,Marine LE PEN,True
16072,2022,Marine LE PEN,Marine LE PEN,True
16073,2022,Marine LE PEN,Marine LE PEN,True
16074,2022,Marine LE PEN,Marine LE PEN,True
16075,2022,Emmanuel MACRON,François FILLON,False
16076,2022,Marine LE PEN,Marine LE PEN,True
16077,2022,Emmanuel MACRON,François FILLON,False
16078,2022,Marine LE PEN,Marine LE PEN,True
16079,2022,Jean-Luc MÉLENCHON,François FILLON,False
16080,2022,Marine LE PEN,Marine LE PEN,True
16081,2022,Emmanuel MACRON,Emmanuel MACRON,True
16082,2022,Marine LE PEN,Marine LE PEN,True
16083,2022,Marine LE PEN,Marine LE PEN,True
16084,2022,Marine LE PEN,Marine LE PEN,True
16085,2022,Emmanuel MACRON,Emmanuel MACRON,True
16086,2022,Marine LE PEN,Marine LE PEN,True
16087,2022,Emmanuel MACRON,François FILLON,False
16088,2022,Marine LE PEN,Marine LE PEN,True
16089,2022,Marine LE PEN,Marine LE PEN,True
16090,2022,Emmanuel MACRON,Emmanuel MACRON,True
16091,2022,Marine LE PEN,Marine LE PEN,True
16092,2022,Marine LE PEN,Marine LE PEN,True
16093,2022,Marine LE PEN,Marine LE PEN,True
16094,2022,Emmanuel MACRON,Emmanuel MACRON,True
16095,2022,Marine LE PEN,Marine LE PEN,True
16096,2022,Marine LE PEN,Marine LE PEN,True
16097,2022,Emmanuel MACRON,Emmanuel MACRON,True
16098,2022,Emmanuel MACRON,François FILLON,False
16099,2022,Marine LE PEN,Marine LE PEN,True
16100,2022,Emmanuel MACRON,François FILLON,False
16101,2022,Marine LE PEN,Marine LE PEN,True
16102,2022,Marine LE PEN,Marine LE PEN,True
16103,2022,Marine LE PEN,Marine LE PEN,True
16104,2022,Marine LE PEN,Marine LE PEN,True
16105,2022,Emmanuel MACRON,Emmanuel MACRON,True
16106,2022,Marine LE PEN,Marine LE PEN,True
16107,2022,Marine LE PEN,Marine LE PEN,True
16108,2022,Marine LE PEN,Marine LE PEN,True
16109,2022,Emmanuel MACRON,Emmanuel MACRON,True
16110,2022,Emmanuel MACRON,François FILLON,False
16111,2022,Marine LE PEN,Marine LE PEN,True
16112,2022,Emmanuel MACRON,François FILLON,False
16113,2022,Marine LE PEN,Marine LE PEN,True
16114,2022,Emmanuel MACRON,Emmanuel MACRON,True
16115,2022,Marine LE PEN,Marine LE PEN,True
16116,2022,Marine LE PEN,Marine LE PEN,True
16117,2022,Marine LE PEN,Marine LE PEN,True
16118,2022,Marine LE PEN,Marine LE PEN,True
16119,2022,Marine LE PEN,Marine LE PEN,True
16120,2022,Emmanuel MACRON,François FILLON,False
16122,2022,Marine LE PEN,Marine LE PEN,True
16123,2022,Emmanuel MACRON,Emmanuel MACRON,True
16124,2022,Marine LE PEN,Marine LE PEN,True
16125,2022,Emmanuel MACRON,François FILLON,False
16126,2022,Emmanuel MACRON,Emmanuel MACRON,True
16127,2022,Emmanuel MACRON,François FILLON,False
16128,2022,Emmanuel MACRON,Emmanuel MACRON,True
16129,2022,Marine LE PEN,Marine LE PEN,True
16130,2022,Jean-Luc MÉLENCHON,Emmanuel MACRON,False
16131,2022,Emmanuel MACRON,Emmanuel MACRON,True
16132,2022,Marine LE PEN,Marine LE PEN,True
16133,2022,Marine LE PEN,Marine LE PEN,True
16134,2022,Emmanuel MACRON,Emmanuel MACRON,True
16135,2022,Emmanuel MACRON,Emmanuel MACRON,True
16136,2022,Marine LE PEN,Marine LE PEN,True
16137,2022,Marine LE PEN,Marine LE PEN,True
16138,2022,Marine LE PEN,Marine LE PEN,True
16139,2022,Emmanuel MACRON,Emmanuel MACRON,True
16140,2022,Marine LE PEN,Marine LE PEN,True
16141,2022,Emmanuel MACRON,Emmanuel MACRON,True
16142,2022,Marine LE PEN,Marine LE PEN,True
16143,2022,Marine LE PEN,Marine LE PEN,True
16144,2022,Marine LE PEN,Marine LE PEN,True
16145,2022,Emmanuel MACRON,François FILLON,False
16146,2022,Marine LE PEN,Marine LE PEN,True
16147,2022,Marine LE PEN,Marine LE PEN,True
16148,2022,Marine LE PEN,Marine LE PEN,True
16149,2022,Marine LE PEN,Marine LE PEN,True
16150,2022,Marine LE PEN,Marine LE PEN,True
16151,2022,Emmanuel MACRON,Emmanuel MACRON,True
16152,2022,Marine LE PEN,Marine LE PEN,True
16153,2022,Marine LE PEN,Marine LE PEN,True
16154,2022,Jean-Luc MÉLENCHON,Emmanuel MACRON,False
16155,2022,Emmanuel MACRON,François FILLON,False
16156,2022,Jean-Luc MÉLENCHON,François FILLON,False
16157,2022,Emmanuel MACRON,François FILLON,False
16158,2022,Emmanuel MACRON,Emmanuel MACRON,True
16159,2022,Emmanuel MACRON,Emmanuel MACRON,True
16160,2022,Emmanuel MACRON,Emmanuel MACRON,True
16161,2022,Marine LE PEN,Marine LE PEN,True
16162,2022,Marine LE PEN,Marine LE PEN,True
16163,2022,Emmanuel MACRON,Emmanuel MACRON,True
16164,2022,Marine LE PEN,Marine LE PEN,True
16165,2022,Marine LE PEN,Marine LE PEN,True
16166,2022,Emmanuel MACRON,Emmanuel MACRON,True
16167,2022,Marine LE PEN,Marine LE PEN,True
16168,2022,Marine LE PEN,Marine LE PEN,True
16169,2022,Emmanuel MACRON,Emmanuel MACRON,True
16170,2022,Marine LE PEN,Marine LE PEN,True
16171,2022,Marine LE PEN,Marine LE PEN,True
16172,2022,Jean-Luc MÉLENCHON,François FILLON,False
16173,2022,Marine LE PEN,Marine LE PEN,True
16174,2022,Marine LE PEN,Marine LE PEN,True
16175,2022,Emmanuel MACRON,Emmanuel MACRON,True
16176,2022,Jean-Luc MÉLENCHON,Emmanuel MACRON,False
16177,2022,Marine LE PEN,Marine LE PEN,True
16178,2022,Marine LE PEN,Marine LE PEN,True
16179,2022,Marine LE PEN,Marine LE PEN,True
16180,2022,Emmanuel MACRON,Emmanuel MACRON,True
16181,2022,Emmanuel MACRON,François FILLON,False
16182,2022,Emmanuel MACRON,François FILLON,False
16183,2022,Marine LE PEN,Marine LE PEN,True
16184,2022,Emmanuel MACRON,François FILLON,False
16185,2022,Marine LE PEN,Marine LE PEN,True
16186,2022,Marine LE PEN,Marine LE PEN,True
16187,2022,Marine LE PEN,Marine LE PEN,True
16188,2022,Marine LE PEN,Marine LE PEN,True
16189,2022,Emmanuel MACRON,François FILLON,False
16190,2022,Marine LE PEN,Marine LE PEN,True
16191,2022,Marine LE PEN,Marine LE PEN,True
16192,2022,Marine LE PEN,Marine LE PEN,True
16193,2022,Marine LE PEN,Marine LE PEN,True
16194,2022,Jean-Luc MÉLENCHON,François FILLON,False
16195,2022,Marine LE PEN,Marine LE PEN,True
16196,2022,Emmanuel MACRON,François FILLON,False
16197,2022,Marine LE PEN,Marine LE PEN,True
16198,2022,Marine LE PEN,Marine LE PEN,True
16199,2022,Emmanuel MACRON,Emmanuel MACRON,True
16200,2022,Emmanuel MACRON,François FILLON,False
16201,2022,Marine LE PEN,Marine LE PEN,True
16202,2022,Emmanuel MACRON,François FILLON,False
16203,2022,Marine LE PEN,Marine LE PEN,True
16204,2022,Marine LE PEN,Marine LE PEN,True
16205,2022,Marine LE PEN,Marine LE PEN,True
16206,2022,Marine LE PEN,Marine LE PEN,True
16207,2022,Emmanuel MACRON,Emmanuel MACRON,True
16208,2022,Emmanuel MACRON,Emmanuel MACRON,True
16209,2022,Marine LE PEN,Marine LE PEN,True
16210,2022,Marine LE PEN,Marine LE PEN,True
16211,2022,Marine LE PEN,Marine LE PEN,True
16212,2022,Marine LE PEN,Marine LE PEN,True
16213,2022,Emmanuel MACRON,Emmanuel MACRON,True
16214,2022,Emmanuel MACRON,Emmanuel MACRON,True
16215,2022,Marine LE PEN,Marine LE PEN,True
16216,2022,Marine LE PEN,Marine LE PEN,True
16217,2022,Marine LE PEN,Marine LE PEN,True
16218,2022,Emmanuel MACRON,Emmanuel MACRON,True
16219,2022,Emmanuel MACRON,François FILLON,False
16220,2022,Marine LE PEN,Marine LE PEN,True
16221,2022,Marine LE PEN,Marine LE PEN,True
16222,2022,Marine LE PEN,Marine LE PEN,True
16223,2022,Marine LE PEN,Marine LE PEN,True
16224,2022,Marine LE PEN,Marine LE PEN,True
16225,2022,Marine LE PEN,Marine LE PEN,True
16226,2022,Marine LE PEN,Marine LE PEN,True
16227,2022,Jean LASSALLE,François FILLON,False
16228,2022,Marine LE PEN,Marine LE PEN,True
16229,2022,Marine LE PEN,Marine LE PEN,True
16230,2022,Jean-Luc MÉLENCHON,François FILLON,False
16231,2022,Emmanuel MACRON,François FILLON,False
16232,2022,Marine LE PEN,Marine LE PEN,True
16233,2022,Emmanuel MACRON,François FILLON,False
16234,2022,Marine LE PEN,Marine LE PEN,True
16235,2022,Jean-Luc MÉLENCHON,Emmanuel MACRON,False
16236,2022,Marine LE PEN,Marine LE PEN,True
16237,2022,Jean-Luc MÉLENCHON,François FILLON,False
16238,2022,Emmanuel MACRON,François FILLON,False
16239,2022,Marine LE PEN,Marine LE PEN,True
16240,2022,Marine LE PEN,Marine LE PEN,True
16241,2022,Marine LE PEN,Marine LE PEN,True
16242,2022,Marine LE PEN,Marine LE PEN,True
16243,2022,Emmanuel MACRON,François FILLON,False
16244,2022,Marine LE PEN,Marine LE PEN,True
16245,2022,Emmanuel MACRON,Emmanuel MACRON,True
16246,2022,Marine LE PEN,Marine LE PEN,True
16247,2022,Marine LE PEN,Marine LE PEN,True
16248,2022,Marine LE PEN,Marine LE PEN,True
16249,2022,Marine LE PEN,Marine LE PEN,True
16250,2022,Marine LE PEN,Marine LE PEN,True
16251,2022,Emmanuel MACRON,François FILLON,False
16252,2022,Jean-Luc MÉLENCHON,Emmanuel MACRON,False
16253,2022,Marine LE PEN,Marine LE PEN,True
16254,2022,Marine LE PEN,Marine LE PEN,True
16255,2022,Emmanuel MACRON,Emmanuel MACRON,True
16256,2022,Emmanuel MACRON,François FILLON,False
16257,2022,Emmanuel MACRON,François FILLON,False
16258,2022,Marine LE PEN,Marine LE PEN,True
16259,2022,Marine LE PEN,Marine LE PEN,True
16260,2022,Marine LE PEN,Marine LE PEN,True
16261,2022,Marine LE PEN,Marine LE PEN,True
16262,2022,Marine LE PEN,Marine LE PEN,True
16263,2022,Marine LE PEN,Marine LE PEN,True
16264,2022,Jean-Luc MÉLENCHON,François FILLON,False
16265,2022,Marine LE PEN,Marine LE PEN,True
16266,2022,Marine LE PEN,Marine LE PEN,True
16267,2022,Marine LE PEN,Marine LE PEN,True
16268,2022,Marine LE PEN,Marine LE PEN,True
16269,2022,Jean-Luc MÉLENCHON,François FILLON,False
16270,2022,Marine LE PEN,Marine LE PEN,True
16271,2022,Marine LE PEN,Marine LE PEN,True
16272,2022,Jean-Luc MÉLENCHON,François FILLON,False
16273,2022,Marine LE PEN,Marine LE PEN,True
16274,2022,Marine LE PEN,Marine LE PEN,True
16275,2022,Marine LE PEN,Marine LE PEN,True
16276,2022,Marine LE PEN,Marine LE PEN,True
16277,2022,Marine LE PEN,Marine LE PEN,True
16278,2022,Emmanuel MACRON,Emmanuel MACRON,True
16279,2022,Marine LE PEN,Marine LE PEN,True
16280,2022,Marine LE PEN,Marine LE PEN,True
16281,2022,Marine LE PEN,Marine LE PEN,True
16282,2022,Marine LE PEN,Marine LE PEN,True
16283,2022,Emmanuel MACRON,François FILLON,False
16284,2022,Emmanuel MACRON,François FILLON,False
16285,2022,Emmanuel MACRON,François FILLON,False
16286,2022,Marine LE PEN,Marine LE PEN,True
16287,2022,Marine LE PEN,Marine LE PEN,True
16288,2022,Marine LE PEN,Marine LE PEN,True
16289,2022,Marine LE PEN,Marine LE PEN,True
16290,2022,Marine LE PEN,Marine LE PEN,True
16291,2022,Marine LE PEN,Marine LE PEN,True
16292,2022,Marine LE PEN,Marine LE PEN,True
16293,2022,Marine LE PEN,Marine LE PEN,True
16294,2022,Jean-Luc MÉLENCHON,François FILLON,False
16295,2022,Marine LE PEN,Marine LE PEN,True
16296,2022,Emmanuel MACRON,Emmanuel MACRON,True
16297,2022,Jean-Luc MÉLENCHON,Emmanuel MACRON,False
16298,2022,Marine LE PEN,Marine LE PEN,True
16299,2022,Emmanuel MACRON,Emmanuel MACRON,True
16300,2022,Marine LE PEN,Marine LE PEN,True
16301,2022,Marine LE PEN,Marine LE PEN,True
16302,2022,Emmanuel MACRON,François FILLON,False
16303,2022,Marine LE PEN,Marine LE PEN,True
16304,2022,Marine LE PEN,Marine LE PEN,True
16305,2022,Jean-Luc MÉLENCHON,François FILLON,False
16306,2022,Emmanuel MACRON,Emmanuel MACRON,True
16307,2022,Marine LE PEN,Marine LE PEN,True
16308,2022,Marine LE PEN,Marine LE PEN,True
16309,2022,Marine LE PEN,Marine LE PEN,True
16310,2022,Marine LE PEN,Marine LE PEN,True
16311,2022,Marine LE PEN,Marine LE PEN,True
16312,2022,Marine LE PEN,Marine LE PEN,True
16313,2022,Marine LE PEN,Marine LE PEN,True
16314,2022,Jean-Luc MÉLENCHON,François FILLON,False
16315,2022,Marine LE PEN,Marine LE PEN,True
16316,2022,Marine LE PEN,Marine LE PEN,True
16317,2022,Emmanuel MACRON,Emmanuel MACRON,True
16318,2022,Marine LE PEN,Marine LE PEN,True
16319,2022,Marine LE PEN,Marine LE PEN,True
16320,2022,Marine LE PEN,Marine LE PEN,True
16321,2022,Marine LE PEN,Marine LE PEN,True
16322,2022,Jean-Luc MÉLENCHON,Emmanuel MACRON,False
16323,2022,Jean-Luc MÉLENCHON,François FILLON,False
16324,2022,Marine LE PEN,Marine LE PEN,True
16325,2022,Emmanuel MACRON,François FILLON,False
16326,2022,Marine LE PEN,Marine LE PEN,True
16327,2022,Marine LE PEN,Marine LE PEN,True
16328,2022,Marine LE PEN,Marine LE PEN,True
16329,2022,Marine LE PEN,Marine LE PEN,True
16330,2022,Jean-Luc MÉLENCHON,François FILLON,False
16331,2022,Marine LE PEN,Marine LE PEN,True
16332,2022,Marine LE PEN,Marine LE PEN,True
16333,2022,Marine LE PEN,Marine LE PEN,True
16334,2022,Marine LE PEN,Marine LE PEN,True
16335,2022,Marine LE PEN,Marine LE PEN,True
16336,2022,Emmanuel MACRON,François FILLON,False
16337,2022,Emmanuel MACRON,François FILLON,False
16338,2022,Marine LE PEN,Marine LE PEN,True
16339,2022,Marine LE PEN,Marine LE PEN,True
16340,2022,Marine LE PEN,Marine LE PEN,True
16341,2022,Jean-Luc MÉLENCHON,François FILLON,False
16342,2022,Marine LE PEN,Marine LE PEN,True
16343,2022,Emmanuel MACRON,Emmanuel MACRON,True
16344,2022,Emmanuel MACRON,François FILLON,False
16345,2022,Marine LE PEN,Marine LE PEN,True
16346,2022,Marine LE PEN,Marine LE PEN,True
16347,2022,Marine LE PEN,Marine LE PEN,True
16348,2022,Marine LE PEN,Marine LE PEN,True
16349,2022,Marine LE PEN,Marine LE PEN,True
16350,2022,Marine LE PEN,Marine LE PEN,True
16351,2022,Emmanuel MACRON,François FILLON,False
16352,2022,Emmanuel MACRON,Emmanuel MACRON,True
16353,2022,Marine LE PEN,Marine LE PEN,True
16354,2022,Marine LE PEN,Marine LE PEN,True
16355,2022,Marine LE PEN,Marine LE PEN,True
16356,2022,Jean-Luc MÉLENCHON,François FILLON,False
16357,2022,Jean-Luc MÉLENCHON,François FILLON,False
16358,2022,Marine LE PEN,Marine LE PEN,True
16359,2022,Marine LE PEN,Marine LE PEN,True
16360,2022,Marine LE PEN,Marine LE PEN,True
16361,2022,Emmanuel MACRON,Emmanuel MACRON,True
16362,2022,Emmanuel MACRON,Emmanuel MACRON,True
16363,2022,Marine LE PEN,Marine LE PEN,True
16364,2022,Emmanuel MACRON,François FILLON,False
16365,2022,Marine LE PEN,Marine LE PEN,True
16366,2022,Emmanuel MACRON,François FILLON,False
16367,2022,Marine LE PEN,Marine LE PEN,True
16368,2022,Marine LE PEN,Marine LE PEN,True
16369,2022,Emmanuel MACRON,Emmanuel MACRON,True
16370,2022,Emmanuel MACRON,François FILLON,False
16371,2022,Marine LE PEN,Marine LE PEN,True
16372,2022,Marine LE PEN,Marine LE PEN,True
16373,2022,Marine LE PEN,Marine LE PEN,True
16374,2022,Marine LE PEN,Marine LE PEN,True
16375,2022,Marine LE PEN,Marine LE PEN,True
16376,2022,Marine LE PEN,Marine LE PEN,True
16377,2022,Marine LE PEN,Marine LE PEN,True
16378,2022,Marine LE PEN,Marine LE PEN,True
16379,2022,Marine LE PEN,Marine LE PEN,True
16380,2022,Jean-Luc MÉLENCHON,François FILLON,False
16381,2022,Emmanuel MACRON,François FILLON,False
16382,2022,Emmanuel MACRON,François FILLON,False
16383,2022,Emmanuel MACRON,François FILLON,False
16384,2022,Marine LE PEN,Marine LE PEN,True
16385,2022,Marine LE PEN,Marine LE PEN,True
16386,2022,Marine LE PEN,Marine LE PEN,True
16387,2022,Marine LE PEN,Marine LE PEN,True
16388,2022,Marine LE PEN,Marine LE PEN,True
16389,2022,Marine LE PEN,Marine LE PEN,True
16390,2022,Marine LE PEN,Marine LE PEN,True
16391,2022,Marine LE PEN,Marine LE PEN,True
16392,2022,Marine LE PEN,Marine LE PEN,True
16393,2022,Marine LE PEN,Marine LE PEN,True
16394,2022,Marine LE PEN,Marine LE PEN,True
16395,2022,Emmanuel MACRON,Emmanuel MACRON,True
16396,2022,Marine LE PEN,Marine LE PEN,True
16397,2022,Marine LE PEN,Marine LE PEN,True
16398,2022,Marine LE PEN,Marine LE PEN,True
16399,2022,Marine LE PEN,Marine LE PEN,True
16400,2022,Marine LE PEN,Marine LE PEN,True
16401,2022,Marine LE PEN,Marine LE PEN,True
16402,2022,Emmanuel MACRON,François FILLON,False
16403,2022,Marine LE PEN,Marine LE PEN,True
16404,2022,Jean LASSALLE,François FILLON,False
16405,2022,Marine LE PEN,Marine LE PEN,True
16406,2022,Emmanuel MACRON,François FILLON,False
16407,2022,Marine LE PEN,Marine LE PEN,True
16408,2022,Jean-Luc MÉLENCHON,François FILLON,False
16409,2022,Emmanuel MACRON,Emmanuel MACRON,True
16410,2022,Marine LE PEN,Marine LE PEN,True
16411,2022,Emmanuel MACRON,François FILLON,False
16412,2022,Marine LE PEN,Marine LE PEN,True
16413,2022,Emmanuel MACRON,François FILLON,False
16414,2022,Marine LE PEN,Marine LE PEN,True
16415,2022,Marine LE PEN,Marine LE PEN,True
16416,2022,Emmanuel MACRON,Emmanuel MACRON,True
16417,2022,Emmanuel MACRON,François FILLON,False
16418,2022,Marine LE PEN,Marine LE PEN,True
16419,2022,Marine LE PEN,Marine LE PEN,True
16420,2022,Marine LE PEN,Marine LE PEN,True
16421,2022,Jean-Luc MÉLENCHON,François FILLON,False
16422,2022,Marine LE PEN,Marine LE PEN,True
16423,2022,Marine LE PEN,Marine LE PEN,True
16424,2022,Marine LE PEN,Marine LE PEN,True
16425,2022,Emmanuel MACRON,Jean-Luc MÉLENCHON,False
16426,2022,Emmanuel MACRON,Emmanuel MACRON,True
16427,2022,Emmanuel MACRON,Emmanuel MACRON,True
16428,2022,Emmanuel MACRON,Emmanuel MACRON,True
16429,2022,Emmanuel MACRON,Emmanuel MACRON,True
16430,2022,Emmanuel MACRON,Emmanuel MACRON,True
16431,2022,Emmanuel MACRON,Emmanuel MACRON,True
16432,2022,Emmanuel MACRON,François FILLON,False
16433,2022,Emmanuel MACRON,Emmanuel MACRON,True
16434,2022,Marine LE PEN,Marine LE PEN,True
16435,2022,Emmanuel MACRON,Emmanuel MACRON,True
16436,2022,Emmanuel MACRON,Emmanuel MACRON,True
16437,2022,Marine LE PEN,Marine LE PEN,True
16439,2022,Emmanuel MACRON,Emmanuel MACRON,True
16440,2022,Emmanuel MACRON,François FILLON,False
16441,2022,Jean-Luc MÉLENCHON,Emmanuel MACRON,False
16442,2022,Emmanuel MACRON,Emmanuel MACRON,True
16443,2022,Emmanuel MACRON,Emmanuel MACRON,True
16444,2022,Emmanuel MACRON,Emmanuel MACRON,True
16445,2022,Emmanuel MACRON,Emmanuel MACRON,True
16446,2022,Emmanuel MACRON,Emmanuel MACRON,True
16447,2022,Emmanuel MACRON,Emmanuel MACRON,True
16448,2022,Emmanuel MACRON,Emmanuel MACRON,True
16449,2022,Emmanuel MACRON,François FILLON,False
16450,2022,Emmanuel MACRON,Emmanuel MACRON,True
16451,2022,Emmanuel MACRON,Emmanuel MACRON,True
16452,2022,Emmanuel MACRON,François FILLON,False
16453,2022,Emmanuel MACRON,Emmanuel MACRON,True
16454,2022,Emmanuel MACRON,Emmanuel MACRON,True
16455,2022,Emmanuel MACRON,Emmanuel MACRON,True
16456,2022,Emmanuel MACRON,Jean-Luc MÉLENCHON,False
16457,2022,Emmanuel MACRON,Emmanuel MACRON,True
16458,2022,Marine LE PEN,Marine LE PEN,True
16459,2022,Emmanuel MACRON,François FILLON,False
16460,2022,Emmanuel MACRON,Emmanuel MACRON,True
16461,2022,Emmanuel MACRON,Emmanuel MACRON,True
16462,2022,Marine LE PEN,Marine LE PEN,True
16463,2022,Emmanuel MACRON,Emmanuel MACRON,True
16464,2022,Emmanuel MACRON,Jean-Luc MÉLENCHON,False
16465,2022,Emmanuel MACRON,Emmanuel MACRON,True
16466,2022,Emmanuel MACRON,Emmanuel MACRON,True
16467,2022,Emmanuel MACRON,François FILLON,False
16468,2022,Emmanuel MACRON,Emmanuel MACRON,True
16469,2022,Emmanuel MACRON,Jean-Luc MÉLENCHON,False
16470,2022,Marine LE PEN,Marine LE PEN,True
16471,2022,Emmanuel MACRON,Emmanuel MACRON,True
16472,2022,Emmanuel MACRON,Jean-Luc MÉLENCHON,False
16473,2022,Emmanuel MACRON,Emmanuel MACRON,True
16474,2022,Emmanuel MACRON,Emmanuel MACRON,True
16475,2022,Marine LE PEN,Marine LE PEN,True
16476,2022,Emmanuel MACRON,François FILLON,False
16477,2022,Emmanuel MACRON,Jean-Luc MÉLENCHON,False
16478,2022,Emmanuel MACRON,Jean-Luc MÉLENCHON,False
16479,2022,Emmanuel MACRON,Emmanuel MACRON,True
16480,2022,Emmanuel MACRON,Emmanuel MACRON,True
16481,2022,Emmanuel MACRON,François FILLON,False
16482,2022,Emmanuel MACRON,Emmanuel MACRON,True
16483,2022,Emmanuel MACRON,Jean-Luc MÉLENCHON,False
16484,2022,Emmanuel MACRON,Emmanuel MACRON,True
16485,2022,Emmanuel MACRON,Emmanuel MACRON,True
16486,2022,Emmanuel MACRON,Emmanuel MACRON,True
16487,2022,Emmanuel MACRON,Emmanuel MACRON,True
16488,2022,Emmanuel MACRON,Emmanuel MACRON,True
16489,2022,Emmanuel MACRON,Emmanuel MACRON,True
16490,2022,Jean-Luc MÉLENCHON,Emmanuel MACRON,False
16491,2022,Emmanuel MACRON,Jean-Luc MÉLENCHON,False
16492,2022,Emmanuel MACRON,François FILLON,False
16493,2022,Emmanuel MACRON,Emmanuel MACRON,True
16494,2022,Marine LE PEN,Marine LE PEN,True
16495,2022,Emmanuel MACRON,Emmanuel MACRON,True
16496,2022,Jean-Luc MÉLENCHON,François FILLON,False
16497,2022,Emmanuel MACRON,Jean-Luc MÉLENCHON,False
16498,2022,Emmanuel MACRON,Emmanuel MACRON,True
16499,2022,Emmanuel MACRON,Jean-Luc MÉLENCHON,False
16500,2022,Emmanuel MACRON,Emmanuel MACRON,True
16501,2022,Marine LE PEN,Marine LE PEN,True
16502,2022,Emmanuel MACRON,Jean-Luc MÉLENCHON,False
16503,2022,Emmanuel MACRON,Emmanuel MACRON,True
16504,2022,Emmanuel MACRON,Emmanuel MACRON,True
16505,2022,Emmanuel MACRON,Emmanuel MACRON,True
16506,2022,Emmanuel MACRON,Jean-Luc MÉLENCHON,False
16507,2022,Marine LE PEN,Marine LE PEN,True
16508,2022,Emmanuel MACRON,François FILLON,False
16510,2022,Emmanuel MACRON,Emmanuel MACRON,True
16511,2022,Emmanuel MACRON,Emmanuel MACRON,True
16512,2022,Emmanuel MACRON,Emmanuel MACRON,True
16513,2022,Emmanuel MACRON,François FILLON,False
16514,2022,Emmanuel MACRON,Emmanuel MACRON,True
16515,2022,Emmanuel MACRON,Emmanuel MACRON,True
16516,2022,Emmanuel MACRON,Emmanuel MACRON,True
16517,2022,Jean-Luc MÉLENCHON,Emmanuel MACRON,False
16518,2022,Emmanuel MACRON,Emmanuel MACRON,True
16519,2022,Marine LE PEN,Marine LE PEN,True
16520,2022,Emmanuel MACRON,François FILLON,False
16521,2022,Marine LE PEN,Marine LE PEN,True
16522,2022,Emmanuel MACRON,Emmanuel MACRON,True
16523,2022,Emmanuel MACRON,François FILLON,False
16524,2022,Emmanuel MACRON,Emmanuel MACRON,True
16525,2022,Jean-Luc MÉLENCHON,Emmanuel MACRON,False
16526,2022,Emmanuel MACRON,Emmanuel MACRON,True
16527,2022,Jean-Luc MÉLENCHON,Jean-Luc MÉLENCHON,True
16528,2022,Marine LE PEN,Marine LE PEN,True
16529,2022,Emmanuel MACRON,Emmanuel MACRON,True
16530,2022,Emmanuel MACRON,Emmanuel MACRON,True
16531,2022,Emmanuel MACRON,Emmanuel MACRON,True
16532,2022,Emmanuel MACRON,Jean-Luc MÉLENCHON,False
16533,2022,Emmanuel MACRON,Emmanuel MACRON,True
16534,2022,Marine LE PEN,Marine LE PEN,True
16535,2022,Emmanuel MACRON,Emmanuel MACRON,True
16536,2022,Jean-Luc MÉLENCHON,Emmanuel MACRON,False
16537,2022,Marine LE PEN,Marine LE PEN,True
16538,2022,Emmanuel MACRON,Emmanuel MACRON,True
16539,2022,Marine LE PEN,Marine LE PEN,True
16540,2022,Emmanuel MACRON,Jean-Luc MÉLENCHON,False
16541,2022,Emmanuel MACRON,François FILLON,False
16542,2022,Emmanuel MACRON,Emmanuel MACRON,True
16543,2022,Emmanuel MACRON,Emmanuel MACRON,True
16544,2022,Emmanuel MACRON,Emmanuel MACRON,True
16545,2022,Emmanuel MACRON,Emmanuel MACRON,True
16546,2022,Emmanuel MACRON,Emmanuel MACRON,True
16547,2022,Emmanuel MACRON,Emmanuel MACRON,True
16548,2022,Emmanuel MACRON,Emmanuel MACRON,True
16549,2022,Emmanuel MACRON,Emmanuel MACRON,True
16550,2022,Marine LE PEN,Marine LE PEN,True
16551,2022,Emmanuel MACRON,François FILLON,False
16552,2022,Emmanuel MACRON,François FILLON,False
16553,2022,Emmanuel MACRON,Emmanuel MACRON,True
16554,2022,Emmanuel MACRON,François FILLON,False
16555,2022,Jean-Luc MÉLENCHON,François FILLON,False
16556,2022,Emmanuel MACRON,Emmanuel MACRON,True
16557,2022,Emmanuel MACRON,Jean-Luc MÉLENCHON,False
16558,2022,Emmanuel MACRON,Emmanuel MACRON,True
16559,2022,Jean-Luc MÉLENCHON,Emmanuel MACRON,False
16560,2022,Emmanuel MACRON,Emmanuel MACRON,True
16561,2022,Emmanuel MACRON,Emmanuel MACRON,True
16562,2022,Emmanuel MACRON,Jean-Luc MÉLENCHON,False
16563,2022,Emmanuel MACRON,François FILLON,False
16564,2022,Emmanuel MACRON,Emmanuel MACRON,True
16565,2022,Emmanuel MACRON,Emmanuel MACRON,True
16566,2022,Emmanuel MACRON,Emmanuel MACRON,True
16567,2022,Marine LE PEN,Marine LE PEN,True
16568,2022,Marine LE PEN,Marine LE PEN,True
16569,2022,Emmanuel MACRON,Emmanuel MACRON,True
16570,2022,Emmanuel MACRON,Emmanuel MACRON,True
16571,2022,Emmanuel MACRON,Jean-Luc MÉLENCHON,False
16572,2022,Emmanuel MACRON,François FILLON,False
16573,2022,Emmanuel MACRON,Emmanuel MACRON,True
16574,2022,Emmanuel MACRON,François FILLON,False
16576,2022,Emmanuel MACRON,Emmanuel MACRON,True
16577,2022,Emmanuel MACRON,Emmanuel MACRON,True
16578,2022,Emmanuel MACRON,Emmanuel MACRON,True
16579,2022,Emmanuel MACRON,Jean-Luc MÉLENCHON,False
16580,2022,Emmanuel MACRON,Emmanuel MACRON,True
16581,2022,Jean-Luc MÉLENCHON,Emmanuel MACRON,False
16582,2022,Marine LE PEN,Marine LE PEN,True
16583,2022,Emmanuel MACRON,Emmanuel MACRON,True
16584,2022,Emmanuel MACRON,Jean-Luc MÉLENCHON,False
16585,2022,Emmanuel MACRON,Emmanuel MACRON,True
16586,2022,Emmanuel MACRON,Emmanuel MACRON,True
16587,2022,Emmanuel MACRON,Emmanuel MACRON,True
16588,2022,Emmanuel MACRON,Emmanuel MACRON,True
16589,2022,Emmanuel MACRON,Emmanuel MACRON,True
16590,2022,Marine LE PEN,Marine LE PEN,True
16591,2022,Emmanuel MACRON,Emmanuel MACRON,True
16592,2022,Emmanuel MACRON,Emmanuel MACRON,True
16593,2022,Emmanuel MACRON,Jean-Luc MÉLENCHON,False
16594,2022,Emmanuel MACRON,Emmanuel MACRON,True
16595,2022,Marine LE PEN,Marine LE PEN,True
16596,2022,Emmanuel MACRON,Jean-Luc MÉLENCHON,False
16597,2022,Emmanuel MACRON,Jean-Luc MÉLENCHON,False
16598,2022,Emmanuel MACRON,Emmanuel MACRON,True
16599,2022,Emmanuel MACRON,Jean-Luc MÉLENCHON,False
16600,2022,Emmanuel MACRON,Emmanuel MACRON,True
16601,2022,Marine LE PEN,Marine LE PEN,True
16602,2022,Emmanuel MACRON,Emmanuel MACRON,True
16604,2022,Marine LE PEN,Marine LE PEN,True
16605,2022,Marine LE PEN,Marine LE PEN,True
16606,2022,Emmanuel MACRON,Emmanuel MACRON,True
16607,2022,Emmanuel MACRON,Jean-Luc MÉLENCHON,False
16608,2022,Marine LE PEN,Marine LE PEN,True
16609,2022,Emmanuel MACRON,Jean-Luc MÉLENCHON,False
16610,2022,Emmanuel MACRON,Emmanuel MACRON,True
16611,2022,Emmanuel MACRON,Jean-Luc MÉLENCHON,False
16612,2022,Marine LE PEN,Marine LE PEN,True
16613,2022,Emmanuel MACRON,Emmanuel MACRON,True
16614,2022,Emmanuel MACRON,Jean-Luc MÉLENCHON,False
16615,2022,Emmanuel MACRON,Emmanuel MACRON,True
16616,2022,Emmanuel MACRON,Emmanuel MACRON,True
16617,2022,Emmanuel MACRON,Emmanuel MACRON,True
16618,2022,Emmanuel MACRON,François FILLON,False
16619,2022,Emmanuel MACRON,Emmanuel MACRON,True
16620,2022,Marine LE PEN,Marine LE PEN,True
16621,2022,Emmanuel MACRON,Emmanuel MACRON,True
16622,2022,Marine LE PEN,Marine LE PEN,True
16623,2022,Emmanuel MACRON,Emmanuel MACRON,True
16624,2022,Emmanuel MACRON,Emmanuel MACRON,True
16625,2022,Emmanuel MACRON,Emmanuel MACRON,True
16626,2022,Emmanuel MACRON,Emmanuel MACRON,True
16627,2022,Emmanuel MACRON,Emmanuel MACRON,True
16628,2022,Emmanuel MACRON,Emmanuel MACRON,True
16629,2022,Emmanuel MACRON,Emmanuel MACRON,True
16630,2022,Marine LE PEN,Marine LE PEN,True
16632,2022,Emmanuel MACRON,Emmanuel MACRON,True
16633,2022,Emmanuel MACRON,Emmanuel MACRON,True
16634,2022,Emmanuel MACRON,Emmanuel MACRON,True
16635,2022,Emmanuel MACRON,Emmanuel MACRON,True
16636,2022,Jean-Luc MÉLENCHON,Jean-Luc MÉLENCHON,True
16637,2022,Marine LE PEN,Marine LE PEN,True
16638,2022,Marine LE PEN,Marine LE PEN,True
16639,2022,Emmanuel MACRON,Emmanuel MACRON,True
16640,2022,Marine LE PEN,Marine LE PEN,True
16641,2022,Emmanuel MACRON,François FILLON,False
16642,2022,Marine LE PEN,Marine LE PEN,True
16643,2022,Marine LE PEN,Marine LE PEN,True
16644,2022,Marine LE PEN,Marine LE PEN,True
16645,2022,Marine LE PEN,Marine LE PEN,True
16646,2022,Marine LE PEN,Marine LE PEN,True
16647,2022,Emmanuel MACRON,François FILLON,False
16648,2022,Emmanuel MACRON,François FILLON,False
16649,2022,Marine LE PEN,Marine LE PEN,True
16650,2022,Marine LE PEN,Marine LE PEN,True
16651,2022,Marine LE PEN,Marine LE PEN,True
16652,2022,Marine LE PEN,Marine LE PEN,True
16653,2022,Emmanuel MACRON,François FILLON,False
16654,2022,Emmanuel MACRON,Emmanuel MACRON,True
16655,2022,Marine LE PEN,Marine LE PEN,True
16656,2022,Marine LE PEN,Marine LE PEN,True
16657,2022,Marine LE PEN,Marine LE PEN,True
16658,2022,Emmanuel MACRON,Emmanuel MACRON,True
16659,2022,Marine LE PEN,Marine LE PEN,True
16660,2022,Marine LE PEN,Marine LE PEN,True
16661,2022,Marine LE PEN,Marine LE PEN,True
16662,2022,Emmanuel MACRON,Emmanuel MACRON,True
16663,2022,Marine LE PEN,Marine LE PEN,True
16664,2022,Marine LE PEN,Marine LE PEN,True
16665,2022,Marine LE PEN,Marine LE PEN,True
16666,2022,Marine LE PEN,Marine LE PEN,True
16667,2022,Marine LE PEN,Marine LE PEN,True
16668,2022,Emmanuel MACRON,Emmanuel MACRON,True
16669,2022,Marine LE PEN,Marine LE PEN,True
16670,2022,Marine LE PEN,Marine LE PEN,True
16671,2022,Marine LE PEN,Marine LE PEN,True
16672,2022,Emmanuel MACRON,François FILLON,False
16673,2022,Marine LE PEN,Marine LE PEN,True
16674,2022,Marine LE PEN,Marine LE PEN,True
16675,2022,Marine LE PEN,Marine LE PEN,True
16676,2022,Marine LE PEN,Marine LE PEN,True
16677,2022,Emmanuel MACRON,Emmanuel MACRON,True
16678,2022,Marine LE PEN,Marine LE PEN,True
16679,2022,Marine LE PEN,Marine LE PEN,True
16680,2022,Marine LE PEN,Marine LE PEN,True
16681,2022,Marine LE PEN,Marine LE PEN,True
16682,2022,Marine LE PEN,Marine LE PEN,True
16683,2022,Marine LE PEN,Marine LE PEN,True
16684,2022,Marine LE PEN,Marine LE PEN,True
16685,2022,Emmanuel MACRON,François FILLON,False
16686,2022,Marine LE PEN,Marine LE PEN,True
16687,2022,Marine LE PEN,Marine LE PEN,True
16688,2022,Marine LE PEN,Marine LE PEN,True
16689,2022,Marine LE PEN,Marine LE PEN,True
16690,2022,Marine LE PEN,Marine LE PEN,True
16691,2022,Marine LE PEN,Marine LE PEN,True
16692,2022,Marine LE PEN,Marine LE PEN,True
16693,2022,Marine LE PEN,Marine LE PEN,True
16694,2022,Marine LE PEN,Marine LE PEN,True
16695,2022,Marine LE PEN,Marine LE PEN,True
16696,2022,Marine LE PEN,Marine LE PEN,True
16697,2022,Marine LE PEN,Marine LE PEN,True
16698,2022,Marine LE PEN,Marine LE PEN,True
16699,2022,Emmanuel MACRON,Emmanuel MACRON,True
16700,2022,Jean-Luc MÉLENCHON,Jean-Luc MÉLENCHON,True
16701,2022,Marine LE PEN,Marine LE PEN,True
16702,2022,Marine LE PEN,Marine LE PEN,True
16703,2022,Emmanuel MACRON,Emmanuel MACRON,True
16704,2022,Marine LE PEN,Marine LE PEN,True
16705,2022,Marine LE PEN,Marine LE PEN,True
16706,2022,Emmanuel MACRON,Emmanuel MACRON,True
16707,2022,Marine LE PEN,Marine LE PEN,True
16708,2022,Marine LE PEN,Marine LE PEN,True
16709,2022,Marine LE PEN,Marine LE PEN,True
16710,2022,Marine LE PEN,Marine LE PEN,True
16711,2022,Marine LE PEN,Marine LE PEN,True
16712,2022,Emmanuel MACRON,François FILLON,False
16713,2022,Emmanuel MACRON,Emmanuel MACRON,True
16714,2022,Marine LE PEN,Marine LE PEN,True
16715,2022,Marine LE PEN,Marine LE PEN,True
16716,2022,Marine LE PEN,Marine LE PEN,True
16717,2022,Emmanuel MACRON,François FILLON,False
16718,2022,Marine LE PEN,Marine LE PEN,True
16719,2022,Marine LE PEN,Marine LE PEN,True
16720,2022,Emmanuel MACRON,Emmanuel MACRON,True
16721,2022,Marine LE PEN,Marine LE PEN,True
16722,2022,Marine LE PEN,Marine LE PEN,True
16723,2022,Marine LE PEN,Marine LE PEN,True
16724,2022,Emmanuel MACRON,François FILLON,False
16725,2022,Marine LE PEN,Marine LE PEN,True
16726,2022,Marine LE PEN,Marine LE PEN,True
16727,2022,Marine LE PEN,Marine LE PEN,True
16728,2022,Emmanuel MACRON,Emmanuel MACRON,True
16729,2022,Marine LE PEN,Marine LE PEN,True
16730,2022,Emmanuel MACRON,Emmanuel MACRON,True
16731,2022,Marine LE PEN,Marine LE PEN,True
16732,2022,Emmanuel MACRON,François FILLON,False
16733,2022,Marine LE PEN,Marine LE PEN,True
16734,2022,Marine LE PEN,Marine LE PEN,True
16735,2022,Marine LE PEN,Marine LE PEN,True
16736,2022,Marine LE PEN,Marine LE PEN,True
16737,2022,Marine LE PEN,Marine LE PEN,True
16738,2022,Marine LE PEN,Marine LE PEN,True
16739,2022,Marine LE PEN,Marine LE PEN,True
16740,2022,Marine LE PEN,Marine LE PEN,True
16741,2022,Marine LE PEN,Marine LE PEN,True
16742,2022,Marine LE PEN,Marine LE PEN,True
16743,2022,Marine LE PEN,Marine LE PEN,True
16744,2022,Marine LE PEN,Marine LE PEN,True
16745,2022,Marine LE PEN,Marine LE PEN,True
16746,2022,Marine LE PEN,Marine LE PEN,True
16747,2022,Marine LE PEN,Marine LE PEN,True
16748,2022,Marine LE PEN,Marine LE PEN,True
16749,2022,Marine LE PEN,Marine LE PEN,True
16750,2022,Marine LE PEN,Marine LE PEN,True
16751,2022,Emmanuel MACRON,Emmanuel MACRON,True
16752,2022,Marine LE PEN,Marine LE PEN,True
16753,2022,Marine LE PEN,Marine LE PEN,True
16754,2022,Emmanuel MACRON,Emmanuel MACRON,True
16755,2022,Marine LE PEN,Marine LE PEN,True
16756,2022,Marine LE PEN,Marine LE PEN,True
16757,2022,Emmanuel MACRON,Emmanuel MACRON,True
16758,2022,Marine LE PEN,Marine LE PEN,True
16759,2022,Marine LE PEN,Marine LE PEN,True
16760,2022,Marine LE PEN,Marine LE PEN,True
16761,2022,Emmanuel MACRON,François FILLON,False
16762,2022,Emmanuel MACRON,François FILLON,False
16763,2022,Marine LE PEN,Marine LE PEN,True
16764,2022,Marine LE PEN,Marine LE PEN,True
16765,2022,Emmanuel MACRON,Jean-Luc MÉLENCHON,False
16766,2022,Marine LE PEN,Marine LE PEN,True
16767,2022,Marine LE PEN,Marine LE PEN,True
16768,2022,Emmanuel MACRON,Emmanuel MACRON,True
16769,2022,Emmanuel MACRON,François FILLON,False
16770,2022,Emmanuel MACRON,François FILLON,False
16771,2022,Marine LE PEN,Marine LE PEN,True
16772,2022,Emmanuel MACRON,Emmanuel MACRON,True
16773,2022,Emmanuel MACRON,Emmanuel MACRON,True
16774,2022,Marine LE PEN,Marine LE PEN,True
16775,2022,Marine LE PEN,Marine LE PEN,True
16776,2022,Marine LE PEN,Marine LE PEN,True
16777,2022,Marine LE PEN,Marine LE PEN,True
16778,2022,Emmanuel MACRON,François FILLON,False
16779,2022,Marine LE PEN,Marine LE PEN,True
16780,2022,Marine LE PEN,Marine LE PEN,True
16781,2022,Marine LE PEN,Marine LE PEN,True
16782,2022,Marine LE PEN,Marine LE PEN,True
16783,2022,Marine LE PEN,Marine LE PEN,True
16784,2022,Marine LE PEN,Marine LE PEN,True
16785,2022,Marine LE PEN,Marine LE PEN,True
16786,2022,Marine LE PEN,Marine LE PEN,True
16787,2022,Marine LE PEN,Marine LE PEN,True
16788,2022,Marine LE PEN,Marine LE PEN,True
16789,2022,Marine LE PEN,Marine LE PEN,True
16790,2022,Marine LE PEN,Marine LE PEN,True
16791,2022,Marine LE PEN,Marine LE PEN,True
16792,2022,Emmanuel MACRON,Emmanuel MACRON,True
16793,2022,Marine LE PEN,Marine LE PEN,True
16794,2022,Emmanuel MACRON,Emmanuel MACRON,True
16795,2022,Emmanuel MACRON,François FILLON,False
16796,2022,Marine LE PEN,Marine LE PEN,True
16797,2022,Emmanuel MACRON,Emmanuel MACRON,True
16798,2022,Marine LE PEN,Marine LE PEN,True
16799,2022,Emmanuel MACRON,Emmanuel MACRON,True
16800,2022,Marine LE PEN,Marine LE PEN,True
16801,2022,Marine LE PEN,Marine LE PEN,True
16802,2022,Marine LE PEN,Marine LE PEN,True
16803,2022,Marine LE PEN,Marine LE PEN,True
16804,2022,Emmanuel MACRON,François FILLON,False
16805,2022,Marine LE PEN,Marine LE PEN,True
16806,2022,Emmanuel MACRON,Emmanuel MACRON,True
16807,2022,Marine LE PEN,Marine LE PEN,True
16808,2022,Marine LE PEN,Marine LE PEN,True
16809,2022,Marine LE PEN,Marine LE PEN,True
16810,2022,Marine LE PEN,Marine LE PEN,True
16811,2022,Marine LE PEN,Marine LE PEN,True
16812,2022,Emmanuel MACRON,Emmanuel MACRON,True
16813,2022,Marine LE PEN,Marine LE PEN,True
16814,2022,Marine LE PEN,Marine LE PEN,True
16815,2022,Emmanuel MACRON,Emmanuel MACRON,True
16816,2022,Emmanuel MACRON,Emmanuel MACRON,True
16817,2022,Marine LE PEN,Marine LE PEN,True
16818,2022,Emmanuel MACRON,Emmanuel MACRON,True
16819,2022,Emmanuel MACRON,Emmanuel MACRON,True
16820,2022,Marine LE PEN,Marine LE PEN,True
16821,2022,Marine LE PEN,Marine LE PEN,True
16822,2022,Emmanuel MACRON,François FILLON,False
16823,2022,Marine LE PEN,Marine LE PEN,True
16824,2022,Marine LE PEN,Marine LE PEN,True
16825,2022,Emmanuel MACRON,François FILLON,False
16826,2022,Emmanuel MACRON,Emmanuel MACRON,True
16827,2022,Marine LE PEN,Marine LE PEN,True
16828,2022,Marine LE PEN,Marine LE PEN,True
16829,2022,Marine LE PEN,Marine LE PEN,True
16830,2022,Emmanuel MACRON,Jean-Luc MÉLENCHON,False
16831,2022,Marine LE PEN,Marine LE PEN,True
16832,2022,Marine LE PEN,Marine LE PEN,True
16833,2022,Marine LE PEN,Marine LE PEN,True
16834,2022,Marine LE PEN,Marine LE PEN,True
16835,2022,Marine LE PEN,Marine LE PEN,True
16836,2022,Emmanuel MACRON,François FILLON,False
16837,2022,Marine LE PEN,Marine LE PEN,True
16838,2022,Marine LE PEN,Marine LE PEN,True
16839,2022,Marine LE PEN,Marine LE PEN,True
16840,2022,Marine LE PEN,Marine LE PEN,True
16841,2022,Marine LE PEN,Marine LE PEN,True
16842,2022,Marine LE PEN,Marine LE PEN,True
16843,2022,Marine LE PEN,Marine LE PEN,True
16844,2022,Emmanuel MACRON,Emmanuel MACRON,True
16845,2022,Marine LE PEN,Marine LE PEN,True
16846,2022,Marine LE PEN,Marine LE PEN,True
16847,2022,Emmanuel MACRON,Emmanuel MACRON,True
16848,2022,Marine LE PEN,Marine LE PEN,True
16849,2022,Marine LE PEN,Marine LE PEN,True
16850,2022,Marine LE PEN,Marine LE PEN,True
16851,2022,Emmanuel MACRON,François FILLON,False
16852,2022,Emmanuel MACRON,Emmanuel MACRON,True
16853,2022,Marine LE PEN,Marine LE PEN,True
16854,2022,Emmanuel MACRON,Emmanuel MACRON,True
16855,2022,Emmanuel MACRON,Emmanuel MACRON,True
16856,2022,Marine LE PEN,Marine LE PEN,True
16857,2022,Emmanuel MACRON,François FILLON,False
16858,2022,Marine LE PEN,Marine LE PEN,True
16859,2022,Marine LE PEN,Marine LE PEN,True
16860,2022,Emmanuel MACRON,Emmanuel MACRON,True
16861,2022,Marine LE PEN,Marine LE PEN,True
16862,2022,Marine LE PEN,Marine LE PEN,True
16863,2022,Marine LE PEN,Marine LE PEN,True
16864,2022,Marine LE PEN,Marine LE PEN,True
16865,2022,Marine LE PEN,Marine LE PEN,True
16866,2022,Marine LE PEN,Marine LE PEN,True
16867,2022,Marine LE PEN,Marine LE PEN,True
16868,2022,Emmanuel MACRON,Emmanuel MACRON,True
16869,2022,Marine LE PEN,Marine LE PEN,True
16870,2022,Marine LE PEN,Marine LE PEN,True
16871,2022,Emmanuel MACRON,Jean-Luc MÉLENCHON,False
16872,2022,Marine LE PEN,Marine LE PEN,True
16873,2022,Marine LE PEN,Marine LE PEN,True
16874,2022,Marine LE PEN,Marine LE PEN,True
16875,2022,Marine LE PEN,Marine LE PEN,True
16876,2022,Marine LE PEN,Marine LE PEN,True
16877,2022,Marine LE PEN,Marine LE PEN,True
16878,2022,Emmanuel MACRON,Emmanuel MACRON,True
16879,2022,Marine LE PEN,Marine LE PEN,True
16880,2022,Emmanuel MACRON,Emmanuel MACRON,True
16881,2022,Marine LE PEN,Marine LE PEN,True
16882,2022,Marine LE PEN,Marine LE PEN,True
16883,2022,Emmanuel MACRON,François FILLON,False
16884,2022,Marine LE PEN,Marine LE PEN,True
16885,2022,Marine LE PEN,Marine LE PEN,True
16886,2022,Marine LE PEN,Marine LE PEN,True
16887,2022,Emmanuel MACRON,Jean-Luc MÉLENCHON,False
16888,2022,Marine LE PEN,Marine LE PEN,True
16889,2022,Emmanuel MACRON,François FILLON,False
16890,2022,Emmanuel MACRON,Emmanuel MACRON,True
16891,2022,Emmanuel MACRON,Emmanuel MACRON,True
16892,2022,Emmanuel MACRON,Emmanuel MACRON,True
16893,2022,Marine LE PEN,Marine LE PEN,True
16894,2022,Marine LE PEN,Marine LE PEN,True
16895,2022,Marine LE PEN,Marine LE PEN,True
16896,2022,Marine LE PEN,Marine LE PEN,True
16897,2022,Marine LE PEN,Marine LE PEN,True
16898,2022,Marine LE PEN,Marine LE PEN,True
16899,2022,Marine LE PEN,Marine LE PEN,True
16900,2022,Emmanuel MACRON,Emmanuel MACRON,True
16901,2022,Marine LE PEN,Marine LE PEN,True
16902,2022,Emmanuel MACRON,Emmanuel MACRON,True
16903,2022,Jean-Luc MÉLENCHON,Jean-Luc MÉLENCHON,True
16904,2022,Emmanuel MACRON,Emmanuel MACRON,True
16906,2022,Marine LE PEN,Marine LE PEN,True
16907,2022,Marine LE PEN,Marine LE PEN,True
16908,2022,Marine LE PEN,Marine LE PEN,True
16909,2022,Marine LE PEN,Marine LE PEN,True
16910,2022,Marine LE PEN,Marine LE PEN,True
16911,2022,Marine LE PEN,Marine LE PEN,True
16912,2022,Marine LE PEN,Marine LE PEN,True
16913,2022,Marine LE PEN,Marine LE PEN,True
16914,2022,Marine LE PEN,Marine LE PEN,True
16915,2022,Emmanuel MACRON,Emmanuel MACRON,True
16916,2022,Marine LE PEN,Marine LE PEN,True
16917,2022,Emmanuel MACRON,Emmanuel MACRON,True
16918,2022,Marine LE PEN,Marine LE PEN,True
16919,2022,Emmanuel MACRON,Emmanuel MACRON,True
16920,2022,Marine LE PEN,Marine LE PEN,True
16921,2022,Marine LE PEN,Marine LE PEN,True
16922,2022,Marine LE PEN,Marine LE PEN,True
16923,2022,Marine LE PEN,Marine LE PEN,True
16924,2022,Emmanuel MACRON,Emmanuel MACRON,True
16925,2022,Emmanuel MACRON,François FILLON,False
16926,2022,Marine LE PEN,Marine LE PEN,True
16927,2022,Marine LE PEN,Marine LE PEN,True
16928,2022,Marine LE PEN,Marine LE PEN,True
16929,2022,Marine LE PEN,Marine LE PEN,True
16930,2022,Emmanuel MACRON,François FILLON,False
16931,2022,Marine LE PEN,Marine LE PEN,True
16932,2022,Marine LE PEN,Marine LE PEN,True
16933,2022,Emmanuel MACRON,Emmanuel MACRON,True
16934,2022,Marine LE PEN,Marine LE PEN,True
16935,2022,Marine LE PEN,Marine LE PEN,True
16936,2022,Marine LE PEN,Marine LE PEN,True
16937,2022,Marine LE PEN,Marine LE PEN,True
16938,2022,Emmanuel MACRON,Emmanuel MACRON,True
16939,2022,Marine LE PEN,Marine LE PEN,True
16940,2022,Marine LE PEN,Marine LE PEN,True
16941,2022,Emmanuel MACRON,Emmanuel MACRON,True
16942,2022,Marine LE PEN,Marine LE PEN,True
16943,2022,Marine LE PEN,Marine LE PEN,True
16944,2022,Marine LE PEN,Marine LE PEN,True
16945,2022,Marine LE PEN,Marine LE PEN,True
16946,2022,Marine LE PEN,Marine LE PEN,True
16947,2022,Emmanuel MACRON,Emmanuel MACRON,True
16948,2022,Marine LE PEN,Marine LE PEN,True
16949,2022,Emmanuel MACRON,Emmanuel MACRON,True
16950,2022,Marine LE PEN,Marine LE PEN,True
16951,2022,Emmanuel MACRON,François FILLON,False
16952,2022,Marine LE PEN,Marine LE PEN,True
16953,2022,Marine LE PEN,Marine LE PEN,True
16954,2022,Marine LE PEN,Marine LE PEN,True
16955,2022,Marine LE PEN,Marine LE PEN,True
16956,2022,Marine LE PEN,Marine LE PEN,True
16957,2022,Marine LE PEN,Marine LE PEN,True
16958,2022,Marine LE PEN,Marine LE PEN,True
16959,2022,Marine LE PEN,Marine LE PEN,True
16960,2022,Emmanuel MACRON,Emmanuel MACRON,True
16961,2022,Marine LE PEN,Marine LE PEN,True
16962,2022,Emmanuel MACRON,Jean-Luc MÉLENCHON,False
16963,2022,Jean-Luc MÉLENCHON,François FILLON,False
16964,2022,Marine LE PEN,Marine LE PEN,True
16965,2022,Jean-Luc MÉLENCHON,François FILLON,False
16966,2022,Emmanuel MACRON,François FILLON,False
16967,2022,Emmanuel MACRON,François FILLON,False
16968,2022,Marine LE PEN,Marine LE PEN,True
16969,2022,Jean-Luc MÉLENCHON,François FILLON,False
16970,2022,Emmanuel MACRON,François FILLON,False
16971,2022,Jean-Luc MÉLENCHON,Emmanuel MACRON,False
16972,2022,Jean-Luc MÉLENCHON,François FILLON,False
16973,2022,Emmanuel MACRON,Emmanuel MACRON,True
16974,2022,Jean-Luc MÉLENCHON,François FILLON,False
16975,2022,Jean-Luc MÉLENCHON,François FILLON,False
16977,2022,Emmanuel MACRON,François FILLON,False
16978,2022,Marine LE PEN,Marine LE PEN,True
16979,2022,Emmanuel MACRON,François FILLON,False
16980,2022,Emmanuel MACRON,François FILLON,False
16981,2022,Jean-Luc MÉLENCHON,François FILLON,False
16982,2022,Jean-Luc MÉLENCHON,François FILLON,False
16983,2022,Jean-Luc MÉLENCHON,François FILLON,False
16984,2022,Marine LE PEN,Marine LE PEN,True
16985,2022,Marine LE PEN,Marine LE PEN,True
16986,2022,Emmanuel MACRON,François FILLON,False
16987,2022,Emmanuel MACRON,François FILLON,False
16988,2022,Marine LE PEN,Marine LE PEN,True
16989,2022,Jean-Luc MÉLENCHON,François FILLON,False
16990,2022,Jean-Luc MÉLENCHON,François FILLON,False
16991,2022,Emmanuel MACRON,François FILLON,False
16992,2022,Jean-Luc MÉLENCHON,François FILLON,False
16993,2022,Jean-Luc MÉLENCHON,François FILLON,False
16994,2022,Jean-Luc MÉLENCHON,François FILLON,False
16995,2022,Jean-Luc MÉLENCHON,François FILLON,False
16996,2022,Jean-Luc MÉLENCHON,François FILLON,False
16997,2022,Jean-Luc MÉLENCHON,François FILLON,False
16998,2022,Emmanuel MACRON,François FILLON,False
16999,2022,Emmanuel MACRON,François FILLON,False
17000,2022,Jean-Luc MÉLENCHON,François FILLON,False
17001,2022,Jean-Luc MÉLENCHON,François FILLON,False
17002,2022,Emmanuel MACRON,Emmanuel MACRON,True
17003,2022,Marine LE PEN,Marine LE PEN,True
17004,2022,Jean-Luc MÉLENCHON,François FILLON,False
17005,2022,Emmanuel MACRON,François FILLON,False
17006,2022,Emmanuel MACRON,Emmanuel MACRON,True
17007,2022,Emmanuel MACRON,François FILLON,False
17008,2022,Emmanuel MACRON,François FILLON,False
17009,2022,Jean-Luc MÉLENCHON,François FILLON,False
17010,2022,Jean-Luc MÉLENCHON,François FILLON,False
17011,2022,Marine LE PEN,Marine LE PEN,True
17012,2022,Emmanuel MACRON,Emmanuel MACRON,True
17013,2022,Jean-Luc MÉLENCHON,François FILLON,False
17014,2022,Jean-Luc MÉLENCHON,François FILLON,False
17015,2022,Jean-Luc MÉLENCHON,François FILLON,False
17016,2022,Jean-Luc MÉLENCHON,François FILLON,False
17017,2022,Emmanuel MACRON,François FILLON,False
17018,2022,Jean-Luc MÉLENCHON,François FILLON,False
17019,2022,Emmanuel MACRON,François FILLON,False
17020,2022,Marine LE PEN,Marine LE PEN,True
17021,2022,Marine LE PEN,Marine LE PEN,True
17022,2022,Emmanuel MACRON,François FILLON,False
17023,2022,Jean-Luc MÉLENCHON,François FILLON,False
17024,2022,Marine LE PEN,Marine LE PEN,True
17025,2022,Emmanuel MACRON,François FILLON,False
17027,2022,Jean-Luc MÉLENCHON,François FILLON,False
17028,2022,Marine LE PEN,Marine LE PEN,True
17029,2022,Emmanuel MACRON,François FILLON,False
17030,2022,Jean-Luc MÉLENCHON,François FILLON,False
17031,2022,Jean-Luc MÉLENCHON,François FILLON,False
17032,2022,Marine LE PEN,Marine LE PEN,True
17033,2022,Jean-Luc MÉLENCHON,François FILLON,False
17034,2022,Emmanuel MACRON,François FILLON,False
17035,2022,Jean-Luc MÉLENCHON,François FILLON,False
17036,2022,Marine LE PEN,Marine LE PEN,True
17037,2022,Marine LE PEN,Marine LE PEN,True
17038,2022,Jean-Luc MÉLENCHON,François FILLON,False
17039,2022,Jean-Luc MÉLENCHON,Emmanuel MACRON,False
17040,2022,Marine LE PEN,Marine LE PEN,True
17041,2022,Emmanuel MACRON,François FILLON,False
17042,2022,Jean-Luc MÉLENCHON,François FILLON,False
17043,2022,Emmanuel MACRON,Emmanuel MACRON,True
17044,2022,Marine LE PEN,Marine LE PEN,True
17045,2022,Emmanuel MACRON,François FILLON,False
17046,2022,Emmanuel MACRON,François FILLON,False
17047,2022,Jean-Luc MÉLENCHON,François FILLON,False
17048,2022,Jean-Luc MÉLENCHON,François FILLON,False
17049,2022,Jean-Luc MÉLENCHON,François FILLON,False
17050,2022,Emmanuel MACRON,François FILLON,False
17051,2022,Jean-Luc MÉLENCHON,François FILLON,False
17052,2022,Jean-Luc MÉLENCHON,François FILLON,False
17053,2022,Marine LE PEN,Marine LE PEN,True
17054,2022,Emmanuel MACRON,François FILLON,False
17055,2022,Jean-Luc MÉLENCHON,François FILLON,False
17057,2022,Jean-Luc MÉLENCHON,François FILLON,False
17058,2022,Emmanuel MACRON,François FILLON,False
17059,2022,Emmanuel MACRON,Emmanuel MACRON,True
17060,2022,Marine LE PEN,Marine LE PEN,True
17061,2022,Jean-Luc MÉLENCHON,François FILLON,False
17062,2022,Emmanuel MACRON,Emmanuel MACRON,True
17063,2022,Emmanuel MACRON,François FILLON,False
17064,2022,Marine LE PEN,Marine LE PEN,True
17065,2022,Marine LE PEN,Marine LE PEN,True
17066,2022,Marine LE PEN,Marine LE PEN,True
17067,2022,Emmanuel MACRON,François FILLON,False
17068,2022,Jean-Luc MÉLENCHON,François FILLON,False
17069,2022,Marine LE PEN,Marine LE PEN,True
17070,2022,Emmanuel MACRON,François FILLON,False
17071,2022,Emmanuel MACRON,François FILLON,False
17072,2022,Emmanuel MACRON,François FILLON,False
17073,2022,Jean-Luc MÉLENCHON,François FILLON,False
17074,2022,Jean-Luc MÉLENCHON,François FILLON,False
17075,2022,Emmanuel MACRON,François FILLON,False
17076,2022,Emmanuel MACRON,François FILLON,False
17077,2022,Emmanuel MACRON,François FILLON,False
17078,2022,Jean-Luc MÉLENCHON,François FILLON,False
17079,2022,Emmanuel MACRON,François FILLON,False
17080,2022,Emmanuel MACRON,François FILLON,False
17081,2022,Emmanuel MACRON,François FILLON,False
17082,2022,Jean-Luc MÉLENCHON,François FILLON,False
17083,2022,Emmanuel MACRON,François FILLON,False
17084,2022,Emmanuel MACRON,François FILLON,False
17085,2022,Emmanuel MACRON,François FILLON,False
17086,2022,Emmanuel MACRON,François FILLON,False
17087,2022,Emmanuel MACRON,François FILLON,False
17088,2022,Jean-Luc MÉLENCHON,Emmanuel MACRON,False
17089,2022,Jean-Luc MÉLENCHON,François FILLON,False
17090,2022,Jean-Luc MÉLENCHON,François FILLON,False
17091,2022,Emmanuel MACRON,François FILLON,False
17092,2022,Jean-Luc MÉLENCHON,François FILLON,False
17093,2022,Marine LE PEN,Marine LE PEN,True
17094,2022,Emmanuel MACRON,François FILLON,False
17095,2022,Jean-Luc MÉLENCHON,François FILLON,False
17096,2022,Jean-Luc MÉLENCHON,François FILLON,False
17097,2022,Marine LE PEN,Marine LE PEN,True
17098,2022,Jean-Luc MÉLENCHON,François FILLON,False
17099,2022,Emmanuel MACRON,François FILLON,False
17100,2022,Emmanuel MACRON,François FILLON,False
17101,2022,Emmanuel MACRON,François FILLON,False
17102,2022,Emmanuel MACRON,François FILLON,False
17103,2022,Jean-Luc MÉLENCHON,Emmanuel MACRON,False
17104,2022,Emmanuel MACRON,François FILLON,False
17105,2022,Jean-Luc MÉLENCHON,François FILLON,False
17106,2022,Jean-Luc MÉLENCHON,François FILLON,False
17107,2022,Emmanuel MACRON,François FILLON,False
17108,2022,Marine LE PEN,Marine LE PEN,True
17109,2022,Emmanuel MACRON,François FILLON,False
17110,2022,Jean-Luc MÉLENCHON,François FILLON,False
17111,2022,Emmanuel MACRON,François FILLON,False
17113,2022,Jean-Luc MÉLENCHON,François FILLON,False
17114,2022,Emmanuel MACRON,François FILLON,False
17115,2022,Jean LASSALLE,François FILLON,False
17116,2022,Jean-Luc MÉLENCHON,François FILLON,False
17117,2022,Jean-Luc MÉLENCHON,François FILLON,False
17118,2022,Jean-Luc MÉLENCHON,François FILLON,False
17119,2022,Marine LE PEN,Marine LE PEN,True
17120,2022,Emmanuel MACRON,François FILLON,False
17121,2022,Jean-Luc MÉLENCHON,François FILLON,False
17122,2022,Marine LE PEN,Marine LE PEN,True
17123,2022,Jean-Luc MÉLENCHON,François FILLON,False
17124,2022,Jean-Luc MÉLENCHON,François FILLON,False
17125,2022,Marine LE PEN,Marine LE PEN,True
17126,2022,Jean-Luc MÉLENCHON,François FILLON,False
17127,2022,Emmanuel MACRON,François FILLON,False
17128,2022,Emmanuel MACRON,Emmanuel MACRON,True
17129,2022,Jean-Luc MÉLENCHON,François FILLON,False
17130,2022,Emmanuel MACRON,François FILLON,False
17131,2022,Emmanuel MACRON,François FILLON,False
17132,2022,Jean-Luc MÉLENCHON,François FILLON,False
17133,2022,Jean-Luc MÉLENCHON,François FILLON,False
17134,2022,Emmanuel MACRON,François FILLON,False
17135,2022,Emmanuel MACRON,François FILLON,False
17136,2022,Jean-Luc MÉLENCHON,François FILLON,False
17137,2022,Jean-Luc MÉLENCHON,François FILLON,False
17138,2022,Emmanuel MACRON,Emmanuel MACRON,True
17139,2022,Jean-Luc MÉLENCHON,François FILLON,False
17140,2022,Marine LE PEN,Marine LE PEN,True
17141,2022,Jean-Luc MÉLENCHON,François FILLON,False
17142,2022,Emmanuel MACRON,François FILLON,False
17143,2022,Jean-Luc MÉLENCHON,François FILLON,False
17144,2022,Emmanuel MACRON,François FILLON,False
17145,2022,Emmanuel MACRON,François FILLON,False
17146,2022,Emmanuel MACRON,François FILLON,False
17147,2022,Emmanuel MACRON,François FILLON,False
17148,2022,Emmanuel MACRON,Emmanuel MACRON,True
17149,2022,Emmanuel MACRON,François FILLON,False
17150,2022,Marine LE PEN,Marine LE PEN,True
17151,2022,Emmanuel MACRON,François FILLON,False
17152,2022,Emmanuel MACRON,Emmanuel MACRON,True
17153,2022,Marine LE PEN,Marine LE PEN,True
17154,2022,Emmanuel MACRON,François FILLON,False
17155,2022,Emmanuel MACRON,François FILLON,False
17156,2022,Emmanuel MACRON,François FILLON,False
17157,2022,Jean-Luc MÉLENCHON,François FILLON,False
17158,2022,Emmanuel MACRON,François FILLON,False
17159,2022,Emmanuel MACRON,François FILLON,False
17160,2022,Emmanuel MACRON,François FILLON,False
17161,2022,Jean-Luc MÉLENCHON,François FILLON,False
17162,2022,Emmanuel MACRON,François FILLON,False
17163,2022,Marine LE PEN,Marine LE PEN,True
17164,2022,Emmanuel MACRON,François FILLON,False
17165,2022,Emmanuel MACRON,François FILLON,False
17166,2022,Emmanuel MACRON,François FILLON,False
17167,2022,Emmanuel MACRON,François FILLON,False
17168,2022,Emmanuel MACRON,François FILLON,False
17169,2022,Emmanuel MACRON,François FILLON,False
17170,2022,Marine LE PEN,Marine LE PEN,True
17171,2022,Emmanuel MACRON,François FILLON,False
17172,2022,Marine LE PEN,Marine LE PEN,True
17173,2022,Marine LE PEN,Marine LE PEN,True
17174,2022,Emmanuel MACRON,François FILLON,False
17175,2022,Jean-Luc MÉLENCHON,François FILLON,False
17176,2022,Jean-Luc MÉLENCHON,François FILLON,False
17177,2022,Emmanuel MACRON,Emmanuel MACRON,True
17178,2022,Emmanuel MACRON,Emmanuel MACRON,True
17179,2022,Jean-Luc MÉLENCHON,François FILLON,False
17180,2022,Jean-Luc MÉLENCHON,François FILLON,False
17181,2022,Emmanuel MACRON,François FILLON,False
17182,2022,Marine LE PEN,Marine LE PEN,True
17183,2022,Emmanuel MACRON,François FILLON,False
17184,2022,Emmanuel MACRON,François FILLON,False
17185,2022,Emmanuel MACRON,François FILLON,False
17186,2022,Jean-Luc MÉLENCHON,François FILLON,False
17187,2022,Jean-Luc MÉLENCHON,François FILLON,False
17188,2022,Emmanuel MACRON,François FILLON,False
17189,2022,Emmanuel MACRON,François FILLON,False
17190,2022,Emmanuel MACRON,François FILLON,False
17191,2022,Emmanuel MACRON,François FILLON,False
17192,2022,Marine LE PEN,Marine LE PEN,True
17193,2022,Emmanuel MACRON,François FILLON,False
17194,2022,Emmanuel MACRON,François FILLON,False
17195,2022,Emmanuel MACRON,François FILLON,False
17196,2022,Emmanuel MACRON,François FILLON,False
17197,2022,Emmanuel MACRON,François FILLON,False
17198,2022,Marine LE PEN,Marine LE PEN,True
17199,2022,Emmanuel MACRON,François FILLON,False
17200,2022,Emmanuel MACRON,François FILLON,False
17201,2022,Jean-Luc MÉLENCHON,François FILLON,False
17202,2022,Emmanuel MACRON,François FILLON,False
17203,2022,Emmanuel MACRON,François FILLON,False
17204,2022,Jean-Luc MÉLENCHON,François FILLON,False
17205,2022,Jean-Luc MÉLENCHON,François FILLON,False
17206,2022,Emmanuel MACRON,François FILLON,False
17207,2022,Jean-Luc MÉLENCHON,François FILLON,False
17208,2022,Emmanuel MACRON,François FILLON,False
17209,2022,Marine LE PEN,Marine LE PEN,True
17210,2022,Jean-Luc MÉLENCHON,François FILLON,False
17211,2022,Emmanuel MACRON,François FILLON,False
17212,2022,Jean-Luc MÉLENCHON,François FILLON,False
17213,2022,Jean-Luc MÉLENCHON,François FILLON,False
17214,2022,Emmanuel MACRON,François FILLON,False
17215,2022,Jean-Luc MÉLENCHON,François FILLON,False
17216,2022,Marine LE PEN,Marine LE PEN,True
17217,2022,Emmanuel MACRON,Emmanuel MACRON,True
17218,2022,Emmanuel MACRON,François FILLON,False
17219,2022,Jean-Luc MÉLENCHON,François FILLON,False
17220,2022,Jean LASSALLE,François FILLON,False
17221,2022,Jean-Luc MÉLENCHON,François FILLON,False
17222,2022,Emmanuel MACRON,François FILLON,False
17223,2022,Jean-Luc MÉLENCHON,François FILLON,False
17224,2022,Emmanuel MACRON,François FILLON,False
17226,2022,Emmanuel MACRON,François FILLON,False
17227,2022,Marine LE PEN,Marine LE PEN,True
17229,2022,Emmanuel MACRON,François FILLON,False
17230,2022,Jean-Luc MÉLENCHON,François FILLON,False
17231,2022,Emmanuel MACRON,François FILLON,False
17232,2022,Marine LE PEN,Marine LE PEN,True
17233,2022,Jean-Luc MÉLENCHON,Emmanuel MACRON,False
17234,2022,Emmanuel MACRON,François FILLON,False
17236,2022,Emmanuel MACRON,François FILLON,False
17237,2022,Jean-Luc MÉLENCHON,François FILLON,False
17238,2022,Jean-Luc MÉLENCHON,François FILLON,False
17239,2022,Emmanuel MACRON,Emmanuel MACRON,True
17240,2022,Jean-Luc MÉLENCHON,François FILLON,False
17241,2022,Emmanuel MACRON,Emmanuel MACRON,True
17242,2022,Jean-Luc MÉLENCHON,François FILLON,False
17243,2022,Emmanuel MACRON,François FILLON,False
17244,2022,Emmanuel MACRON,François FILLON,False
17245,2022,Jean-Luc MÉLENCHON,François FILLON,False
17247,2022,Jean-Luc MÉLENCHON,François FILLON,False
17249,2022,Emmanuel MACRON,François FILLON,False
17250,2022,Jean LASSALLE,François FILLON,False
17251,2022,Emmanuel MACRON,François FILLON,False
17252,2022,Emmanuel MACRON,François FILLON,False
17253,2022,Emmanuel MACRON,François FILLON,False
17254,2022,Jean-Luc MÉLENCHON,François FILLON,False
17255,2022,Marine LE PEN,Marine LE PEN,True
17256,2022,Jean-Luc MÉLENCHON,François FILLON,False
17257,2022,Emmanuel MACRON,François FILLON,False
17258,2022,Emmanuel MACRON,François FILLON,False
17259,2022,Emmanuel MACRON,François FILLON,False
17260,2022,Emmanuel MACRON,François FILLON,False
17261,2022,Marine LE PEN,Marine LE PEN,True
17262,2022,Jean-Luc MÉLENCHON,François FILLON,False
17263,2022,Emmanuel MACRON,François FILLON,False
17264,2022,Jean-Luc MÉLENCHON,François FILLON,False
17265,2022,Marine LE PEN,Marine LE PEN,True
17266,2022,Jean-Luc MÉLENCHON,François FILLON,False
17267,2022,Jean-Luc MÉLENCHON,François FILLON,False
17268,2022,Jean-Luc MÉLENCHON,François FILLON,False
17269,2022,Marine LE PEN,Marine LE PEN,True
17270,2022,Jean-Luc MÉLENCHON,François FILLON,False
17271,2022,Emmanuel MACRON,François FILLON,False
17272,2022,Jean-Luc MÉLENCHON,François FILLON,False
17273,2022,Jean-Luc MÉLENCHON,Emmanuel MACRON,False
17274,2022,Jean-Luc MÉLENCHON,François FILLON,False
17275,2022,Marine LE PEN,Marine LE PEN,True
17276,2022,Jean-Luc MÉLENCHON,François FILLON,False
17277,2022,Emmanuel MACRON,François FILLON,False
17278,2022,Jean-Luc MÉLENCHON,François FILLON,False
17279,2022,Emmanuel MACRON,François FILLON,False
17280,2022,Emmanuel MACRON,François FILLON,False
17281,2022,Marine LE PEN,Marine LE PEN,True
17282,2022,Emmanuel MACRON,François FILLON,False
17283,2022,Marine LE PEN,Marine LE PEN,True
17284,2022,Emmanuel MACRON,Emmanuel MACRON,True
17285,2022,Jean-Luc MÉLENCHON,Emmanuel MACRON,False
17286,2022,Marine LE PEN,Marine LE PEN,True
17287,2022,Marine LE PEN,Marine LE PEN,True
17288,2022,Marine LE PEN,Marine LE PEN,True
17289,2022,Emmanuel MACRON,Emmanuel MACRON,True
17290,2022,Marine LE PEN,Marine LE PEN,True
17291,2022,Marine LE PEN,Marine LE PEN,True
17292,2022,Jean-Luc MÉLENCHON,Emmanuel MACRON,False
17293,2022,Marine LE PEN,Marine LE PEN,True
17294,2022,Marine LE PEN,Marine LE PEN,True
17295,2022,Jean-Luc MÉLENCHON,Emmanuel MACRON,False
17296,2022,Marine LE PEN,Marine LE PEN,True
17297,2022,Marine LE PEN,Marine LE PEN,True
17298,2022,Marine LE PEN,Marine LE PEN,True
17299,2022,Marine LE PEN,Marine LE PEN,True
17300,2022,Marine LE PEN,Marine LE PEN,True
17301,2022,Marine LE PEN,Marine LE PEN,True
17302,2022,Emmanuel MACRON,Emmanuel MACRON,True
17303,2022,Marine LE PEN,Marine LE PEN,True
17304,2022,Jean-Luc MÉLENCHON,Emmanuel MACRON,False
17305,2022,Marine LE PEN,Marine LE PEN,True
17306,2022,Marine LE PEN,Marine LE PEN,True
17307,2022,Emmanuel MACRON,Emmanuel MACRON,True
17308,2022,Marine LE PEN,Marine LE PEN,True
17309,2022,Marine LE PEN,Marine LE PEN,True
17310,2022,Emmanuel MACRON,Emmanuel MACRON,True
17311,2022,Emmanuel MACRON,Emmanuel MACRON,True
17312,2022,Marine LE PEN,Marine LE PEN,True
17313,2022,Jean-Luc MÉLENCHON,Emmanuel MACRON,False
17314,2022,Marine LE PEN,Marine LE PEN,True
17315,2022,Marine LE PEN,Marine LE PEN,True
17316,2022,Marine LE PEN,Marine LE PEN,True
17317,2022,Marine LE PEN,Marine LE PEN,True
17318,2022,Marine LE PEN,Marine LE PEN,True
17319,2022,Marine LE PEN,Marine LE PEN,True
17320,2022,Emmanuel MACRON,Emmanuel MACRON,True
17321,2022,Marine LE PEN,Marine LE PEN,True
17322,2022,Marine LE PEN,Marine LE PEN,True
17323,2022,Jean-Luc MÉLENCHON,François FILLON,False
17324,2022,Emmanuel MACRON,Emmanuel MACRON,True
17325,2022,Marine LE PEN,Marine LE PEN,True
17326,2022,Marine LE PEN,Marine LE PEN,True
17327,2022,Marine LE PEN,Marine LE PEN,True
17328,2022,Marine LE PEN,Marine LE PEN,True
17329,2022,Marine LE PEN,Marine LE PEN,True
17330,2022,Marine LE PEN,Marine LE PEN,True
17331,2022,Emmanuel MACRON,Emmanuel MACRON,True
17332,2022,Marine LE PEN,Marine LE PEN,True
17333,2022,Emmanuel MACRON,Emmanuel MACRON,True
17334,2022,Marine LE PEN,Marine LE PEN,True
17335,2022,Marine LE PEN,Marine LE PEN,True
17336,2022,Marine LE PEN,Marine LE PEN,True
17337,2022,Marine LE PEN,Marine LE PEN,True
17338,2022,Marine LE PEN,Marine LE PEN,True
17339,2022,Marine LE PEN,Marine LE PEN,True
17340,2022,Marine LE PEN,Marine LE PEN,True
17341,2022,Emmanuel MACRON,Emmanuel MACRON,True
17342,2022,Marine LE PEN,Marine LE PEN,True
17343,2022,Marine LE PEN,Marine LE PEN,True
17344,2022,Marine LE PEN,Marine LE PEN,True
17345,2022,Marine LE PEN,Marine LE PEN,True
17346,2022,Marine LE PEN,Marine LE PEN,True
17347,2022,Emmanuel MACRON,Emmanuel MACRON,True
17348,2022,Emmanuel MACRON,Emmanuel MACRON,True
17349,2022,Marine LE PEN,Marine LE PEN,True
17350,2022,Marine LE PEN,Marine LE PEN,True
17351,2022,Marine LE PEN,Marine LE PEN,True
17352,2022,Marine LE PEN,Marine LE PEN,True
17353,2022,Marine LE PEN,Marine LE PEN,True
17354,2022,Marine LE PEN,Marine LE PEN,True
17355,2022,Marine LE PEN,Marine LE PEN,True
17356,2022,Marine LE PEN,Marine LE PEN,True
17357,2022,Marine LE PEN,Marine LE PEN,True
17358,2022,Marine LE PEN,Marine LE PEN,True
17359,2022,Marine LE PEN,Marine LE PEN,True
17360,2022,Marine LE PEN,Marine LE PEN,True
17361,2022,Marine LE PEN,Marine LE PEN,True
17362,2022,Marine LE PEN,Marine LE PEN,True
17363,2022,Marine LE PEN,Marine LE PEN,True
17364,2022,Jean-Luc MÉLENCHON,Emmanuel MACRON,False
17365,2022,Marine LE PEN,Marine LE PEN,True
17366,2022,Marine LE PEN,Marine LE PEN,True
17367,2022,Emmanuel MACRON,Jean-Luc MÉLENCHON,False
17368,2022,Emmanuel MACRON,Emmanuel MACRON,True
17369,2022,Marine LE PEN,Marine LE PEN,True
17370,2022,Emmanuel MACRON,Emmanuel MACRON,True
17371,2022,Marine LE PEN,Marine LE PEN,True
17372,2022,Marine LE PEN,Marine LE PEN,True
17373,2022,Marine LE PEN,Marine LE PEN,True
17374,2022,Marine LE PEN,Marine LE PEN,True
17375,2022,Marine LE PEN,Marine LE PEN,True
17376,2022,Marine LE PEN,Marine LE PEN,True
17377,2022,Marine LE PEN,Marine LE PEN,True
17378,2022,Marine LE PEN,Marine LE PEN,True
17379,2022,Marine LE PEN,Marine LE PEN,True
17380,2022,Jean-Luc MÉLENCHON,Emmanuel MACRON,False
17381,2022,Marine LE PEN,Marine LE PEN,True
17382,2022,Emmanuel MACRON,Emmanuel MACRON,True
17383,2022,Marine LE PEN,Marine LE PEN,True
17384,2022,Emmanuel MACRON,Emmanuel MACRON,True
17385,2022,Marine LE PEN,Marine LE PEN,True
17386,2022,Marine LE PEN,Marine LE PEN,True
17387,2022,Marine LE PEN,Marine LE PEN,True
17388,2022,Marine LE PEN,Marine LE PEN,True
17389,2022,Marine LE PEN,Marine LE PEN,True
17390,2022,Marine LE PEN,Marine LE PEN,True
17391,2022,Marine LE PEN,Marine LE PEN,True
17392,2022,Emmanuel MACRON,François FILLON,False
17393,2022,Marine LE PEN,Marine LE PEN,True
17394,2022,Marine LE PEN,Marine LE PEN,True
17395,2022,Marine LE PEN,Marine LE PEN,True
17396,2022,Marine LE PEN,Marine LE PEN,True
17397,2022,Emmanuel MACRON,Emmanuel MACRON,True
17398,2022,Emmanuel MACRON,Emmanuel MACRON,True
17399,2022,Marine LE PEN,Marine LE PEN,True
17400,2022,Marine LE PEN,Marine LE PEN,True
17401,2022,Marine LE PEN,Marine LE PEN,True
17402,2022,Marine LE PEN,Marine LE PEN,True
17403,2022,Marine LE PEN,Marine LE PEN,True
17404,2022,Marine LE PEN,Marine LE PEN,True
17405,2022,Emmanuel MACRON,Emmanuel MACRON,True
17406,2022,Jean-Luc MÉLENCHON,Emmanuel MACRON,False
17407,2022,Marine LE PEN,Marine LE PEN,True
17408,2022,Marine LE PEN,Marine LE PEN,True
17409,2022,Jean-Luc MÉLENCHON,Emmanuel MACRON,False
17410,2022,Marine LE PEN,Marine LE PEN,True
17411,2022,Marine LE PEN,Marine LE PEN,True
17412,2022,Emmanuel MACRON,Emmanuel MACRON,True
17413,2022,Emmanuel MACRON,Emmanuel MACRON,True
17414,2022,Marine LE PEN,Marine LE PEN,True
17415,2022,Marine LE PEN,Marine LE PEN,True
17416,2022,Jean-Luc MÉLENCHON,Emmanuel MACRON,False
17417,2022,Emmanuel MACRON,Emmanuel MACRON,True
17418,2022,Marine LE PEN,Marine LE PEN,True
17419,2022,Marine LE PEN,Marine LE PEN,True
17420,2022,Marine LE PEN,Marine LE PEN,True
17421,2022,Marine LE PEN,Marine LE PEN,True
17422,2022,Jean-Luc MÉLENCHON,Emmanuel MACRON,False
17423,2022,Marine LE PEN,Marine LE PEN,True
17424,2022,Marine LE PEN,Marine LE PEN,True
17425,2022,Emmanuel MACRON,Emmanuel MACRON,True
17426,2022,Marine LE PEN,Marine LE PEN,True
17427,2022,Marine LE PEN,Marine LE PEN,True
17428,2022,Marine LE PEN,Marine LE PEN,True
17429,2022,Marine LE PEN,Marine LE PEN,True
17430,2022,Marine LE PEN,Marine LE PEN,True
17431,2022,Marine LE PEN,Marine LE PEN,True
17432,2022,Marine LE PEN,Marine LE PEN,True
17433,2022,Emmanuel MACRON,François FILLON,False
17434,2022,Marine LE PEN,Marine LE PEN,True
17435,2022,Marine LE PEN,Marine LE PEN,True
17436,2022,Marine LE PEN,Marine LE PEN,True
17437,2022,Marine LE PEN,Marine LE PEN,True
17438,2022,Emmanuel MACRON,Emmanuel MACRON,True
17439,2022,Marine LE PEN,Marine LE PEN,True
17440,2022,Marine LE PEN,Marine LE PEN,True
17441,2022,Jean-Luc MÉLENCHON,Emmanuel MACRON,False
17442,2022,Marine LE PEN,Marine LE PEN,True
17443,2022,Marine LE PEN,Marine LE PEN,True
17444,2022,Marine LE PEN,Marine LE PEN,True
17445,2022,Emmanuel MACRON,Emmanuel MACRON,True
17446,2022,Marine LE PEN,Marine LE PEN,True
17447,2022,Emmanuel MACRON,Emmanuel MACRON,True
17448,2022,Marine LE PEN,Marine LE PEN,True
17449,2022,Emmanuel MACRON,Emmanuel MACRON,True
17450,2022,Marine LE PEN,Marine LE PEN,True
17451,2022,Marine LE PEN,Marine LE PEN,True
17452,2022,Marine LE PEN,Marine LE PEN,True
17453,2022,Marine LE PEN,Marine LE PEN,True
17454,2022,Marine LE PEN,Marine LE PEN,True
17455,2022,Marine LE PEN,Marine LE PEN,True
17456,2022,Emmanuel MACRON,Emmanuel MACRON,True
17457,2022,Marine LE PEN,Marine LE PEN,True
17458,2022,Marine LE PEN,Marine LE PEN,True
17459,2022,Marine LE PEN,Marine LE PEN,True
17460,2022,Marine LE PEN,Marine LE PEN,True
17461,2022,Marine LE PEN,Marine LE PEN,True
17462,2022,Marine LE PEN,Marine LE PEN,True
17463,2022,Marine LE PEN,Marine LE PEN,True
17464,2022,Marine LE PEN,Marine LE PEN,True
17465,2022,Marine LE PEN,Marine LE PEN,True
17466,2022,Emmanuel MACRON,Emmanuel MACRON,True
17467,2022,Marine LE PEN,Marine LE PEN,True
17468,2022,Jean-Luc MÉLENCHON,Emmanuel MACRON,False
17469,2022,Marine LE PEN,Marine LE PEN,True
17470,2022,Marine LE PEN,Marine LE PEN,True
17471,2022,Marine LE PEN,Marine LE PEN,True
17472,2022,Marine LE PEN,Marine LE PEN,True
17473,2022,Marine LE PEN,Marine LE PEN,True
17474,2022,Marine LE PEN,Marine LE PEN,True
17475,2022,Emmanuel MACRON,Emmanuel MACRON,True
17476,2022,Marine LE PEN,Marine LE PEN,True
17477,2022,Marine LE PEN,Marine LE PEN,True
17478,2022,Emmanuel MACRON,Emmanuel MACRON,True
17479,2022,Emmanuel MACRON,Emmanuel MACRON,True
17480,2022,Jean LASSALLE,Jean-Luc MÉLENCHON,False
17481,2022,Marine LE PEN,Marine LE PEN,True
17482,2022,Marine LE PEN,Marine LE PEN,True
17483,2022,Marine LE PEN,Marine LE PEN,True
17484,2022,Marine LE PEN,Marine LE PEN,True
17485,2022,Marine LE PEN,Marine LE PEN,True
17486,2022,Marine LE PEN,Marine LE PEN,True
17487,2022,Marine LE PEN,Marine LE PEN,True
17488,2022,Marine LE PEN,Marine LE PEN,True
17489,2022,Marine LE PEN,Marine LE PEN,True
17490,2022,Marine LE PEN,Marine LE PEN,True
17491,2022,Marine LE PEN,Marine LE PEN,True
17492,2022,Marine LE PEN,Marine LE PEN,True
17493,2022,Emmanuel MACRON,Emmanuel MACRON,True
17494,2022,Marine LE PEN,Marine LE PEN,True
17495,2022,Marine LE PEN,Marine LE PEN,True
17496,2022,Marine LE PEN,Marine LE PEN,True
17497,2022,Marine LE PEN,Marine LE PEN,True
17498,2022,Marine LE PEN,Marine LE PEN,True
17499,2022,Emmanuel MACRON,Emmanuel MACRON,True
17500,2022,Marine LE PEN,Marine LE PEN,True
17501,2022,Marine LE PEN,Marine LE PEN,True
17502,2022,Marine LE PEN,Marine LE PEN,True
17503,2022,Emmanuel MACRON,Emmanuel MACRON,True
17504,2022,Marine LE PEN,Marine LE PEN,True
17505,2022,Emmanuel MACRON,Emmanuel MACRON,True
17506,2022,Marine LE PEN,Marine LE PEN,True
17507,2022,Marine LE PEN,Marine LE PEN,True
17508,2022,Marine LE PEN,Marine LE PEN,True
17509,2022,Marine LE PEN,Marine LE PEN,True
17510,2022,Marine LE PEN,Marine LE PEN,True
17511,2022,Marine LE PEN,Marine LE PEN,True
17512,2022,Marine LE PEN,Marine LE PEN,True
17513,2022,Marine LE PEN,Marine LE PEN,True
17514,2022,Marine LE PEN,Marine LE PEN,True
17515,2022,Marine LE PEN,Marine LE PEN,True
17516,2022,Marine LE PEN,Marine LE PEN,True
17517,2022,Emmanuel MACRON,Emmanuel MACRON,True
17518,2022,Marine LE PEN,Marine LE PEN,True
17519,2022,Marine LE PEN,Marine LE PEN,True
17520,2022,Marine LE PEN,Marine LE PEN,True
17521,2022,Marine LE PEN,Marine LE PEN,True
17522,2022,Marine LE PEN,Marine LE PEN,True
17523,2022,Marine LE PEN,Marine LE PEN,True
17524,2022,Marine LE PEN,Marine LE PEN,True
17525,2022,Marine LE PEN,Marine LE PEN,True
17526,2022,Jean-Luc MÉLENCHON,Emmanuel MACRON,False
17527,2022,Marine LE PEN,Marine LE PEN,True
17528,2022,Marine LE PEN,Marine LE PEN,True
17529,2022,Marine LE PEN,Marine LE PEN,True
17530,2022,Emmanuel MACRON,Emmanuel MACRON,True
17531,2022,Marine LE PEN,Marine LE PEN,True
17532,2022,Marine LE PEN,Marine LE PEN,True
17533,2022,Emmanuel MACRON,Emmanuel MACRON,True
17534,2022,Marine LE PEN,Marine LE PEN,True
17535,2022,Emmanuel MACRON,Emmanuel MACRON,True
17536,2022,Marine LE PEN,Marine LE PEN,True
17537,2022,Emmanuel MACRON,Emmanuel MACRON,True
17538,2022,Emmanuel MACRON,Jean-Luc MÉLENCHON,False
17539,2022,Marine LE PEN,Marine LE PEN,True
17540,2022,Marine LE PEN,Marine LE PEN,True
17541,2022,Marine LE PEN,Marine LE PEN,True
17542,2022,Marine LE PEN,Marine LE PEN,True
17543,2022,Marine LE PEN,Marine LE PEN,True
17544,2022,Marine LE PEN,Marine LE PEN,True
17545,2022,Marine LE PEN,Marine LE PEN,True
17546,2022,Marine LE PEN,Marine LE PEN,True
17547,2022,Marine LE PEN,Marine LE PEN,True
17548,2022,Jean-Luc MÉLENCHON,Emmanuel MACRON,False
17549,2022,Jean-Luc MÉLENCHON,Emmanuel MACRON,False
17550,2022,Marine LE PEN,Marine LE PEN,True
17551,2022,Marine LE PEN,Marine LE PEN,True
17552,2022,Emmanuel MACRON,Emmanuel MACRON,True
17553,2022,Marine LE PEN,Marine LE PEN,True
17554,2022,Marine LE PEN,Marine LE PEN,True
17555,2022,Marine LE PEN,Marine LE PEN,True
17556,2022,Marine LE PEN,Marine LE PEN,True
17557,2022,Marine LE PEN,Marine LE PEN,True
17558,2022,Marine LE PEN,Marine LE PEN,True
17559,2022,Jean-Luc MÉLENCHON,Emmanuel MACRON,False
17560,2022,Marine LE PEN,Marine LE PEN,True
17561,2022,Marine LE PEN,Marine LE PEN,True
17562,2022,Marine LE PEN,Marine LE PEN,True
17563,2022,Marine LE PEN,Marine LE PEN,True
17564,2022,Emmanuel MACRON,Emmanuel MACRON,True
17565,2022,Marine LE PEN,Marine LE PEN,True
17566,2022,Marine LE PEN,Marine LE PEN,True
17567,2022,Marine LE PEN,Marine LE PEN,True
17568,2022,Marine LE PEN,Marine LE PEN,True
17569,2022,Marine LE PEN,Marine LE PEN,True
17570,2022,Marine LE PEN,Marine LE PEN,True
17571,2022,Marine LE PEN,Marine LE PEN,True
17572,2022,Marine LE PEN,Marine LE PEN,True
17573,2022,Emmanuel MACRON,Emmanuel MACRON,True
17574,2022,Marine LE PEN,Marine LE PEN,True
17575,2022,Marine LE PEN,Marine LE PEN,True
17576,2022,Marine LE PEN,Marine LE PEN,True
17577,2022,Marine LE PEN,Marine LE PEN,True
17578,2022,Emmanuel MACRON,Emmanuel MACRON,True
17579,2022,Emmanuel MACRON,Emmanuel MACRON,True
17580,2022,Marine LE PEN,Marine LE PEN,True
17581,2022,Marine LE PEN,Marine LE PEN,True
17582,2022,Marine LE PEN,Marine LE PEN,True
17583,2022,Emmanuel MACRON,Emmanuel MACRON,True
17584,2022,Marine LE PEN,Marine LE PEN,True
17585,2022,Marine LE PEN,Marine LE PEN,True
17586,2022,Marine LE PEN,Marine LE PEN,True
17587,2022,Marine LE PEN,Marine LE PEN,True
17588,2022,Marine LE PEN,Marine LE PEN,True
17589,2022,Emmanuel MACRON,Emmanuel MACRON,True
17590,2022,Marine LE PEN,Marine LE PEN,True
17591,2022,Marine LE PEN,Marine LE PEN,True
17592,2022,Marine LE PEN,Marine LE PEN,True
17593,2022,Marine LE PEN,Marine LE PEN,True
17594,2022,Marine LE PEN,Marine LE PEN,True
17595,2022,Marine LE PEN,Marine LE PEN,True
17596,2022,Marine LE PEN,Marine LE PEN,True
17597,2022,Emmanuel MACRON,François FILLON,False
17598,2022,Marine LE PEN,Marine LE PEN,True
17599,2022,Emmanuel MACRON,Emmanuel MACRON,True
17600,2022,Marine LE PEN,Marine LE PEN,True
17601,2022,Marine LE PEN,Marine LE PEN,True
17602,2022,Marine LE PEN,Marine LE PEN,True
17603,2022,Marine LE PEN,Marine LE PEN,True
17604,2022,Marine LE PEN,Marine LE PEN,True
17605,2022,Marine LE PEN,Marine LE PEN,True
17606,2022,Jean-Luc MÉLENCHON,François FILLON,False
17607,2022,Marine LE PEN,Marine LE PEN,True
17608,2022,Emmanuel MACRON,François FILLON,False
17609,2022,Marine LE PEN,Marine LE PEN,True
17610,2022,Marine LE PEN,Marine LE PEN,True
17611,2022,Marine LE PEN,Marine LE PEN,True
17612,2022,Marine LE PEN,Marine LE PEN,True
17613,2022,Emmanuel MACRON,François FILLON,False
17614,2022,Emmanuel MACRON,François FILLON,False
17615,2022,Jean-Luc MÉLENCHON,François FILLON,False
17616,2022,Marine LE PEN,Marine LE PEN,True
17617,2022,Marine LE PEN,Marine LE PEN,True
17618,2022,Emmanuel MACRON,François FILLON,False
17619,2022,Jean-Luc MÉLENCHON,François FILLON,False
17620,2022,Jean-Luc MÉLENCHON,François FILLON,False
17621,2022,Marine LE PEN,Marine LE PEN,True
17622,2022,Marine LE PEN,Marine LE PEN,True
17623,2022,Marine LE PEN,Marine LE PEN,True
17624,2022,Marine LE PEN,Marine LE PEN,True
17625,2022,Emmanuel MACRON,François FILLON,False
17626,2022,Emmanuel MACRON,François FILLON,False
17627,2022,Jean-Luc MÉLENCHON,François FILLON,False
17628,2022,Marine LE PEN,Marine LE PEN,True
17629,2022,Emmanuel MACRON,François FILLON,False
17630,2022,Marine LE PEN,Marine LE PEN,True
17631,2022,Jean-Luc MÉLENCHON,François FILLON,False
17632,2022,Marine LE PEN,Marine LE PEN,True
17633,2022,Marine LE PEN,Marine LE PEN,True
17634,2022,Jean-Luc MÉLENCHON,François FILLON,False
17635,2022,Marine LE PEN,Marine LE PEN,True
17636,2022,Emmanuel MACRON,François FILLON,False
17637,2022,Marine LE PEN,Marine LE PEN,True
17638,2022,Emmanuel MACRON,François FILLON,False
17639,2022,Marine LE PEN,Marine LE PEN,True
17640,2022,Emmanuel MACRON,François FILLON,False
17641,2022,Marine LE PEN,Marine LE PEN,True
17642,2022,Jean-Luc MÉLENCHON,François FILLON,False
17643,2022,Marine LE PEN,Marine LE PEN,True
17644,2022,Marine LE PEN,Marine LE PEN,True
17645,2022,Marine LE PEN,Marine LE PEN,True
17646,2022,Jean-Luc MÉLENCHON,François FILLON,False
17647,2022,Marine LE PEN,Marine LE PEN,True
17649,2022,Marine LE PEN,Marine LE PEN,True
17650,2022,Emmanuel MACRON,François FILLON,False
17651,2022,Jean-Luc MÉLENCHON,François FILLON,False
17652,2022,Emmanuel MACRON,François FILLON,False
17653,2022,Marine LE PEN,Marine LE PEN,True
17654,2022,Marine LE PEN,Marine LE PEN,True
17655,2022,Jean-Luc MÉLENCHON,François FILLON,False
17656,2022,Marine LE PEN,Marine LE PEN,True
17657,2022,Jean-Luc MÉLENCHON,François FILLON,False
17658,2022,Marine LE PEN,Marine LE PEN,True
17659,2022,Marine LE PEN,Marine LE PEN,True
17660,2022,Jean-Luc MÉLENCHON,François FILLON,False
17661,2022,Marine LE PEN,Marine LE PEN,True
17662,2022,Jean-Luc MÉLENCHON,François FILLON,False
17663,2022,Jean-Luc MÉLENCHON,François FILLON,False
17664,2022,Marine LE PEN,Marine LE PEN,True
17666,2022,Emmanuel MACRON,François FILLON,False
17667,2022,Marine LE PEN,Marine LE PEN,True
17668,2022,Jean-Luc MÉLENCHON,François FILLON,False
17669,2022,Jean LASSALLE,François FILLON,False
17670,2022,Marine LE PEN,Marine LE PEN,True
17671,2022,Marine LE PEN,Marine LE PEN,True
17672,2022,Marine LE PEN,Marine LE PEN,True
17673,2022,Emmanuel MACRON,François FILLON,False
17674,2022,Marine LE PEN,Marine LE PEN,True
17675,2022,Marine LE PEN,Marine LE PEN,True
17676,2022,Emmanuel MACRON,François FILLON,False
17677,2022,Emmanuel MACRON,François FILLON,False
17678,2022,Emmanuel MACRON,François FILLON,False
17679,2022,Emmanuel MACRON,François FILLON,False
17680,2022,Emmanuel MACRON,Emmanuel MACRON,True
17681,2022,Emmanuel MACRON,François FILLON,False
17682,2022,Jean-Luc MÉLENCHON,François FILLON,False
17683,2022,Jean-Luc MÉLENCHON,François FILLON,False
17684,2022,Marine LE PEN,Marine LE PEN,True
17685,2022,Marine LE PEN,Marine LE PEN,True
17686,2022,Marine LE PEN,Marine LE PEN,True
17687,2022,Emmanuel MACRON,François FILLON,False
17688,2022,Marine LE PEN,Marine LE PEN,True
17689,2022,Marine LE PEN,Marine LE PEN,True
17690,2022,Marine LE PEN,Marine LE PEN,True
17691,2022,Emmanuel MACRON,François FILLON,False
17692,2022,Emmanuel MACRON,François FILLON,False
17693,2022,Marine LE PEN,Marine LE PEN,True
17694,2022,Marine LE PEN,Marine LE PEN,True
17695,2022,Jean-Luc MÉLENCHON,François FILLON,False
17696,2022,Jean-Luc MÉLENCHON,François FILLON,False
17697,2022,Jean-Luc MÉLENCHON,François FILLON,False
17698,2022,Emmanuel MACRON,François FILLON,False
17699,2022,Emmanuel MACRON,François FILLON,False
17700,2022,Marine LE PEN,Marine LE PEN,True
17701,2022,Jean-Luc MÉLENCHON,François FILLON,False
17702,2022,Marine LE PEN,Marine LE PEN,True
17703,2022,Marine LE PEN,Marine LE PEN,True
17704,2022,Marine LE PEN,Marine LE PEN,True
17705,2022,Marine LE PEN,Marine LE PEN,True
17706,2022,Jean-Luc MÉLENCHON,François FILLON,False
17707,2022,Jean-Luc MÉLENCHON,François FILLON,False
17708,2022,Emmanuel MACRON,François FILLON,False
17710,2022,Jean-Luc MÉLENCHON,François FILLON,False
17711,2022,Jean-Luc MÉLENCHON,François FILLON,False
17712,2022,Emmanuel MACRON,François FILLON,False
17713,2022,Jean-Luc MÉLENCHON,François FILLON,False
17714,2022,Marine LE PEN,Marine LE PEN,True
17715,2022,Emmanuel MACRON,François FILLON,False
17716,2022,Jean-Luc MÉLENCHON,François FILLON,False
17717,2022,Jean-Luc MÉLENCHON,François FILLON,False
17718,2022,Marine LE PEN,Marine LE PEN,True
17719,2022,Jean-Luc MÉLENCHON,François FILLON,False
17720,2022,Emmanuel MACRON,François FILLON,False
17721,2022,Jean-Luc MÉLENCHON,François FILLON,False
17722,2022,Marine LE PEN,Marine LE PEN,True
17723,2022,Marine LE PEN,Marine LE PEN,True
17724,2022,Marine LE PEN,Marine LE PEN,True
17725,2022,Jean-Luc MÉLENCHON,François FILLON,False
17726,2022,Marine LE PEN,Marine LE PEN,True
17727,2022,Jean-Luc MÉLENCHON,François FILLON,False
17728,2022,Marine LE PEN,Marine LE PEN,True
17729,2022,Jean-Luc MÉLENCHON,François FILLON,False
17730,2022,Emmanuel MACRON,François FILLON,False
17731,2022,Jean LASSALLE,François FILLON,False
17732,2022,Emmanuel MACRON,François FILLON,False
17733,2022,Emmanuel MACRON,François FILLON,False
17734,2022,Emmanuel MACRON,François FILLON,False
17735,2022,Jean-Luc MÉLENCHON,François FILLON,False
17736,2022,Marine LE PEN,Marine LE PEN,True
17737,2022,Marine LE PEN,Marine LE PEN,True
17738,2022,Emmanuel MACRON,François FILLON,False
17739,2022,Jean-Luc MÉLENCHON,François FILLON,False
17740,2022,Jean-Luc MÉLENCHON,François FILLON,False
17741,2022,Marine LE PEN,Marine LE PEN,True
17742,2022,Marine LE PEN,Marine LE PEN,True
17743,2022,Emmanuel MACRON,François FILLON,False
17744,2022,Jean-Luc MÉLENCHON,François FILLON,False
17745,2022,Marine LE PEN,Marine LE PEN,True
17746,2022,Marine LE PEN,Marine LE PEN,True
17747,2022,Emmanuel MACRON,François FILLON,False
17748,2022,Emmanuel MACRON,François FILLON,False
17749,2022,Jean LASSALLE,Emmanuel MACRON,False
17751,2022,Jean-Luc MÉLENCHON,François FILLON,False
17752,2022,Emmanuel MACRON,François FILLON,False
17753,2022,Emmanuel MACRON,François FILLON,False
17755,2022,Emmanuel MACRON,François FILLON,False
17756,2022,Marine LE PEN,Marine LE PEN,True
17757,2022,Emmanuel MACRON,François FILLON,False
17758,2022,Jean-Luc MÉLENCHON,François FILLON,False
17759,2022,Jean-Luc MÉLENCHON,François FILLON,False
17761,2022,Emmanuel MACRON,François FILLON,False
17762,2022,Marine LE PEN,Marine LE PEN,True
17763,2022,Emmanuel MACRON,Emmanuel MACRON,True
17764,2022,Emmanuel MACRON,Emmanuel MACRON,True
17765,2022,Emmanuel MACRON,François FILLON,False
17766,2022,Marine LE PEN,Marine LE PEN,True
17767,2022,Emmanuel MACRON,François FILLON,False
17768,2022,Emmanuel MACRON,François FILLON,False
17769,2022,Emmanuel MACRON,François FILLON,False
17770,2022,Emmanuel MACRON,Emmanuel MACRON,True
17771,2022,Emmanuel MACRON,François FILLON,False
17772,2022,Emmanuel MACRON,Emmanuel MACRON,True
17773,2022,Emmanuel MACRON,Emmanuel MACRON,True
17774,2022,Emmanuel MACRON,Emmanuel MACRON,True
17775,2022,Emmanuel MACRON,Emmanuel MACRON,True
17776,2022,Emmanuel MACRON,Emmanuel MACRON,True
17777,2022,Emmanuel MACRON,François FILLON,False
17778,2022,Emmanuel MACRON,Emmanuel MACRON,True
17779,2022,Jean-Luc MÉLENCHON,Jean-Luc MÉLENCHON,True
17780,2022,Emmanuel MACRON,François FILLON,False
17781,2022,Marine LE PEN,Marine LE PEN,True
17782,2022,Emmanuel MACRON,Emmanuel MACRON,True
17783,2022,Emmanuel MACRON,François FILLON,False
17784,2022,Marine LE PEN,Marine LE PEN,True
17785,2022,Marine LE PEN,Marine LE PEN,True
17786,2022,Marine LE PEN,Marine LE PEN,True
17788,2022,Emmanuel MACRON,François FILLON,False
17789,2022,Emmanuel MACRON,Emmanuel MACRON,True
17790,2022,Marine LE PEN,Marine LE PEN,True
17791,2022,Emmanuel MACRON,François FILLON,False
17792,2022,Emmanuel MACRON,Emmanuel MACRON,True
17793,2022,Marine LE PEN,Marine LE PEN,True
17794,2022,Emmanuel MACRON,François FILLON,False
17795,2022,Emmanuel MACRON,François FILLON,False
17796,2022,Marine LE PEN,Marine LE PEN,True
17797,2022,Emmanuel MACRON,François FILLON,False
17798,2022,Emmanuel MACRON,Emmanuel MACRON,True
17799,2022,Emmanuel MACRON,François FILLON,False
17801,2022,Emmanuel MACRON,François FILLON,False
17802,2022,Emmanuel MACRON,Emmanuel MACRON,True
17803,2022,Emmanuel MACRON,Emmanuel MACRON,True
17804,2022,Emmanuel MACRON,François FILLON,False
17805,2022,Marine LE PEN,Marine LE PEN,True
17806,2022,Emmanuel MACRON,Emmanuel MACRON,True
17807,2022,Emmanuel MACRON,François FILLON,False
17808,2022,Emmanuel MACRON,Emmanuel MACRON,True
17809,2022,Emmanuel MACRON,François FILLON,False
17810,2022,Emmanuel MACRON,François FILLON,False
17811,2022,Emmanuel MACRON,Emmanuel MACRON,True
17812,2022,Emmanuel MACRON,Emmanuel MACRON,True
17813,2022,Marine LE PEN,Marine LE PEN,True
17814,2022,Emmanuel MACRON,François FILLON,False
17815,2022,Emmanuel MACRON,François FILLON,False
17816,2022,Emmanuel MACRON,François FILLON,False
17817,2022,Emmanuel MACRON,Emmanuel MACRON,True
17818,2022,Emmanuel MACRON,François FILLON,False
17819,2022,Emmanuel MACRON,François FILLON,False
17820,2022,Marine LE PEN,Marine LE PEN,True
17821,2022,Emmanuel MACRON,Emmanuel MACRON,True
17822,2022,Emmanuel MACRON,François FILLON,False
17823,2022,Marine LE PEN,Marine LE PEN,True
17824,2022,Emmanuel MACRON,Emmanuel MACRON,True
17825,2022,Emmanuel MACRON,Jean-Luc MÉLENCHON,False
17826,2022,Emmanuel MACRON,Emmanuel MACRON,True
17827,2022,Emmanuel MACRON,François FILLON,False
17828,2022,Marine LE PEN,Marine LE PEN,True
17829,2022,Emmanuel MACRON,François FILLON,False
17830,2022,Emmanuel MACRON,Emmanuel MACRON,True
17831,2022,Emmanuel MACRON,Jean-Luc MÉLENCHON,False
17832,2022,Marine LE PEN,Marine LE PEN,True
17835,2022,Emmanuel MACRON,Emmanuel MACRON,True
17837,2022,Emmanuel MACRON,Emmanuel MACRON,True
17838,2022,Emmanuel MACRON,François FILLON,False
17839,2022,Emmanuel MACRON,François FILLON,False
17840,2022,Emmanuel MACRON,Emmanuel MACRON,True
17841,2022,Emmanuel MACRON,François FILLON,False
17842,2022,Emmanuel MACRON,Jean-Luc MÉLENCHON,False
17843,2022,Marine LE PEN,Marine LE PEN,True
17844,2022,Emmanuel MACRON,François FILLON,False
17845,2022,Emmanuel MACRON,François FILLON,False
17846,2022,Marine LE PEN,Marine LE PEN,True
17847,2022,Emmanuel MACRON,François FILLON,False
17848,2022,Emmanuel MACRON,Jean-Luc MÉLENCHON,False
17849,2022,Emmanuel MACRON,François FILLON,False
17850,2022,Emmanuel MACRON,Emmanuel MACRON,True
17851,2022,Emmanuel MACRON,Emmanuel MACRON,True
17852,2022,Emmanuel MACRON,Emmanuel MACRON,True
17853,2022,Emmanuel MACRON,Emmanuel MACRON,True
17854,2022,Emmanuel MACRON,Emmanuel MACRON,True
17855,2022,Emmanuel MACRON,Emmanuel MACRON,True
17856,2022,Marine LE PEN,Marine LE PEN,True
17857,2022,Emmanuel MACRON,François FILLON,False
17858,2022,Emmanuel MACRON,Emmanuel MACRON,True
17859,2022,Emmanuel MACRON,Emmanuel MACRON,True
17860,2022,Marine LE PEN,Marine LE PEN,True
17861,2022,Emmanuel MACRON,François FILLON,False
17862,2022,Emmanuel MACRON,François FILLON,False
17863,2022,Emmanuel MACRON,Emmanuel MACRON,True
17864,2022,Emmanuel MACRON,François FILLON,False
17865,2022,Marine LE PEN,Marine LE PEN,True
17866,2022,Marine LE PEN,Marine LE PEN,True
17867,2022,Emmanuel MACRON,Emmanuel MACRON,True
17868,2022,Emmanuel MACRON,Emmanuel MACRON,True
17869,2022,Marine LE PEN,Marine LE PEN,True
17870,2022,Marine LE PEN,Marine LE PEN,True
17871,2022,Emmanuel MACRON,Emmanuel MACRON,True
17872,2022,Marine LE PEN,Marine LE PEN,True
17873,2022,Emmanuel MACRON,François FILLON,False
17874,2022,Marine LE PEN,Marine LE PEN,True
17875,2022,Emmanuel MACRON,François FILLON,False
17876,2022,Emmanuel MACRON,Emmanuel MACRON,True
17877,2022,Emmanuel MACRON,Emmanuel MACRON,True
17878,2022,Emmanuel MACRON,Emmanuel MACRON,True
17879,2022,Emmanuel MACRON,Emmanuel MACRON,True
17880,2022,Emmanuel MACRON,Emmanuel MACRON,True
17881,2022,Emmanuel MACRON,François FILLON,False
17882,2022,Marine LE PEN,Marine LE PEN,True
17883,2022,Emmanuel MACRON,Emmanuel MACRON,True
17884,2022,Emmanuel MACRON,Emmanuel MACRON,True
17885,2022,Emmanuel MACRON,Emmanuel MACRON,True
17886,2022,Emmanuel MACRON,François FILLON,False
17887,2022,Emmanuel MACRON,François FILLON,False
17888,2022,Emmanuel MACRON,Emmanuel MACRON,True
17889,2022,Emmanuel MACRON,Emmanuel MACRON,True
17890,2022,Emmanuel MACRON,Emmanuel MACRON,True
17891,2022,Emmanuel MACRON,François FILLON,False
17893,2022,Emmanuel MACRON,Emmanuel MACRON,True
17894,2022,Emmanuel MACRON,Emmanuel MACRON,True
17895,2022,Emmanuel MACRON,François FILLON,False
17896,2022,Jean-Luc MÉLENCHON,François FILLON,False
17898,2022,Marine LE PEN,Marine LE PEN,True
17899,2022,Emmanuel MACRON,Emmanuel MACRON,True
17900,2022,Emmanuel MACRON,Emmanuel MACRON,True
17901,2022,Emmanuel MACRON,Emmanuel MACRON,True
17902,2022,Emmanuel MACRON,Emmanuel MACRON,True
17903,2022,Emmanuel MACRON,Emmanuel MACRON,True
17904,2022,Marine LE PEN,Marine LE PEN,True
17906,2022,Emmanuel MACRON,Emmanuel MACRON,True
17907,2022,Emmanuel MACRON,Emmanuel MACRON,True
17908,2022,Emmanuel MACRON,Emmanuel MACRON,True
17909,2022,Emmanuel MACRON,François FILLON,False
17910,2022,Marine LE PEN,Marine LE PEN,True
17911,2022,Emmanuel MACRON,François FILLON,False
17912,2022,Emmanuel MACRON,Emmanuel MACRON,True
17913,2022,Emmanuel MACRON,Emmanuel MACRON,True
17914,2022,Emmanuel MACRON,Jean-Luc MÉLENCHON,False
17915,2022,Emmanuel MACRON,François FILLON,False
17916,2022,Emmanuel MACRON,François FILLON,False
17917,2022,Emmanuel MACRON,Emmanuel MACRON,True
17918,2022,Emmanuel MACRON,Emmanuel MACRON,True
17919,2022,Emmanuel MACRON,François FILLON,False
17920,2022,Marine LE PEN,Marine LE PEN,True
17921,2022,Emmanuel MACRON,François FILLON,False
17923,2022,Emmanuel MACRON,Emmanuel MACRON,True
17924,2022,Emmanuel MACRON,Emmanuel MACRON,True
17925,2022,Emmanuel MACRON,François FILLON,False
17926,2022,Emmanuel MACRON,Emmanuel MACRON,True
17927,2022,Emmanuel MACRON,François FILLON,False
17928,2022,Emmanuel MACRON,Emmanuel MACRON,True
17929,2022,Emmanuel MACRON,Emmanuel MACRON,True
17930,2022,Emmanuel MACRON,François FILLON,False
17931,2022,Emmanuel MACRON,Emmanuel MACRON,True
17932,2022,Emmanuel MACRON,Emmanuel MACRON,True
17933,2022,Emmanuel MACRON,François FILLON,False
17934,2022,Marine LE PEN,Marine LE PEN,True
17935,2022,Marine LE PEN,Marine LE PEN,True
17936,2022,Emmanuel MACRON,Emmanuel MACRON,True
17937,2022,Marine LE PEN,Marine LE PEN,True
17938,2022,Emmanuel MACRON,Emmanuel MACRON,True
17939,2022,Emmanuel MACRON,François FILLON,False
17940,2022,Marine LE PEN,Marine LE PEN,True
17941,2022,Marine LE PEN,Marine LE PEN,True
17942,2022,Emmanuel MACRON,Emmanuel MACRON,True
17943,2022,Emmanuel MACRON,Emmanuel MACRON,True
17944,2022,Emmanuel MACRON,François FILLON,False
17945,2022,Emmanuel MACRON,Emmanuel MACRON,True
17946,2022,Marine LE PEN,Marine LE PEN,True
17947,2022,Emmanuel MACRON,Emmanuel MACRON,True
17948,2022,Emmanuel MACRON,François FILLON,False
17949,2022,Emmanuel MACRON,François FILLON,False
17950,2022,Marine LE PEN,Marine LE PEN,True
17951,2022,Emmanuel MACRON,François FILLON,False
17953,2022,Emmanuel MACRON,François FILLON,False
17954,2022,Emmanuel MACRON,François FILLON,False
17956,2022,Marine LE PEN,Marine LE PEN,True
17957,2022,Emmanuel MACRON,François FILLON,False
17958,2022,Emmanuel MACRON,François FILLON,False
17959,2022,Marine LE PEN,Marine LE PEN,True
17960,2022,Marine LE PEN,Marine LE PEN,True
17961,2022,Marine LE PEN,Marine LE PEN,True
17962,2022,Marine LE PEN,Marine LE PEN,True
17963,2022,Emmanuel MACRON,Emmanuel MACRON,True
17964,2022,Marine LE PEN,Marine LE PEN,True
17965,2022,Emmanuel MACRON,François FILLON,False
17966,2022,Marine LE PEN,Marine LE PEN,True
17967,2022,Emmanuel MACRON,François FILLON,False
17968,2022,Emmanuel MACRON,François FILLON,False
17969,2022,Emmanuel MACRON,François FILLON,False
17970,2022,Emmanuel MACRON,François FILLON,False
17971,2022,Marine LE PEN,Marine LE PEN,True
17972,2022,Emmanuel MACRON,François FILLON,False
17973,2022,Marine LE PEN,Marine LE PEN,True
17974,2022,Marine LE PEN,Marine LE PEN,True
17975,2022,Marine LE PEN,Marine LE PEN,True
17976,2022,Emmanuel MACRON,François FILLON,False
17977,2022,Emmanuel MACRON,Emmanuel MACRON,True
17978,2022,Emmanuel MACRON,François FILLON,False
17979,2022,Marine LE PEN,Marine LE PEN,True
17980,2022,Emmanuel MACRON,François FILLON,False
17981,2022,Emmanuel MACRON,François FILLON,False
17982,2022,Emmanuel MACRON,François FILLON,False
17983,2022,Marine LE PEN,Marine LE PEN,True
17984,2022,Emmanuel MACRON,François FILLON,False
17985,2022,Marine LE PEN,Marine LE PEN,True
17986,2022,Marine LE PEN,Marine LE PEN,True
17987,2022,Marine LE PEN,Marine LE PEN,True
17988,2022,Emmanuel MACRON,François FILLON,False
17989,2022,Marine LE PEN,Marine LE PEN,True
17990,2022,Marine LE PEN,Marine LE PEN,True
17991,2022,Emmanuel MACRON,François FILLON,False
17992,2022,Emmanuel MACRON,François FILLON,False
17993,2022,Emmanuel MACRON,François FILLON,False
17994,2022,Emmanuel MACRON,François FILLON,False
17995,2022,Marine LE PEN,Marine LE PEN,True
17996,2022,Marine LE PEN,Marine LE PEN,True
17997,2022,Emmanuel MACRON,François FILLON,False
17998,2022,Emmanuel MACRON,François FILLON,False
17999,2022,Emmanuel MACRON,François FILLON,False
18000,2022,Emmanuel MACRON,François FILLON,False
18001,2022,Marine LE PEN,Marine LE PEN,True
18002,2022,Emmanuel MACRON,François FILLON,False
18003,2022,Emmanuel MACRON,François FILLON,False
18004,2022,Emmanuel MACRON,François FILLON,False
18005,2022,Emmanuel MACRON,François FILLON,False
18006,2022,Emmanuel MACRON,François FILLON,False
18007,2022,Emmanuel MACRON,François FILLON,False
18008,2022,Emmanuel MACRON,François FILLON,False
18009,2022,Emmanuel MACRON,François FILLON,False
18011,2022,Marine LE PEN,Marine LE PEN,True
18012,2022,Emmanuel MACRON,François FILLON,False
18013,2022,Emmanuel MACRON,François FILLON,False
18014,2022,Marine LE PEN,Marine LE PEN,True
18015,2022,Emmanuel MACRON,François FILLON,False
18016,2022,Emmanuel MACRON,François FILLON,False
18017,2022,Emmanuel MACRON,François FILLON,False
18018,2022,Marine LE PEN,Marine LE PEN,True
18019,2022,Emmanuel MACRON,Emmanuel MACRON,True
18020,2022,Marine LE PEN,Marine LE PEN,True
18021,2022,Emmanuel MACRON,Emmanuel MACRON,True
18023,2022,Emmanuel MACRON,François FILLON,False
18024,2022,Emmanuel MACRON,François FILLON,False
18026,2022,Emmanuel MACRON,François FILLON,False
18027,2022,Marine LE PEN,Marine LE PEN,True
18028,2022,Emmanuel MACRON,François FILLON,False
18029,2022,Marine LE PEN,Marine LE PEN,True
18030,2022,Emmanuel MACRON,François FILLON,False
18031,2022,Emmanuel MACRON,François FILLON,False
18032,2022,Emmanuel MACRON,François FILLON,False
18033,2022,Marine LE PEN,Marine LE PEN,True
18034,2022,Marine LE PEN,Marine LE PEN,True
18035,2022,Marine LE PEN,Marine LE PEN,True
18036,2022,Emmanuel MACRON,François FILLON,False
18037,2022,Emmanuel MACRON,François FILLON,False
18038,2022,Emmanuel MACRON,Emmanuel MACRON,True
18039,2022,Marine LE PEN,Marine LE PEN,True
18040,2022,Marine LE PEN,Marine LE PEN,True
18041,2022,Emmanuel MACRON,François FILLON,False
18042,2022,Emmanuel MACRON,François FILLON,False
18043,2022,Emmanuel MACRON,François FILLON,False
18045,2022,Emmanuel MACRON,François FILLON,False
18046,2022,Emmanuel MACRON,François FILLON,False
18047,2022,Emmanuel MACRON,François FILLON,False
18048,2022,Emmanuel MACRON,François FILLON,False
18049,2022,Marine LE PEN,Marine LE PEN,True
18050,2022,Emmanuel MACRON,François FILLON,False
18051,2022,Marine LE PEN,Marine LE PEN,True
18052,2022,Emmanuel MACRON,Emmanuel MACRON,True
18053,2022,Emmanuel MACRON,François FILLON,False
18054,2022,Marine LE PEN,Marine LE PEN,True
18055,2022,Emmanuel MACRON,François FILLON,False
18056,2022,Marine LE PEN,Marine LE PEN,True
18057,2022,Marine LE PEN,Marine LE PEN,True
18058,2022,Emmanuel MACRON,François FILLON,False
18059,2022,Emmanuel MACRON,François FILLON,False
18061,2022,Marine LE PEN,Marine LE PEN,True
18062,2022,Emmanuel MACRON,François FILLON,False
18063,2022,Marine LE PEN,Marine LE PEN,True
18064,2022,Emmanuel MACRON,François FILLON,False
18065,2022,Marine LE PEN,Marine LE PEN,True
18066,2022,Emmanuel MACRON,François FILLON,False
18067,2022,Emmanuel MACRON,François FILLON,False
18068,2022,Marine LE PEN,Marine LE PEN,True
18069,2022,Emmanuel MACRON,François FILLON,False
18070,2022,Emmanuel MACRON,François FILLON,False
18071,2022,Marine LE PEN,Marine LE PEN,True
18072,2022,Marine LE PEN,Marine LE PEN,True
18073,2022,Marine LE PEN,Marine LE PEN,True
18074,2022,Emmanuel MACRON,François FILLON,False
18075,2022,Emmanuel MACRON,François FILLON,False
18076,2022,Emmanuel MACRON,François FILLON,False
18077,2022,Marine LE PEN,Marine LE PEN,True
18078,2022,Marine LE PEN,Marine LE PEN,True
18079,2022,Emmanuel MACRON,François FILLON,False
18080,2022,Emmanuel MACRON,François FILLON,False
18081,2022,Marine LE PEN,Marine LE PEN,True
18082,2022,Emmanuel MACRON,François FILLON,False
18083,2022,Marine LE PEN,Marine LE PEN,True
18084,2022,Marine LE PEN,Marine LE PEN,True
18085,2022,Emmanuel MACRON,François FILLON,False
18086,2022,Marine LE PEN,Marine LE PEN,True
18087,2022,Emmanuel MACRON,François FILLON,False
18088,2022,Emmanuel MACRON,François FILLON,False
18089,2022,Emmanuel MACRON,François FILLON,False
18090,2022,Emmanuel MACRON,François FILLON,False
18091,2022,Emmanuel MACRON,François FILLON,False
18092,2022,Marine LE PEN,Marine LE PEN,True
18094,2022,Emmanuel MACRON,François FILLON,False
18095,2022,Marine LE PEN,Marine LE PEN,True
18096,2022,Marine LE PEN,Marine LE PEN,True
18097,2022,Marine LE PEN,Marine LE PEN,True
18098,2022,Marine LE PEN,Marine LE PEN,True
18099,2022,Emmanuel MACRON,François FILLON,False
18100,2022,Marine LE PEN,Marine LE PEN,True
18101,2022,Marine LE PEN,Marine LE PEN,True
18102,2022,Emmanuel MACRON,François FILLON,False
18103,2022,Emmanuel MACRON,François FILLON,False
18104,2022,Emmanuel MACRON,François FILLON,False
18105,2022,Marine LE PEN,Marine LE PEN,True
18107,2022,Emmanuel MACRON,François FILLON,False
18108,2022,Marine LE PEN,Marine LE PEN,True
18109,2022,Emmanuel MACRON,François FILLON,False
18110,2022,Emmanuel MACRON,François FILLON,False
18111,2022,Emmanuel MACRON,François FILLON,False
18112,2022,Emmanuel MACRON,François FILLON,False
18113,2022,Emmanuel MACRON,François FILLON,False
18114,2022,Marine LE PEN,Marine LE PEN,True
18115,2022,Emmanuel MACRON,François FILLON,False
18116,2022,Emmanuel MACRON,François FILLON,False
18117,2022,Emmanuel MACRON,François FILLON,False
18118,2022,Emmanuel MACRON,François FILLON,False
18119,2022,Emmanuel MACRON,François FILLON,False
18120,2022,Emmanuel MACRON,Emmanuel MACRON,True
18121,2022,Marine LE PEN,Marine LE PEN,True
18122,2022,Marine LE PEN,Marine LE PEN,True
18123,2022,Emmanuel MACRON,François FILLON,False
18125,2022,Marine LE PEN,Marine LE PEN,True
18126,2022,Emmanuel MACRON,François FILLON,False
18128,2022,Marine LE PEN,Marine LE PEN,True
18129,2022,Emmanuel MACRON,François FILLON,False
18130,2022,Marine LE PEN,Marine LE PEN,True
18131,2022,Emmanuel MACRON,François FILLON,False
18132,2022,Marine LE PEN,Marine LE PEN,True
18133,2022,Emmanuel MACRON,François FILLON,False
18134,2022,Emmanuel MACRON,François FILLON,False
18135,2022,Marine LE PEN,Marine LE PEN,True
18136,2022,Emmanuel MACRON,François FILLON,False
18137,2022,Emmanuel MACRON,François FILLON,False
18138,2022,Marine LE PEN,Marine LE PEN,True
18139,2022,Marine LE PEN,Marine LE PEN,True
18140,2022,Marine LE PEN,Marine LE PEN,True
18141,2022,Marine LE PEN,Marine LE PEN,True
18142,2022,Marine LE PEN,Marine LE PEN,True
18143,2022,Emmanuel MACRON,François FILLON,False
18144,2022,Marine LE PEN,Marine LE PEN,True
18145,2022,Emmanuel MACRON,François FILLON,False
18146,2022,Marine LE PEN,Marine LE PEN,True
18147,2022,Emmanuel MACRON,François FILLON,False
18148,2022,Marine LE PEN,Marine LE PEN,True
18149,2022,Emmanuel MACRON,François FILLON,False
18150,2022,Emmanuel MACRON,François FILLON,False
18151,2022,Emmanuel MACRON,François FILLON,False
18152,2022,Emmanuel MACRON,François FILLON,False
18153,2022,Marine LE PEN,Marine LE PEN,True
18154,2022,Emmanuel MACRON,François FILLON,False
18155,2022,Emmanuel MACRON,François FILLON,False
18156,2022,Marine LE PEN,Marine LE PEN,True
18157,2022,Emmanuel MACRON,François FILLON,False
18158,2022,Emmanuel MACRON,François FILLON,False
18159,2022,Emmanuel MACRON,François FILLON,False
18160,2022,Emmanuel MACRON,François FILLON,False
18161,2022,Emmanuel MACRON,François FILLON,False
18162,2022,Emmanuel MACRON,François FILLON,False
18163,2022,Emmanuel MACRON,François FILLON,False
18164,2022,Emmanuel MACRON,François FILLON,False
18165,2022,Emmanuel MACRON,Emmanuel MACRON,True
18166,2022,Emmanuel MACRON,François FILLON,False
18167,2022,Marine LE PEN,Marine LE PEN,True
18168,2022,Marine LE PEN,Marine LE PEN,True
18170,2022,Emmanuel MACRON,François FILLON,False
18171,2022,Marine LE PEN,Marine LE PEN,True
18172,2022,Emmanuel MACRON,François FILLON,False
18174,2022,Marine LE PEN,Marine LE PEN,True
18175,2022,Emmanuel MACRON,François FILLON,False
18176,2022,Emmanuel MACRON,François FILLON,False
18178,2022,Marine LE PEN,Marine LE PEN,True
18179,2022,Emmanuel MACRON,François FILLON,False
18181,2022,Emmanuel MACRON,François FILLON,False
18182,2022,Emmanuel MACRON,François FILLON,False
18183,2022,Emmanuel MACRON,François FILLON,False
18184,2022,Marine LE PEN,Marine LE PEN,True
18185,2022,Emmanuel MACRON,François FILLON,False
18186,2022,Emmanuel MACRON,François FILLON,False
18187,2022,Emmanuel MACRON,François FILLON,False
18188,2022,Emmanuel MACRON,François FILLON,False
18189,2022,Emmanuel MACRON,François FILLON,False
18190,2022,Emmanuel MACRON,François FILLON,False
18191,2022,Emmanuel MACRON,François FILLON,False
18192,2022,Marine LE PEN,Marine LE PEN,True
18193,2022,Emmanuel MACRON,François FILLON,False
18194,2022,Emmanuel MACRON,François FILLON,False
18195,2022,Emmanuel MACRON,François FILLON,False
18197,2022,Emmanuel MACRON,François FILLON,False
18198,2022,Marine LE PEN,Marine LE PEN,True
18199,2022,Marine LE PEN,Marine LE PEN,True
18200,2022,Marine LE PEN,Marine LE PEN,True
18201,2022,Emmanuel MACRON,François FILLON,False
18203,2022,Marine LE PEN,Marine LE PEN,True
18204,2022,Marine LE PEN,Marine LE PEN,True
18206,2022,Emmanuel MACRON,François FILLON,False
18207,2022,Emmanuel MACRON,François FILLON,False
18208,2022,Marine LE PEN,Marine LE PEN,True
18209,2022,Emmanuel MACRON,François FILLON,False
18210,2022,Emmanuel MACRON,François FILLON,False
18211,2022,Marine LE PEN,Marine LE PEN,True
18212,2022,Marine LE PEN,Marine LE PEN,True
18213,2022,Emmanuel MACRON,François FILLON,False
18214,2022,Marine LE PEN,Marine LE PEN,True
18215,2022,Marine LE PEN,Marine LE PEN,True
18216,2022,Emmanuel MACRON,François FILLON,False
18217,2022,Marine LE PEN,Marine LE PEN,True
18218,2022,Emmanuel MACRON,François FILLON,False
18219,2022,Emmanuel MACRON,François FILLON,False
18220,2022,Emmanuel MACRON,François FILLON,False
18221,2022,Emmanuel MACRON,François FILLON,False
18222,2022,Emmanuel MACRON,François FILLON,False
18223,2022,Emmanuel MACRON,François FILLON,False
18224,2022,Marine LE PEN,Marine LE PEN,True
18225,2022,Emmanuel MACRON,François FILLON,False
18226,2022,Emmanuel MACRON,François FILLON,False
18227,2022,Emmanuel MACRON,François FILLON,False
18228,2022,Emmanuel MACRON,François FILLON,False
18229,2022,Emmanuel MACRON,François FILLON,False
18230,2022,Emmanuel MACRON,François FILLON,False
18231,2022,Emmanuel MACRON,François FILLON,False
18232,2022,Marine LE PEN,Marine LE PEN,True
18233,2022,Marine LE PEN,Marine LE PEN,True
18234,2022,Marine LE PEN,Marine LE PEN,True
18235,2022,Marine LE PEN,Marine LE PEN,True
18236,2022,Marine LE PEN,Marine LE PEN,True
18237,2022,Marine LE PEN,Marine LE PEN,True
18238,2022,Emmanuel MACRON,François FILLON,False
18239,2022,Emmanuel MACRON,François FILLON,False
18240,2022,Marine LE PEN,Marine LE PEN,True
18241,2022,Emmanuel MACRON,François FILLON,False
18242,2022,Emmanuel MACRON,François FILLON,False
18243,2022,Emmanuel MACRON,François FILLON,False
18244,2022,Emmanuel MACRON,François FILLON,False
18245,2022,Emmanuel MACRON,François FILLON,False
18246,2022,Emmanuel MACRON,François FILLON,False
18247,2022,Emmanuel MACRON,François FILLON,False
18248,2022,Emmanuel MACRON,François FILLON,False
18249,2022,Emmanuel MACRON,François FILLON,False
18250,2022,Emmanuel MACRON,François FILLON,False
18251,2022,Emmanuel MACRON,François FILLON,False
18252,2022,Emmanuel MACRON,François FILLON,False
18253,2022,Emmanuel MACRON,François FILLON,False
18254,2022,Emmanuel MACRON,François FILLON,False
18255,2022,Marine LE PEN,Marine LE PEN,True
18257,2022,Emmanuel MACRON,François FILLON,False
18258,2022,Jean-Luc MÉLENCHON,Emmanuel MACRON,False
18259,2022,Marine LE PEN,Marine LE PEN,True
18260,2022,Marine LE PEN,Marine LE PEN,True
18261,2022,Emmanuel MACRON,François FILLON,False
18262,2022,Emmanuel MACRON,François FILLON,False
18263,2022,Emmanuel MACRON,François FILLON,False
18264,2022,Emmanuel MACRON,François FILLON,False
18266,2022,Emmanuel MACRON,François FILLON,False
18267,2022,Marine LE PEN,Marine LE PEN,True
18268,2022,Marine LE PEN,Marine LE PEN,True
18269,2022,Marine LE PEN,Marine LE PEN,True
18270,2022,Emmanuel MACRON,François FILLON,False
18271,2022,Emmanuel MACRON,François FILLON,False
18272,2022,Emmanuel MACRON,François FILLON,False
18274,2022,Marine LE PEN,Marine LE PEN,True
18275,2022,Jean-Luc MÉLENCHON,François FILLON,False
18276,2022,Emmanuel MACRON,François FILLON,False
18277,2022,Emmanuel MACRON,François FILLON,False
18278,2022,Marine LE PEN,Marine LE PEN,True
18279,2022,Emmanuel MACRON,François FILLON,False
18280,2022,Emmanuel MACRON,François FILLON,False
18281,2022,Marine LE PEN,Marine LE PEN,True
18282,2022,Marine LE PEN,Marine LE PEN,True
18283,2022,Marine LE PEN,Marine LE PEN,True
18284,2022,Emmanuel MACRON,François FILLON,False
18285,2022,Marine LE PEN,Marine LE PEN,True
18286,2022,Emmanuel MACRON,François FILLON,False
18287,2022,Marine LE PEN,Marine LE PEN,True
18288,2022,Marine LE PEN,Marine LE PEN,True
18289,2022,Emmanuel MACRON,François FILLON,False
18290,2022,Emmanuel MACRON,François FILLON,False
18291,2022,Marine LE PEN,Marine LE PEN,True
18292,2022,Emmanuel MACRON,François FILLON,False
18293,2022,Emmanuel MACRON,François FILLON,False
18294,2022,Marine LE PEN,Marine LE PEN,True
18295,2022,Marine LE PEN,Marine LE PEN,True
18296,2022,Emmanuel MACRON,François FILLON,False
18297,2022,Marine LE PEN,Marine LE PEN,True
18298,2022,Emmanuel MACRON,François FILLON,False
18299,2022,Marine LE PEN,Marine LE PEN,True
18300,2022,Emmanuel MACRON,François FILLON,False
18301,2022,Emmanuel MACRON,François FILLON,False
18303,2022,Marine LE PEN,Marine LE PEN,True
18304,2022,Emmanuel MACRON,François FILLON,False
18305,2022,Emmanuel MACRON,François FILLON,False
18306,2022,Emmanuel MACRON,François FILLON,False
18307,2022,Emmanuel MACRON,François FILLON,False
18308,2022,Marine LE PEN,Marine LE PEN,True
18309,2022,Marine LE PEN,Marine LE PEN,True
18310,2022,Emmanuel MACRON,François FILLON,False
18311,2022,Emmanuel MACRON,François FILLON,False
18312,2022,Emmanuel MACRON,François FILLON,False
18313,2022,Emmanuel MACRON,François FILLON,False
18314,2022,Marine LE PEN,Marine LE PEN,True
18315,2022,Emmanuel MACRON,François FILLON,False
18316,2022,Emmanuel MACRON,François FILLON,False
18318,2022,Emmanuel MACRON,François FILLON,False
18319,2022,Emmanuel MACRON,François FILLON,False
18320,2022,Emmanuel MACRON,François FILLON,False
18321,2022,Emmanuel MACRON,François FILLON,False
18322,2022,Emmanuel MACRON,François FILLON,False
18323,2022,Marine LE PEN,Marine LE PEN,True
18324,2022,Marine LE PEN,Marine LE PEN,True
18325,2022,Emmanuel MACRON,François FILLON,False
18326,2022,Emmanuel MACRON,François FILLON,False
18327,2022,Marine LE PEN,Marine LE PEN,True
18329,2022,Emmanuel MACRON,François FILLON,False
18330,2022,Emmanuel MACRON,François FILLON,False
18331,2022,Emmanuel MACRON,François FILLON,False
18332,2022,Marine LE PEN,Marine LE PEN,True
18333,2022,Emmanuel MACRON,François FILLON,False
18334,2022,Emmanuel MACRON,François FILLON,False
18336,2022,Marine LE PEN,Marine LE PEN,True
18337,2022,Marine LE PEN,Marine LE PEN,True
18338,2022,Emmanuel MACRON,François FILLON,False
18339,2022,Emmanuel MACRON,François FILLON,False
18340,2022,Emmanuel MACRON,François FILLON,False
18341,2022,Emmanuel MACRON,François FILLON,False
18342,2022,Marine LE PEN,Marine LE PEN,True
18343,2022,Marine LE PEN,Marine LE PEN,True
18344,2022,Emmanuel MACRON,François FILLON,False
18345,2022,Emmanuel MACRON,François FILLON,False
18346,2022,Emmanuel MACRON,François FILLON,False
18347,2022,Emmanuel MACRON,François FILLON,False
18348,2022,Emmanuel MACRON,François FILLON,False
18349,2022,Emmanuel MACRON,François FILLON,False
18350,2022,Emmanuel MACRON,François FILLON,False
18351,2022,Emmanuel MACRON,François FILLON,False
18352,2022,Marine LE PEN,Marine LE PEN,True
18353,2022,Emmanuel MACRON,François FILLON,False
18354,2022,Emmanuel MACRON,François FILLON,False
18355,2022,Emmanuel MACRON,François FILLON,False
18356,2022,Emmanuel MACRON,François FILLON,False
18357,2022,Emmanuel MACRON,François FILLON,False
18358,2022,Emmanuel MACRON,François FILLON,False
18359,2022,Emmanuel MACRON,François FILLON,False
18360,2022,Emmanuel MACRON,François FILLON,False
18361,2022,Marine LE PEN,Marine LE PEN,True
18362,2022,Marine LE PEN,Marine LE PEN,True
18363,2022,Emmanuel MACRON,François FILLON,False
18364,2022,Marine LE PEN,Marine LE PEN,True
18365,2022,Emmanuel MACRON,François FILLON,False
18366,2022,Emmanuel MACRON,François FILLON,False
18367,2022,Marine LE PEN,Marine LE PEN,True
18368,2022,Emmanuel MACRON,François FILLON,False
18369,2022,Marine LE PEN,Marine LE PEN,True
18371,2022,Emmanuel MACRON,François FILLON,False
18372,2022,Emmanuel MACRON,François FILLON,False
18373,2022,Emmanuel MACRON,François FILLON,False
18374,2022,Marine LE PEN,Marine LE PEN,True
18375,2022,Marine LE PEN,Marine LE PEN,True
18376,2022,Emmanuel MACRON,François FILLON,False
18377,2022,Marine LE PEN,Marine LE PEN,True
18379,2022,Emmanuel MACRON,François FILLON,False
18381,2022,Emmanuel MACRON,François FILLON,False
18382,2022,Emmanuel MACRON,François FILLON,False
18383,2022,Emmanuel MACRON,François FILLON,False
18384,2022,Emmanuel MACRON,François FILLON,False
18385,2022,Marine LE PEN,Marine LE PEN,True
18386,2022,Marine LE PEN,Marine LE PEN,True
18387,2022,Emmanuel MACRON,François FILLON,False
18388,2022,Emmanuel MACRON,François FILLON,False
18389,2022,Marine LE PEN,Marine LE PEN,True
18390,2022,Emmanuel MACRON,François FILLON,False
18391,2022,Marine LE PEN,Marine LE PEN,True
18392,2022,Emmanuel MACRON,François FILLON,False
18393,2022,Marine LE PEN,Marine LE PEN,True
18394,2022,Emmanuel MACRON,François FILLON,False
18395,2022,Emmanuel MACRON,François FILLON,False
18396,2022,Emmanuel MACRON,François FILLON,False
18397,2022,Marine LE PEN,Marine LE PEN,True
18399,2022,Marine LE PEN,Marine LE PEN,True
18400,2022,Emmanuel MACRON,François FILLON,False
18401,2022,Emmanuel MACRON,François FILLON,False
18402,2022,Marine LE PEN,Marine LE PEN,True
18403,2022,Emmanuel MACRON,François FILLON,False
18404,2022,Marine LE PEN,Marine LE PEN,True
18405,2022,Emmanuel MACRON,François FILLON,False
18406,2022,Emmanuel MACRON,François FILLON,False
18407,2022,Marine LE PEN,Marine LE PEN,True
18408,2022,Marine LE PEN,Marine LE PEN,True
18409,2022,Emmanuel MACRON,François FILLON,False
18410,2022,Emmanuel MACRON,François FILLON,False
18412,2022,Emmanuel MACRON,François FILLON,False
18413,2022,Emmanuel MACRON,François FILLON,False
18414,2022,Emmanuel MACRON,François FILLON,False
18415,2022,Marine LE PEN,Marine LE PEN,True
18416,2022,Marine LE PEN,Marine LE PEN,True
18417,2022,Emmanuel MACRON,François FILLON,False
18419,2022,Marine LE PEN,Marine LE PEN,True
18420,2022,Emmanuel MACRON,François FILLON,False
18421,2022,Emmanuel MACRON,François FILLON,False
18422,2022,Emmanuel MACRON,François FILLON,False
18423,2022,Emmanuel MACRON,François FILLON,False
18424,2022,Emmanuel MACRON,François FILLON,False
18425,2022,Marine LE PEN,Marine LE PEN,True
18426,2022,Marine LE PEN,Marine LE PEN,True
18427,2022,Marine LE PEN,Marine LE PEN,True
18428,2022,Emmanuel MACRON,François FILLON,False
18429,2022,Marine LE PEN,Marine LE PEN,True
18430,2022,Marine LE PEN,Marine LE PEN,True
18431,2022,Marine LE PEN,Marine LE PEN,True
18432,2022,Marine LE PEN,Marine LE PEN,True
18433,2022,Marine LE PEN,Marine LE PEN,True
18434,2022,Marine LE PEN,Marine LE PEN,True
18435,2022,Emmanuel MACRON,François FILLON,False
18436,2022,Marine LE PEN,Marine LE PEN,True
18437,2022,Emmanuel MACRON,François FILLON,False
18438,2022,Emmanuel MACRON,François FILLON,False
18439,2022,Marine LE PEN,Marine LE PEN,True
18440,2022,Marine LE PEN,Marine LE PEN,True
18441,2022,Marine LE PEN,Marine LE PEN,True
18442,2022,Emmanuel MACRON,François FILLON,False
18443,2022,Emmanuel MACRON,François FILLON,False
18444,2022,Marine LE PEN,Marine LE PEN,True
18445,2022,Marine LE PEN,Marine LE PEN,True
18446,2022,Marine LE PEN,Marine LE PEN,True
18447,2022,Emmanuel MACRON,François FILLON,False
18448,2022,Marine LE PEN,Marine LE PEN,True
18449,2022,Marine LE PEN,Marine LE PEN,True
18450,2022,Marine LE PEN,Marine LE PEN,True
18451,2022,Marine LE PEN,Marine LE PEN,True
18452,2022,Marine LE PEN,Marine LE PEN,True
18453,2022,Marine LE PEN,Marine LE PEN,True
18454,2022,Emmanuel MACRON,François FILLON,False
18455,2022,Marine LE PEN,Marine LE PEN,True
18456,2022,Marine LE PEN,Marine LE PEN,True
18457,2022,Marine LE PEN,Marine LE PEN,True
18458,2022,Marine LE PEN,Marine LE PEN,True
18459,2022,Marine LE PEN,Marine LE PEN,True
18460,2022,Marine LE PEN,Marine LE PEN,True
18461,2022,Marine LE PEN,Marine LE PEN,True
18462,2022,Emmanuel MACRON,François FILLON,False
18463,2022,Marine LE PEN,Marine LE PEN,True
18464,2022,Emmanuel MACRON,François FILLON,False
18465,2022,Marine LE PEN,Marine LE PEN,True
18466,2022,Emmanuel MACRON,François FILLON,False
18467,2022,Jean-Luc MÉLENCHON,François FILLON,False
18468,2022,Emmanuel MACRON,François FILLON,False
18469,2022,Marine LE PEN,Marine LE PEN,True
18470,2022,Marine LE PEN,Marine LE PEN,True
18471,2022,Emmanuel MACRON,François FILLON,False
18472,2022,Emmanuel MACRON,François FILLON,False
18473,2022,Marine LE PEN,Marine LE PEN,True
18474,2022,Marine LE PEN,Marine LE PEN,True
18475,2022,Emmanuel MACRON,François FILLON,False
18476,2022,Marine LE PEN,Marine LE PEN,True
18477,2022,Marine LE PEN,Marine LE PEN,True
18478,2022,Emmanuel MACRON,François FILLON,False
18479,2022,Marine LE PEN,Marine LE PEN,True
18480,2022,Marine LE PEN,Marine LE PEN,True
18481,2022,Emmanuel MACRON,François FILLON,False
18482,2022,Marine LE PEN,Marine LE PEN,True
18483,2022,Marine LE PEN,Marine LE PEN,True
18484,2022,Marine LE PEN,Marine LE PEN,True
18485,2022,Marine LE PEN,Marine LE PEN,True
18486,2022,Marine LE PEN,Marine LE PEN,True
18487,2022,Emmanuel MACRON,François FILLON,False
18488,2022,Marine LE PEN,Marine LE PEN,True
18489,2022,Marine LE PEN,Marine LE PEN,True
18490,2022,Emmanuel MACRON,François FILLON,False
18491,2022,Marine LE PEN,Marine LE PEN,True
18492,2022,Marine LE PEN,Marine LE PEN,True
18493,2022,Emmanuel MACRON,François FILLON,False
18494,2022,Marine LE PEN,Marine LE PEN,True
18495,2022,Emmanuel MACRON,François FILLON,False
18496,2022,Marine LE PEN,Marine LE PEN,True
18497,2022,Marine LE PEN,Marine LE PEN,True
18498,2022,Marine LE PEN,Marine LE PEN,True
18499,2022,Marine LE PEN,Marine LE PEN,True
18500,2022,Marine LE PEN,Marine LE PEN,True
18501,2022,Emmanuel MACRON,François FILLON,False
18502,2022,Marine LE PEN,Marine LE PEN,True
18503,2022,Marine LE PEN,Marine LE PEN,True
18504,2022,Marine LE PEN,Marine LE PEN,True
18505,2022,Marine LE PEN,Marine LE PEN,True
18506,2022,Emmanuel MACRON,François FILLON,False
18507,2022,Marine LE PEN,Marine LE PEN,True
18508,2022,Marine LE PEN,Marine LE PEN,True
18509,2022,Emmanuel MACRON,François FILLON,False
18510,2022,Marine LE PEN,Marine LE PEN,True
18511,2022,Emmanuel MACRON,François FILLON,False
18512,2022,Marine LE PEN,Marine LE PEN,True
18513,2022,Marine LE PEN,Marine LE PEN,True
18514,2022,Marine LE PEN,Marine LE PEN,True
18515,2022,Emmanuel MACRON,François FILLON,False
18516,2022,Marine LE PEN,Marine LE PEN,True
18517,2022,Marine LE PEN,Marine LE PEN,True
18518,2022,Emmanuel MACRON,François FILLON,False
18519,2022,Emmanuel MACRON,François FILLON,False
18520,2022,Marine LE PEN,Marine LE PEN,True
18521,2022,Marine LE PEN,Marine LE PEN,True
18522,2022,Emmanuel MACRON,François FILLON,False
18523,2022,Marine LE PEN,Marine LE PEN,True
18524,2022,Marine LE PEN,Marine LE PEN,True
18525,2022,Emmanuel MACRON,Emmanuel MACRON,True
18526,2022,Emmanuel MACRON,François FILLON,False
18527,2022,Marine LE PEN,Marine LE PEN,True
18528,2022,Marine LE PEN,Marine LE PEN,True
18529,2022,Emmanuel MACRON,François FILLON,False
18530,2022,Marine LE PEN,Marine LE PEN,True
18531,2022,Emmanuel MACRON,François FILLON,False
18532,2022,Marine LE PEN,Marine LE PEN,True
18533,2022,Marine LE PEN,Marine LE PEN,True
18534,2022,Emmanuel MACRON,François FILLON,False
18535,2022,Emmanuel MACRON,François FILLON,False
18536,2022,Marine LE PEN,Marine LE PEN,True
18537,2022,Marine LE PEN,Marine LE PEN,True
18538,2022,Marine LE PEN,Marine LE PEN,True
18539,2022,Marine LE PEN,Marine LE PEN,True
18540,2022,Marine LE PEN,Marine LE PEN,True
18541,2022,Emmanuel MACRON,François FILLON,False
18542,2022,Marine LE PEN,Marine LE PEN,True
18543,2022,Emmanuel MACRON,François FILLON,False
18544,2022,Marine LE PEN,Marine LE PEN,True
18545,2022,Marine LE PEN,Marine LE PEN,True
18546,2022,Marine LE PEN,Marine LE PEN,True
18547,2022,Marine LE PEN,Marine LE PEN,True
18548,2022,Marine LE PEN,Marine LE PEN,True
18549,2022,Marine LE PEN,Marine LE PEN,True
18550,2022,Marine LE PEN,Marine LE PEN,True
18551,2022,Marine LE PEN,Marine LE PEN,True
18552,2022,Emmanuel MACRON,François FILLON,False
18553,2022,Marine LE PEN,Marine LE PEN,True
18554,2022,Marine LE PEN,Marine LE PEN,True
18555,2022,Marine LE PEN,Marine LE PEN,True
18556,2022,Emmanuel MACRON,François FILLON,False
18557,2022,Marine LE PEN,Marine LE PEN,True
18558,2022,Marine LE PEN,Marine LE PEN,True
18559,2022,Emmanuel MACRON,François FILLON,False
18560,2022,Marine LE PEN,Marine LE PEN,True
18561,2022,Emmanuel MACRON,François FILLON,False
18562,2022,Marine LE PEN,Marine LE PEN,True
18563,2022,Marine LE PEN,Marine LE PEN,True
18564,2022,Emmanuel MACRON,François FILLON,False
18565,2022,Marine LE PEN,Marine LE PEN,True
18566,2022,Emmanuel MACRON,François FILLON,False
18567,2022,Marine LE PEN,Marine LE PEN,True
18568,2022,Marine LE PEN,Marine LE PEN,True
18569,2022,Marine LE PEN,Marine LE PEN,True
18570,2022,Marine LE PEN,Marine LE PEN,True
18571,2022,Marine LE PEN,Marine LE PEN,True
18572,2022,Marine LE PEN,Marine LE PEN,True
18573,2022,Emmanuel MACRON,François FILLON,False
18574,2022,Marine LE PEN,Marine LE PEN,True
18575,2022,Marine LE PEN,Marine LE PEN,True
18576,2022,Marine LE PEN,Marine LE PEN,True
18577,2022,Marine LE PEN,Marine LE PEN,True
18578,2022,Marine LE PEN,Marine LE PEN,True
18579,2022,Marine LE PEN,Marine LE PEN,True
18580,2022,Marine LE PEN,Marine LE PEN,True
18581,2022,Emmanuel MACRON,François FILLON,False
18582,2022,Marine LE PEN,Marine LE PEN,True
18583,2022,Marine LE PEN,Marine LE PEN,True
18584,2022,Marine LE PEN,Marine LE PEN,True
18585,2022,Emmanuel MACRON,Emmanuel MACRON,True
18586,2022,Marine LE PEN,Marine LE PEN,True
18587,2022,Emmanuel MACRON,François FILLON,False
18588,2022,Marine LE PEN,Marine LE PEN,True
18589,2022,Marine LE PEN,Marine LE PEN,True
18590,2022,Emmanuel MACRON,François FILLON,False
18591,2022,Marine LE PEN,Marine LE PEN,True
18592,2022,Marine LE PEN,Marine LE PEN,True
18593,2022,Emmanuel MACRON,François FILLON,False
18594,2022,Marine LE PEN,Marine LE PEN,True
18595,2022,Marine LE PEN,Marine LE PEN,True
18596,2022,Marine LE PEN,Marine LE PEN,True
18597,2022,Marine LE PEN,Marine LE PEN,True
18598,2022,Marine LE PEN,Marine LE PEN,True
18599,2022,Marine LE PEN,Marine LE PEN,True
18600,2022,Emmanuel MACRON,François FILLON,False
18601,2022,Emmanuel MACRON,François FILLON,False
18602,2022,Marine LE PEN,Marine LE PEN,True
18603,2022,Marine LE PEN,Marine LE PEN,True
18604,2022,Emmanuel MACRON,François FILLON,False
18605,2022,Marine LE PEN,Marine LE PEN,True
18606,2022,Marine LE PEN,Marine LE PEN,True
18607,2022,Marine LE PEN,Marine LE PEN,True
18608,2022,Marine LE PEN,Marine LE PEN,True
18609,2022,Marine LE PEN,Marine LE PEN,True
18610,2022,Marine LE PEN,Marine LE PEN,True
18611,2022,Marine LE PEN,Marine LE PEN,True
18612,2022,Emmanuel MACRON,François FILLON,False
18613,2022,Marine LE PEN,Marine LE PEN,True
18614,2022,Emmanuel MACRON,François FILLON,False
18615,2022,Marine LE PEN,Marine LE PEN,True
18616,2022,Emmanuel MACRON,François FILLON,False
18617,2022,Marine LE PEN,Marine LE PEN,True
18618,2022,Emmanuel MACRON,François FILLON,False
18619,2022,Marine LE PEN,Marine LE PEN,True
18620,2022,Marine LE PEN,Marine LE PEN,True
18621,2022,Marine LE PEN,Marine LE PEN,True
18622,2022,Emmanuel MACRON,François FILLON,False
18623,2022,Marine LE PEN,Marine LE PEN,True
18624,2022,Marine LE PEN,Marine LE PEN,True
18625,2022,Emmanuel MACRON,François FILLON,False
18626,2022,Marine LE PEN,Marine LE PEN,True
18627,2022,Marine LE PEN,Marine LE PEN,True
18628,2022,Marine LE PEN,Marine LE PEN,True
18629,2022,Marine LE PEN,Marine LE PEN,True
18630,2022,Marine LE PEN,Marine LE PEN,True
18631,2022,Emmanuel MACRON,François FILLON,False
18632,2022,Marine LE PEN,Marine LE PEN,True
18633,2022,Emmanuel MACRON,François FILLON,False
18634,2022,Marine LE PEN,Marine LE PEN,True
18635,2022,Marine LE PEN,Marine LE PEN,True
18636,2022,Marine LE PEN,Marine LE PEN,True
18637,2022,Marine LE PEN,Marine LE PEN,True
18638,2022,Emmanuel MACRON,Jean-Luc MÉLENCHON,False
18639,2022,Emmanuel MACRON,François FILLON,False
18640,2022,Emmanuel MACRON,François FILLON,False
18641,2022,Marine LE PEN,Marine LE PEN,True
18642,2022,Marine LE PEN,Marine LE PEN,True
18643,2022,Marine LE PEN,Marine LE PEN,True
18644,2022,Marine LE PEN,Marine LE PEN,True
18645,2022,Marine LE PEN,Marine LE PEN,True
18646,2022,Marine LE PEN,Marine LE PEN,True
18647,2022,Marine LE PEN,Marine LE PEN,True
18648,2022,Marine LE PEN,Marine LE PEN,True
18649,2022,Marine LE PEN,Marine LE PEN,True
18650,2022,Marine LE PEN,Marine LE PEN,True
18651,2022,Marine LE PEN,Marine LE PEN,True
18652,2022,Emmanuel MACRON,François FILLON,False
18653,2022,Marine LE PEN,Marine LE PEN,True
18654,2022,Marine LE PEN,Marine LE PEN,True
18655,2022,Emmanuel MACRON,François FILLON,False
18656,2022,Marine LE PEN,Marine LE PEN,True
18657,2022,Marine LE PEN,Marine LE PEN,True
18658,2022,Marine LE PEN,Marine LE PEN,True
18659,2022,Emmanuel MACRON,François FILLON,False
18660,2022,Marine LE PEN,Marine LE PEN,True
18661,2022,Marine LE PEN,Marine LE PEN,True
18662,2022,Marine LE PEN,Marine LE PEN,True
18663,2022,Emmanuel MACRON,François FILLON,False
18664,2022,Emmanuel MACRON,François FILLON,False
18665,2022,Marine LE PEN,Marine LE PEN,True
18666,2022,Marine LE PEN,Marine LE PEN,True
18667,2022,Emmanuel MACRON,François FILLON,False
18668,2022,Marine LE PEN,Marine LE PEN,True
18669,2022,Marine LE PEN,Marine LE PEN,True
18670,2022,Marine LE PEN,Marine LE PEN,True
18671,2022,Marine LE PEN,Marine LE PEN,True
18672,2022,Emmanuel MACRON,François FILLON,False
18673,2022,Emmanuel MACRON,François FILLON,False
18674,2022,Marine LE PEN,Marine LE PEN,True
18675,2022,Marine LE PEN,Marine LE PEN,True
18676,2022,Marine LE PEN,Marine LE PEN,True
18678,2022,Marine LE PEN,Marine LE PEN,True
18679,2022,Emmanuel MACRON,François FILLON,False
18680,2022,Marine LE PEN,Marine LE PEN,True
18681,2022,Emmanuel MACRON,François FILLON,False
18682,2022,Marine LE PEN,Marine LE PEN,True
18683,2022,Marine LE PEN,Marine LE PEN,True
18684,2022,Marine LE PEN,Marine LE PEN,True
18685,2022,Marine LE PEN,Marine LE PEN,True
18686,2022,Emmanuel MACRON,François FILLON,False
18687,2022,Marine LE PEN,Marine LE PEN,True
18688,2022,Emmanuel MACRON,François FILLON,False
18689,2022,Emmanuel MACRON,François FILLON,False
18690,2022,Marine LE PEN,Marine LE PEN,True
18691,2022,Emmanuel MACRON,François FILLON,False
18692,2022,Marine LE PEN,Marine LE PEN,True
18693,2022,Emmanuel MACRON,François FILLON,False
18694,2022,Marine LE PEN,Marine LE PEN,True
18695,2022,Marine LE PEN,Marine LE PEN,True
18696,2022,Marine LE PEN,Marine LE PEN,True
18697,2022,Emmanuel MACRON,François FILLON,False
18698,2022,Marine LE PEN,Marine LE PEN,True
18699,2022,Marine LE PEN,Marine LE PEN,True
18700,2022,Emmanuel MACRON,François FILLON,False
18701,2022,Marine LE PEN,Marine LE PEN,True
18702,2022,Marine LE PEN,Marine LE PEN,True
18703,2022,Marine LE PEN,Marine LE PEN,True
18704,2022,Marine LE PEN,Marine LE PEN,True
18705,2022,Marine LE PEN,Marine LE PEN,True
18706,2022,Emmanuel MACRON,François FILLON,False
18707,2022,Emmanuel MACRON,François FILLON,False
18708,2022,Marine LE PEN,Marine LE PEN,True
18709,2022,Marine LE PEN,Marine LE PEN,True
18710,2022,Marine LE PEN,Marine LE PEN,True
18711,2022,Marine LE PEN,Marine LE PEN,True
18712,2022,Marine LE PEN,Marine LE PEN,True
18713,2022,Emmanuel MACRON,François FILLON,False
18714,2022,Emmanuel MACRON,François FILLON,False
18715,2022,Emmanuel MACRON,François FILLON,False
18716,2022,Marine LE PEN,Marine LE PEN,True
18717,2022,Marine LE PEN,Marine LE PEN,True
18718,2022,Marine LE PEN,Marine LE PEN,True
18719,2022,Marine LE PEN,Marine LE PEN,True
18720,2022,Marine LE PEN,Marine LE PEN,True
18721,2022,Marine LE PEN,Marine LE PEN,True
18722,2022,Emmanuel MACRON,François FILLON,False
18723,2022,Emmanuel MACRON,François FILLON,False
18724,2022,Marine LE PEN,Marine LE PEN,True
18725,2022,Marine LE PEN,Marine LE PEN,True
18726,2022,Marine LE PEN,Marine LE PEN,True
18727,2022,Marine LE PEN,Marine LE PEN,True
18728,2022,Marine LE PEN,Marine LE PEN,True
18729,2022,Marine LE PEN,Marine LE PEN,True
18730,2022,Emmanuel MACRON,François FILLON,False
18731,2022,Marine LE PEN,Marine LE PEN,True
18732,2022,Marine LE PEN,Marine LE PEN,True
18733,2022,Marine LE PEN,Marine LE PEN,True
18734,2022,Marine LE PEN,Marine LE PEN,True
18735,2022,Emmanuel MACRON,François FILLON,False
18736,2022,Marine LE PEN,Marine LE PEN,True
18737,2022,Marine LE PEN,Marine LE PEN,True
18738,2022,Marine LE PEN,Marine LE PEN,True
18739,2022,Emmanuel MACRON,François FILLON,False
18740,2022,Marine LE PEN,Marine LE PEN,True
18741,2022,Marine LE PEN,Marine LE PEN,True
18742,2022,Marine LE PEN,Marine LE PEN,True
18743,2022,Emmanuel MACRON,François FILLON,False
18744,2022,Marine LE PEN,Marine LE PEN,True
18745,2022,Emmanuel MACRON,François FILLON,False
18746,2022,Marine LE PEN,Marine LE PEN,True
18747,2022,Marine LE PEN,Marine LE PEN,True
18748,2022,Emmanuel MACRON,François FILLON,False
18749,2022,Marine LE PEN,Marine LE PEN,True
18750,2022,Marine LE PEN,Marine LE PEN,True
18751,2022,Marine LE PEN,Marine LE PEN,True
18752,2022,Marine LE PEN,Marine LE PEN,True
18753,2022,Emmanuel MACRON,François FILLON,False
18754,2022,Marine LE PEN,Marine LE PEN,True
18755,2022,Marine LE PEN,Marine LE PEN,True
18756,2022,Marine LE PEN,Marine LE PEN,True
18757,2022,Marine LE PEN,Marine LE PEN,True
18758,2022,Marine LE PEN,Marine LE PEN,True
18759,2022,Marine LE PEN,Marine LE PEN,True
18760,2022,Marine LE PEN,Marine LE PEN,True
18761,2022,Emmanuel MACRON,François FILLON,False
18762,2022,Emmanuel MACRON,François FILLON,False
18763,2022,Marine LE PEN,Marine LE PEN,True
18764,2022,Emmanuel MACRON,François FILLON,False
18765,2022,Emmanuel MACRON,François FILLON,False
18766,2022,Marine LE PEN,Marine LE PEN,True
18767,2022,Emmanuel MACRON,François FILLON,False
18768,2022,Emmanuel MACRON,François FILLON,False
18769,2022,Marine LE PEN,Marine LE PEN,True
18770,2022,Marine LE PEN,Marine LE PEN,True
18771,2022,Marine LE PEN,Marine LE PEN,True
18772,2022,Marine LE PEN,Marine LE PEN,True
18773,2022,Emmanuel MACRON,François FILLON,False
18774,2022,Emmanuel MACRON,François FILLON,False
18775,2022,Marine LE PEN,Marine LE PEN,True
18776,2022,Marine LE PEN,Marine LE PEN,True
18777,2022,Marine LE PEN,Marine LE PEN,True
18778,2022,Emmanuel MACRON,François FILLON,False
18779,2022,Marine LE PEN,Marine LE PEN,True
18780,2022,Marine LE PEN,Marine LE PEN,True
18781,2022,Marine LE PEN,Marine LE PEN,True
18782,2022,Marine LE PEN,Marine LE PEN,True
18783,2022,Emmanuel MACRON,François FILLON,False
18784,2022,Marine LE PEN,Marine LE PEN,True
18785,2022,Marine LE PEN,Marine LE PEN,True
18786,2022,Marine LE PEN,Marine LE PEN,True
18787,2022,Emmanuel MACRON,François FILLON,False
18788,2022,Emmanuel MACRON,François FILLON,False
18789,2022,Emmanuel MACRON,François FILLON,False
18790,2022,Marine LE PEN,Marine LE PEN,True
18791,2022,Marine LE PEN,Marine LE PEN,True
18792,2022,Marine LE PEN,Marine LE PEN,True
18793,2022,Marine LE PEN,Marine LE PEN,True
18794,2022,Marine LE PEN,Marine LE PEN,True
18795,2022,Marine LE PEN,Marine LE PEN,True
18796,2022,Marine LE PEN,Marine LE PEN,True
18797,2022,Emmanuel MACRON,François FILLON,False
18798,2022,Emmanuel MACRON,François FILLON,False
18799,2022,Marine LE PEN,Marine LE PEN,True
18800,2022,Marine LE PEN,Marine LE PEN,True
18801,2022,Marine LE PEN,Marine LE PEN,True
18802,2022,Marine LE PEN,Marine LE PEN,True
18804,2022,Marine LE PEN,Marine LE PEN,True
18805,2022,Marine LE PEN,Marine LE PEN,True
18806,2022,Marine LE PEN,Marine LE PEN,True
18807,2022,Marine LE PEN,Marine LE PEN,True
18808,2022,Marine LE PEN,Marine LE PEN,True
18809,2022,Marine LE PEN,Marine LE PEN,True
18810,2022,Emmanuel MACRON,François FILLON,False
18811,2022,Emmanuel MACRON,François FILLON,False
18812,2022,Marine LE PEN,Marine LE PEN,True
18813,2022,Marine LE PEN,Marine LE PEN,True
18814,2022,Emmanuel MACRON,François FILLON,False
18815,2022,Marine LE PEN,Marine LE PEN,True
18816,2022,Marine LE PEN,Marine LE PEN,True
18817,2022,Marine LE PEN,Marine LE PEN,True
18818,2022,Marine LE PEN,Marine LE PEN,True
18819,2022,Marine LE PEN,Marine LE PEN,True
18820,2022,Emmanuel MACRON,François FILLON,False
18821,2022,Emmanuel MACRON,François FILLON,False
18822,2022,Marine LE PEN,Marine LE PEN,True
18823,2022,Marine LE PEN,Marine LE PEN,True
18824,2022,Marine LE PEN,Marine LE PEN,True
18825,2022,Marine LE PEN,Marine LE PEN,True
18826,2022,Marine LE PEN,Marine LE PEN,True
18827,2022,Marine LE PEN,Marine LE PEN,True
18828,2022,Emmanuel MACRON,François FILLON,False
18829,2022,Marine LE PEN,Marine LE PEN,True
18830,2022,Emmanuel MACRON,François FILLON,False
18831,2022,Marine LE PEN,Marine LE PEN,True
18832,2022,Marine LE PEN,Marine LE PEN,True
18833,2022,Emmanuel MACRON,François FILLON,False
18834,2022,Marine LE PEN,Marine LE PEN,True
18835,2022,Emmanuel MACRON,François FILLON,False
18836,2022,Emmanuel MACRON,François FILLON,False
18837,2022,Marine LE PEN,Marine LE PEN,True
18838,2022,Marine LE PEN,Marine LE PEN,True
18839,2022,Marine LE PEN,Marine LE PEN,True
18840,2022,Emmanuel MACRON,François FILLON,False
18841,2022,Emmanuel MACRON,François FILLON,False
18842,2022,Marine LE PEN,Marine LE PEN,True
18843,2022,Emmanuel MACRON,François FILLON,False
18844,2022,Emmanuel MACRON,François FILLON,False
18845,2022,Emmanuel MACRON,Emmanuel MACRON,True
18846,2022,Marine LE PEN,Marine LE PEN,True
18847,2022,Marine LE PEN,Marine LE PEN,True
18848,2022,Marine LE PEN,Marine LE PEN,True
18849,2022,Emmanuel MACRON,François FILLON,False
18850,2022,Marine LE PEN,Marine LE PEN,True
18851,2022,Marine LE PEN,Marine LE PEN,True
18852,2022,Emmanuel MACRON,François FILLON,False
18853,2022,Emmanuel MACRON,François FILLON,False
18854,2022,Emmanuel MACRON,François FILLON,False
18855,2022,Marine LE PEN,Marine LE PEN,True
18856,2022,Emmanuel MACRON,François FILLON,False
18857,2022,Emmanuel MACRON,François FILLON,False
18858,2022,Marine LE PEN,Marine LE PEN,True
18859,2022,Emmanuel MACRON,François FILLON,False
18860,2022,Emmanuel MACRON,François FILLON,False
18861,2022,Marine LE PEN,Marine LE PEN,True
18862,2022,Marine LE PEN,Marine LE PEN,True
18863,2022,Marine LE PEN,Marine LE PEN,True
18864,2022,Marine LE PEN,Marine LE PEN,True
18865,2022,Emmanuel MACRON,François FILLON,False
18866,2022,Marine LE PEN,Marine LE PEN,True
18867,2022,Marine LE PEN,Marine LE PEN,True
18868,2022,Emmanuel MACRON,François FILLON,False
18869,2022,Marine LE PEN,Marine LE PEN,True
18870,2022,Marine LE PEN,Marine LE PEN,True
18871,2022,Emmanuel MACRON,François FILLON,False
18872,2022,Marine LE PEN,Marine LE PEN,True
18873,2022,Emmanuel MACRON,François FILLON,False
18874,2022,Marine LE PEN,Marine LE PEN,True
18875,2022,Marine LE PEN,Marine LE PEN,True
18876,2022,Emmanuel MACRON,François FILLON,False
18877,2022,Marine LE PEN,Marine LE PEN,True
18878,2022,Marine LE PEN,Marine LE PEN,True
18879,2022,Emmanuel MACRON,François FILLON,False
18880,2022,Marine LE PEN,Marine LE PEN,True
18881,2022,Emmanuel MACRON,François FILLON,False
18883,2022,Marine LE PEN,Marine LE PEN,True
18884,2022,Marine LE PEN,Marine LE PEN,True
18885,2022,Emmanuel MACRON,François FILLON,False
18886,2022,Marine LE PEN,Marine LE PEN,True
18887,2022,Marine LE PEN,Marine LE PEN,True
18888,2022,Emmanuel MACRON,François FILLON,False
18889,2022,Emmanuel MACRON,François FILLON,False
18890,2022,Marine LE PEN,Marine LE PEN,True
18891,2022,Emmanuel MACRON,François FILLON,False
18892,2022,Marine LE PEN,Marine LE PEN,True
18893,2022,Emmanuel MACRON,Jean-Luc MÉLENCHON,False
18894,2022,Marine LE PEN,Marine LE PEN,True
18895,2022,Marine LE PEN,Marine LE PEN,True
18896,2022,Marine LE PEN,Marine LE PEN,True
18897,2022,Marine LE PEN,Marine LE PEN,True
18898,2022,Marine LE PEN,Marine LE PEN,True
18899,2022,Emmanuel MACRON,François FILLON,False
18900,2022,Marine LE PEN,Marine LE PEN,True
18901,2022,Marine LE PEN,Marine LE PEN,True
18902,2022,Marine LE PEN,Marine LE PEN,True
18903,2022,Emmanuel MACRON,François FILLON,False
18904,2022,Emmanuel MACRON,François FILLON,False
18905,2022,Emmanuel MACRON,François FILLON,False
18906,2022,Marine LE PEN,Marine LE PEN,True
18907,2022,Marine LE PEN,Marine LE PEN,True
18908,2022,Marine LE PEN,Marine LE PEN,True
18909,2022,Marine LE PEN,Marine LE PEN,True
18910,2022,Emmanuel MACRON,François FILLON,False
18911,2022,Marine LE PEN,Marine LE PEN,True
18912,2022,Emmanuel MACRON,François FILLON,False
18913,2022,Marine LE PEN,Marine LE PEN,True
18914,2022,Emmanuel MACRON,François FILLON,False
18915,2022,Marine LE PEN,Marine LE PEN,True
18916,2022,Marine LE PEN,Marine LE PEN,True
18917,2022,Marine LE PEN,Marine LE PEN,True
18918,2022,Marine LE PEN,Marine LE PEN,True
18919,2022,Emmanuel MACRON,François FILLON,False
18920,2022,Emmanuel MACRON,François FILLON,False
18921,2022,Marine LE PEN,Marine LE PEN,True
18922,2022,Marine LE PEN,Marine LE PEN,True
18923,2022,Emmanuel MACRON,François FILLON,False
18924,2022,Marine LE PEN,Marine LE PEN,True
18925,2022,Marine LE PEN,Marine LE PEN,True
18926,2022,Marine LE PEN,Marine LE PEN,True
18927,2022,Marine LE PEN,Marine LE PEN,True
18928,2022,Marine LE PEN,Marine LE PEN,True
18929,2022,Emmanuel MACRON,François FILLON,False
18930,2022,Marine LE PEN,Marine LE PEN,True
18931,2022,Marine LE PEN,Marine LE PEN,True
18932,2022,Marine LE PEN,Marine LE PEN,True
18933,2022,Marine LE PEN,Marine LE PEN,True
18934,2022,Emmanuel MACRON,François FILLON,False
18935,2022,Marine LE PEN,Marine LE PEN,True
18936,2022,Marine LE PEN,Marine LE PEN,True
18937,2022,Marine LE PEN,Marine LE PEN,True
18938,2022,Marine LE PEN,Marine LE PEN,True
18939,2022,Emmanuel MACRON,François FILLON,False
18940,2022,Emmanuel MACRON,François FILLON,False
18941,2022,Marine LE PEN,Marine LE PEN,True
18942,2022,Marine LE PEN,Marine LE PEN,True
18943,2022,Marine LE PEN,Marine LE PEN,True
18944,2022,Marine LE PEN,Marine LE PEN,True
18945,2022,Emmanuel MACRON,Emmanuel MACRON,True
18946,2022,Emmanuel MACRON,François FILLON,False
18947,2022,Emmanuel MACRON,François FILLON,False
18948,2022,Marine LE PEN,Marine LE PEN,True
18949,2022,Marine LE PEN,Marine LE PEN,True
18950,2022,Marine LE PEN,Marine LE PEN,True
18951,2022,Emmanuel MACRON,François FILLON,False
18952,2022,Emmanuel MACRON,François FILLON,False
18953,2022,Marine LE PEN,Marine LE PEN,True
18954,2022,Emmanuel MACRON,François FILLON,False
18955,2022,Emmanuel MACRON,François FILLON,False
18956,2022,Emmanuel MACRON,François FILLON,False
18957,2022,Marine LE PEN,Marine LE PEN,True
18958,2022,Marine LE PEN,Marine LE PEN,True
18959,2022,Marine LE PEN,Marine LE PEN,True
18960,2022,Emmanuel MACRON,François FILLON,False
18961,2022,Marine LE PEN,Marine LE PEN,True
18962,2022,Marine LE PEN,Marine LE PEN,True
18963,2022,Marine LE PEN,Marine LE PEN,True
18964,2022,Emmanuel MACRON,François FILLON,False
18965,2022,Marine LE PEN,Marine LE PEN,True
18966,2022,Emmanuel MACRON,François FILLON,False
18967,2022,Marine LE PEN,Marine LE PEN,True
18968,2022,Marine LE PEN,Marine LE PEN,True
18969,2022,Emmanuel MACRON,François FILLON,False
18970,2022,Marine LE PEN,Marine LE PEN,True
18971,2022,Marine LE PEN,Marine LE PEN,True
18972,2022,Marine LE PEN,Marine LE PEN,True
18973,2022,Marine LE PEN,Marine LE PEN,True
18974,2022,Marine LE PEN,Marine LE PEN,True
18975,2022,Marine LE PEN,Marine LE PEN,True
18976,2022,Marine LE PEN,Marine LE PEN,True
18977,2022,Marine LE PEN,Marine LE PEN,True
18978,2022,Marine LE PEN,Marine LE PEN,True
18979,2022,Marine LE PEN,Marine LE PEN,True
18980,2022,Marine LE PEN,Marine LE PEN,True
18981,2022,Marine LE PEN,Marine LE PEN,True
18982,2022,Marine LE PEN,Marine LE PEN,True
18983,2022,Marine LE PEN,Marine LE PEN,True
18984,2022,Marine LE PEN,Marine LE PEN,True
18985,2022,Marine LE PEN,Marine LE PEN,True
18986,2022,Marine LE PEN,Marine LE PEN,True
18987,2022,Marine LE PEN,Marine LE PEN,True
18988,2022,Marine LE PEN,Marine LE PEN,True
18989,2022,Marine LE PEN,Marine LE PEN,True
18990,2022,Marine LE PEN,Marine LE PEN,True
18991,2022,Marine LE PEN,Marine LE PEN,True
18992,2022,Marine LE PEN,Marine LE PEN,True
18993,2022,Emmanuel MACRON,François FILLON,False
18994,2022,Emmanuel MACRON,François FILLON,False
18995,2022,Marine LE PEN,Marine LE PEN,True
18996,2022,Emmanuel MACRON,François FILLON,False
18997,2022,Marine LE PEN,Marine LE PEN,True
18998,2022,Marine LE PEN,Marine LE PEN,True
18999,2022,Marine LE PEN,Marine LE PEN,True
19000,2022,Marine LE PEN,Marine LE PEN,True
19001,2022,Emmanuel MACRON,François FILLON,False
19002,2022,Emmanuel MACRON,François FILLON,False
19003,2022,Marine LE PEN,Marine LE PEN,True
19004,2022,Marine LE PEN,Marine LE PEN,True
19005,2022,Marine LE PEN,Marine LE PEN,True
19006,2022,Marine LE PEN,Marine LE PEN,True
19007,2022,Marine LE PEN,Marine LE PEN,True
19008,2022,Emmanuel MACRON,François FILLON,False
19009,2022,Marine LE PEN,Marine LE PEN,True
19010,2022,Emmanuel MACRON,François FILLON,False
19011,2022,Marine LE PEN,Marine LE PEN,True
19012,2022,Emmanuel MACRON,François FILLON,False
19013,2022,Marine LE PEN,Marine LE PEN,True
19014,2022,Marine LE PEN,Marine LE PEN,True
19015,2022,Marine LE PEN,Marine LE PEN,True
19016,2022,Emmanuel MACRON,François FILLON,False
19017,2022,Marine LE PEN,Marine LE PEN,True
19018,2022,Emmanuel MACRON,François FILLON,False
19019,2022,Marine LE PEN,Marine LE PEN,True
19020,2022,Marine LE PEN,Marine LE PEN,True
19021,2022,Marine LE PEN,Marine LE PEN,True
19022,2022,Marine LE PEN,Marine LE PEN,True
19023,2022,Emmanuel MACRON,François FILLON,False
19024,2022,Marine LE PEN,Marine LE PEN,True
19025,2022,Marine LE PEN,Marine LE PEN,True
19026,2022,Marine LE PEN,Marine LE PEN,True
19027,2022,Marine LE PEN,Marine LE PEN,True
19028,2022,Marine LE PEN,Marine LE PEN,True
19029,2022,Marine LE PEN,Marine LE PEN,True
19031,2022,Emmanuel MACRON,François FILLON,False
19032,2022,Marine LE PEN,Marine LE PEN,True
19033,2022,Marine LE PEN,Marine LE PEN,True
19034,2022,Marine LE PEN,Marine LE PEN,True
19035,2022,Emmanuel MACRON,François FILLON,False
19036,2022,Marine LE PEN,Marine LE PEN,True
19037,2022,Emmanuel MACRON,François FILLON,False
19038,2022,Marine LE PEN,Marine LE PEN,True
19039,2022,Marine LE PEN,Marine LE PEN,True
19040,2022,Marine LE PEN,Marine LE PEN,True
19041,2022,Marine LE PEN,Marine LE PEN,True
19042,2022,Marine LE PEN,Marine LE PEN,True
19043,2022,Marine LE PEN,Marine LE PEN,True
19044,2022,Emmanuel MACRON,François FILLON,False
19045,2022,Marine LE PEN,Marine LE PEN,True
19046,2022,Marine LE PEN,Marine LE PEN,True
19047,2022,Marine LE PEN,Marine LE PEN,True
19048,2022,Marine LE PEN,Marine LE PEN,True
19049,2022,Marine LE PEN,Marine LE PEN,True
19050,2022,Marine LE PEN,Marine LE PEN,True
19051,2022,Emmanuel MACRON,Nicolas DUPONT-AIGNAN,False
19052,2022,Emmanuel MACRON,François FILLON,False
19053,2022,Marine LE PEN,Marine LE PEN,True
19054,2022,Marine LE PEN,Marine LE PEN,True
19055,2022,Emmanuel MACRON,François FILLON,False
19056,2022,Marine LE PEN,Marine LE PEN,True
19057,2022,Marine LE PEN,Marine LE PEN,True
19058,2022,Marine LE PEN,Marine LE PEN,True
19059,2022,Marine LE PEN,Marine LE PEN,True
19060,2022,Marine LE PEN,Marine LE PEN,True
19061,2022,Marine LE PEN,Marine LE PEN,True
19062,2022,Marine LE PEN,Marine LE PEN,True
19063,2022,Marine LE PEN,Marine LE PEN,True
19064,2022,Emmanuel MACRON,François FILLON,False
19065,2022,Marine LE PEN,Marine LE PEN,True
19066,2022,Marine LE PEN,Marine LE PEN,True
19067,2022,Marine LE PEN,Marine LE PEN,True
19068,2022,Marine LE PEN,Marine LE PEN,True
19069,2022,Emmanuel MACRON,François FILLON,False
19070,2022,Marine LE PEN,Marine LE PEN,True
19071,2022,Marine LE PEN,Marine LE PEN,True
19072,2022,Marine LE PEN,Marine LE PEN,True
19073,2022,Emmanuel MACRON,François FILLON,False
19074,2022,Emmanuel MACRON,François FILLON,False
19075,2022,Emmanuel MACRON,François FILLON,False
19076,2022,Marine LE PEN,Marine LE PEN,True
19077,2022,Emmanuel MACRON,François FILLON,False
19078,2022,Marine LE PEN,Marine LE PEN,True
19079,2022,Marine LE PEN,Marine LE PEN,True
19080,2022,Marine LE PEN,Marine LE PEN,True
19081,2022,Marine LE PEN,Marine LE PEN,True
19082,2022,Marine LE PEN,Marine LE PEN,True
19083,2022,Marine LE PEN,Marine LE PEN,True
19084,2022,Jean-Luc MÉLENCHON,François FILLON,False
19085,2022,Marine LE PEN,Marine LE PEN,True
19086,2022,Marine LE PEN,Marine LE PEN,True
19087,2022,Marine LE PEN,Marine LE PEN,True
19088,2022,Marine LE PEN,Marine LE PEN,True
19089,2022,Marine LE PEN,Marine LE PEN,True
19090,2022,Marine LE PEN,Marine LE PEN,True
19091,2022,Marine LE PEN,Marine LE PEN,True
19092,2022,Emmanuel MACRON,François FILLON,False
19093,2022,Marine LE PEN,Marine LE PEN,True
19094,2022,Marine LE PEN,Marine LE PEN,True
19095,2022,Marine LE PEN,Marine LE PEN,True
19096,2022,Emmanuel MACRON,François FILLON,False
19097,2022,Marine LE PEN,Marine LE PEN,True
19098,2022,Marine LE PEN,Marine LE PEN,True
19099,2022,Marine LE PEN,Marine LE PEN,True
19100,2022,Marine LE PEN,Marine LE PEN,True
19101,2022,Marine LE PEN,Marine LE PEN,True
19102,2022,Emmanuel MACRON,François FILLON,False
19103,2022,Marine LE PEN,Marine LE PEN,True
19104,2022,Marine LE PEN,Marine LE PEN,True
19105,2022,Emmanuel MACRON,Nicolas DUPONT-AIGNAN,False
19106,2022,Marine LE PEN,Marine LE PEN,True
19107,2022,Marine LE PEN,Marine LE PEN,True
19108,2022,Emmanuel MACRON,François FILLON,False
19109,2022,Marine LE PEN,Marine LE PEN,True
19110,2022,Emmanuel MACRON,François FILLON,False
19111,2022,Marine LE PEN,Marine LE PEN,True
19112,2022,Marine LE PEN,Marine LE PEN,True
19113,2022,Emmanuel MACRON,François FILLON,False
19114,2022,Marine LE PEN,Marine LE PEN,True
19115,2022,Marine LE PEN,Marine LE PEN,True
19116,2022,Marine LE PEN,Marine LE PEN,True
19117,2022,Emmanuel MACRON,François FILLON,False
19118,2022,Emmanuel MACRON,François FILLON,False
19119,2022,Marine LE PEN,Marine LE PEN,True
19120,2022,Marine LE PEN,Marine LE PEN,True
19121,2022,Marine LE PEN,Marine LE PEN,True
19122,2022,Marine LE PEN,Marine LE PEN,True
19123,2022,Marine LE PEN,Marine LE PEN,True
19124,2022,Marine LE PEN,Marine LE PEN,True
19125,2022,Jean-Luc MÉLENCHON,Emmanuel MACRON,False
19126,2022,Marine LE PEN,Marine LE PEN,True
19127,2022,Marine LE PEN,Marine LE PEN,True
19128,2022,Marine LE PEN,Marine LE PEN,True
19129,2022,Emmanuel MACRON,François FILLON,False
19130,2022,Marine LE PEN,Marine LE PEN,True
19131,2022,Marine LE PEN,Marine LE PEN,True
19132,2022,Marine LE PEN,Marine LE PEN,True
19133,2022,Marine LE PEN,Marine LE PEN,True
19134,2022,Emmanuel MACRON,Emmanuel MACRON,True
19135,2022,Marine LE PEN,Marine LE PEN,True
19136,2022,Marine LE PEN,Marine LE PEN,True
19137,2022,Emmanuel MACRON,François FILLON,False
19138,2022,Emmanuel MACRON,François FILLON,False
19139,2022,Marine LE PEN,Marine LE PEN,True
19140,2022,Marine LE PEN,Marine LE PEN,True
19141,2022,Emmanuel MACRON,François FILLON,False
19142,2022,Marine LE PEN,Marine LE PEN,True
19143,2022,Marine LE PEN,Marine LE PEN,True
19144,2022,Marine LE PEN,Marine LE PEN,True
19145,2022,Marine LE PEN,Marine LE PEN,True
19146,2022,Emmanuel MACRON,François FILLON,False
19147,2022,Marine LE PEN,Marine LE PEN,True
19148,2022,Marine LE PEN,Marine LE PEN,True
19149,2022,Emmanuel MACRON,François FILLON,False
19150,2022,Emmanuel MACRON,François FILLON,False
19151,2022,Emmanuel MACRON,François FILLON,False
19152,2022,Marine LE PEN,Marine LE PEN,True
19153,2022,Marine LE PEN,Marine LE PEN,True
19154,2022,Marine LE PEN,Marine LE PEN,True
19155,2022,Marine LE PEN,Marine LE PEN,True
19156,2022,Marine LE PEN,Marine LE PEN,True
19157,2022,Emmanuel MACRON,François FILLON,False
19158,2022,Marine LE PEN,Marine LE PEN,True
19159,2022,Marine LE PEN,Marine LE PEN,True
19160,2022,Marine LE PEN,Marine LE PEN,True
19161,2022,Marine LE PEN,Marine LE PEN,True
19162,2022,Emmanuel MACRON,François FILLON,False
19163,2022,Marine LE PEN,Marine LE PEN,True
19164,2022,Emmanuel MACRON,François FILLON,False
19165,2022,Marine LE PEN,Marine LE PEN,True
19166,2022,Marine LE PEN,Marine LE PEN,True
19167,2022,Emmanuel MACRON,François FILLON,False
19168,2022,Marine LE PEN,Marine LE PEN,True
19169,2022,Marine LE PEN,Marine LE PEN,True
19170,2022,Emmanuel MACRON,François FILLON,False
19171,2022,Marine LE PEN,Marine LE PEN,True
19173,2022,Marine LE PEN,Marine LE PEN,True
19174,2022,Marine LE PEN,Marine LE PEN,True
19175,2022,Marine LE PEN,Marine LE PEN,True
19176,2022,Marine LE PEN,Marine LE PEN,True
19177,2022,Marine LE PEN,Marine LE PEN,True
19178,2022,Marine LE PEN,Marine LE PEN,True
19179,2022,Marine LE PEN,Marine LE PEN,True
19180,2022,Marine LE PEN,Marine LE PEN,True
19181,2022,Marine LE PEN,Marine LE PEN,True
19182,2022,Jean-Luc MÉLENCHON,François FILLON,False
19183,2022,Marine LE PEN,Marine LE PEN,True
19184,2022,Marine LE PEN,Marine LE PEN,True
19185,2022,Marine LE PEN,Marine LE PEN,True
19186,2022,Marine LE PEN,Marine LE PEN,True
19187,2022,Marine LE PEN,Marine LE PEN,True
19188,2022,Marine LE PEN,Marine LE PEN,True
19189,2022,Emmanuel MACRON,François FILLON,False
19190,2022,Marine LE PEN,Marine LE PEN,True
19191,2022,Emmanuel MACRON,François FILLON,False
19192,2022,Marine LE PEN,Marine LE PEN,True
19193,2022,Marine LE PEN,Marine LE PEN,True
19194,2022,Marine LE PEN,Marine LE PEN,True
19195,2022,Marine LE PEN,Marine LE PEN,True
19196,2022,Marine LE PEN,Marine LE PEN,True
19197,2022,Marine LE PEN,Marine LE PEN,True
19198,2022,Marine LE PEN,Marine LE PEN,True
19199,2022,Marine LE PEN,Marine LE PEN,True
19200,2022,Marine LE PEN,Marine LE PEN,True
19201,2022,Emmanuel MACRON,François FILLON,False
19202,2022,Marine LE PEN,Marine LE PEN,True
19203,2022,Marine LE PEN,Marine LE PEN,True
19204,2022,Marine LE PEN,Marine LE PEN,True
19205,2022,Marine LE PEN,Marine LE PEN,True
19206,2022,Marine LE PEN,Marine LE PEN,True
19207,2022,Marine LE PEN,Marine LE PEN,True
19208,2022,Marine LE PEN,Marine LE PEN,True
19209,2022,Marine LE PEN,Marine LE PEN,True
19210,2022,Marine LE PEN,Marine LE PEN,True
19211,2022,Marine LE PEN,Marine LE PEN,True
19212,2022,Marine LE PEN,Marine LE PEN,True
19213,2022,Emmanuel MACRON,François FILLON,False
19214,2022,Emmanuel MACRON,François FILLON,False
19215,2022,Marine LE PEN,Marine LE PEN,True
19216,2022,Marine LE PEN,Marine LE PEN,True
19217,2022,Emmanuel MACRON,François FILLON,False
19219,2022,Marine LE PEN,Marine LE PEN,True
19220,2022,Marine LE PEN,Marine LE PEN,True
19221,2022,Marine LE PEN,Marine LE PEN,True
19222,2022,Marine LE PEN,Marine LE PEN,True
19223,2022,Marine LE PEN,Marine LE PEN,True
19224,2022,Marine LE PEN,Marine LE PEN,True
19225,2022,Marine LE PEN,Marine LE PEN,True
19226,2022,Marine LE PEN,Marine LE PEN,True
19227,2022,Marine LE PEN,Marine LE PEN,True
19228,2022,Marine LE PEN,Marine LE PEN,True
19229,2022,Marine LE PEN,Marine LE PEN,True
19230,2022,Marine LE PEN,Marine LE PEN,True
19231,2022,Marine LE PEN,Marine LE PEN,True
19232,2022,Marine LE PEN,Marine LE PEN,True
19233,2022,Marine LE PEN,Marine LE PEN,True
19234,2022,Marine LE PEN,Marine LE PEN,True
19235,2022,Marine LE PEN,Marine LE PEN,True
19236,2022,Marine LE PEN,Marine LE PEN,True
19237,2022,Marine LE PEN,Marine LE PEN,True
19238,2022,Marine LE PEN,Marine LE PEN,True
19239,2022,Marine LE PEN,Marine LE PEN,True
19240,2022,Marine LE PEN,Marine LE PEN,True
19241,2022,Marine LE PEN,Marine LE PEN,True
19242,2022,Marine LE PEN,Marine LE PEN,True
19243,2022,Emmanuel MACRON,François FILLON,False
19244,2022,Marine LE PEN,Marine LE PEN,True
19245,2022,Marine LE PEN,Marine LE PEN,True
19246,2022,Marine LE PEN,Marine LE PEN,True
19247,2022,Marine LE PEN,Marine LE PEN,True
19248,2022,Marine LE PEN,Marine LE PEN,True
19249,2022,Marine LE PEN,Marine LE PEN,True
19250,2022,Emmanuel MACRON,François FILLON,False
19251,2022,Marine LE PEN,Marine LE PEN,True
19252,2022,Marine LE PEN,Marine LE PEN,True
19253,2022,Marine LE PEN,Marine LE PEN,True
19254,2022,Emmanuel MACRON,François FILLON,False
19255,2022,Marine LE PEN,Marine LE PEN,True
19256,2022,Marine LE PEN,Marine LE PEN,True
19257,2022,Marine LE PEN,Marine LE PEN,True
19258,2022,Marine LE PEN,Marine LE PEN,True
19259,2022,Marine LE PEN,Marine LE PEN,True
19260,2022,Marine LE PEN,Marine LE PEN,True
19261,2022,Marine LE PEN,Marine LE PEN,True
19262,2022,Marine LE PEN,Marine LE PEN,True
19263,2022,Marine LE PEN,Marine LE PEN,True
19264,2022,Marine LE PEN,Marine LE PEN,True
19265,2022,Marine LE PEN,Marine LE PEN,True
19266,2022,Marine LE PEN,Marine LE PEN,True
19267,2022,Marine LE PEN,Marine LE PEN,True
19268,2022,Marine LE PEN,Marine LE PEN,True
19269,2022,Marine LE PEN,Marine LE PEN,True
19270,2022,Marine LE PEN,Marine LE PEN,True
19271,2022,Marine LE PEN,Marine LE PEN,True
19272,2022,Emmanuel MACRON,François FILLON,False
19273,2022,Emmanuel MACRON,François FILLON,False
19274,2022,Marine LE PEN,Marine LE PEN,True
19275,2022,Marine LE PEN,Marine LE PEN,True
19276,2022,Marine LE PEN,Marine LE PEN,True
19277,2022,Marine LE PEN,Marine LE PEN,True
19278,2022,Marine LE PEN,Marine LE PEN,True
19279,2022,Marine LE PEN,Marine LE PEN,True
19280,2022,Marine LE PEN,Marine LE PEN,True
19281,2022,Marine LE PEN,Marine LE PEN,True
19282,2022,Marine LE PEN,Marine LE PEN,True
19283,2022,Marine LE PEN,Marine LE PEN,True
19284,2022,Marine LE PEN,Marine LE PEN,True
19285,2022,Emmanuel MACRON,François FILLON,False
19286,2022,Marine LE PEN,Marine LE PEN,True
19287,2022,Marine LE PEN,Marine LE PEN,True
19288,2022,Marine LE PEN,Marine LE PEN,True
19289,2022,Marine LE PEN,Marine LE PEN,True
19290,2022,Marine LE PEN,Marine LE PEN,True
19291,2022,Marine LE PEN,Marine LE PEN,True
19292,2022,Marine LE PEN,Marine LE PEN,True
19293,2022,Marine LE PEN,Marine LE PEN,True
19294,2022,Emmanuel MACRON,François FILLON,False
19295,2022,Marine LE PEN,Marine LE PEN,True
19296,2022,Marine LE PEN,Marine LE PEN,True
19297,2022,Marine LE PEN,Marine LE PEN,True
19298,2022,Marine LE PEN,Marine LE PEN,True
19299,2022,Marine LE PEN,Marine LE PEN,True
19300,2022,Marine LE PEN,Marine LE PEN,True
19301,2022,Marine LE PEN,Marine LE PEN,True
19302,2022,Marine LE PEN,Marine LE PEN,True
19303,2022,Marine LE PEN,Marine LE PEN,True
19304,2022,Marine LE PEN,Marine LE PEN,True
19305,2022,Marine LE PEN,Marine LE PEN,True
19306,2022,Emmanuel MACRON,François FILLON,False
19307,2022,Marine LE PEN,Marine LE PEN,True
19308,2022,Marine LE PEN,Marine LE PEN,True
19309,2022,Marine LE PEN,Marine LE PEN,True
19310,2022,Emmanuel MACRON,François FILLON,False
19311,2022,Marine LE PEN,Marine LE PEN,True
19312,2022,Marine LE PEN,Marine LE PEN,True
19313,2022,Marine LE PEN,Marine LE PEN,True
19314,2022,Marine LE PEN,Marine LE PEN,True
19315,2022,Marine LE PEN,Marine LE PEN,True
19316,2022,Marine LE PEN,Marine LE PEN,True
19317,2022,Marine LE PEN,Marine LE PEN,True
19318,2022,Marine LE PEN,Marine LE PEN,True
19319,2022,Marine LE PEN,Marine LE PEN,True
19320,2022,Marine LE PEN,Marine LE PEN,True
19321,2022,Marine LE PEN,Marine LE PEN,True
19322,2022,Jean-Luc MÉLENCHON,François FILLON,False
19323,2022,Emmanuel MACRON,François FILLON,False
19324,2022,Marine LE PEN,Marine LE PEN,True
19325,2022,Marine LE PEN,Marine LE PEN,True
19326,2022,Marine LE PEN,Marine LE PEN,True
19327,2022,Marine LE PEN,Marine LE PEN,True
19328,2022,Marine LE PEN,Marine LE PEN,True
19329,2022,Marine LE PEN,Marine LE PEN,True
19330,2022,Marine LE PEN,Marine LE PEN,True
19331,2022,Marine LE PEN,Marine LE PEN,True
19332,2022,Marine LE PEN,Marine LE PEN,True
19333,2022,Marine LE PEN,Marine LE PEN,True
19334,2022,Marine LE PEN,Marine LE PEN,True
19335,2022,Marine LE PEN,Marine LE PEN,True
19336,2022,Marine LE PEN,Marine LE PEN,True
19337,2022,Emmanuel MACRON,François FILLON,False
19338,2022,Emmanuel MACRON,François FILLON,False
19339,2022,Marine LE PEN,Marine LE PEN,True
19340,2022,Marine LE PEN,Marine LE PEN,True
19341,2022,Marine LE PEN,Marine LE PEN,True
19342,2022,Marine LE PEN,Marine LE PEN,True
19343,2022,Emmanuel MACRON,François FILLON,False
19344,2022,Marine LE PEN,Marine LE PEN,True
19345,2022,Marine LE PEN,Marine LE PEN,True
19346,2022,Marine LE PEN,Marine LE PEN,True
19347,2022,Emmanuel MACRON,François FILLON,False
19348,2022,Marine LE PEN,Marine LE PEN,True
19349,2022,Marine LE PEN,Marine LE PEN,True
19350,2022,Marine LE PEN,Marine LE PEN,True
19351,2022,Marine LE PEN,Marine LE PEN,True
19352,2022,Marine LE PEN,Marine LE PEN,True
19353,2022,Marine LE PEN,Marine LE PEN,True
19354,2022,Marine LE PEN,Marine LE PEN,True
19355,2022,Marine LE PEN,Marine LE PEN,True
19356,2022,Marine LE PEN,Marine LE PEN,True
19357,2022,Marine LE PEN,Marine LE PEN,True
19358,2022,Marine LE PEN,Marine LE PEN,True
19359,2022,Marine LE PEN,Marine LE PEN,True
19360,2022,Marine LE PEN,Marine LE PEN,True
19361,2022,Marine LE PEN,Marine LE PEN,True
19362,2022,Emmanuel MACRON,François FILLON,False
19363,2022,Marine LE PEN,Marine LE PEN,True
19364,2022,Marine LE PEN,Marine LE PEN,True
19365,2022,Marine LE PEN,Marine LE PEN,True
19366,2022,Emmanuel MACRON,François FILLON,False
19367,2022,Marine LE PEN,Marine LE PEN,True
19368,2022,Marine LE PEN,Marine LE PEN,True
19369,2022,Emmanuel MACRON,François FILLON,False
19370,2022,Marine LE PEN,Marine LE PEN,True
19371,2022,Emmanuel MACRON,François FILLON,False
19372,2022,Marine LE PEN,Marine LE PEN,True
19373,2022,Marine LE PEN,Marine LE PEN,True
19374,2022,Marine LE PEN,Marine LE PEN,True
19375,2022,Marine LE PEN,Marine LE PEN,True
19376,2022,Marine LE PEN,Marine LE PEN,True
19377,2022,Emmanuel MACRON,François FILLON,False
19379,2022,Marine LE PEN,Marine LE PEN,True
19380,2022,Emmanuel MACRON,François FILLON,False
19381,2022,Marine LE PEN,Marine LE PEN,True
19382,2022,Marine LE PEN,Marine LE PEN,True
19383,2022,Marine LE PEN,Marine LE PEN,True
19384,2022,Marine LE PEN,Marine LE PEN,True
19385,2022,Marine LE PEN,Marine LE PEN,True
19386,2022,Marine LE PEN,Marine LE PEN,True
19387,2022,Marine LE PEN,Marine LE PEN,True
19388,2022,Marine LE PEN,Marine LE PEN,True
19389,2022,Marine LE PEN,Marine LE PEN,True
19390,2022,Emmanuel MACRON,François FILLON,False
19391,2022,Jean-Luc MÉLENCHON,François FILLON,False
19392,2022,Marine LE PEN,Marine LE PEN,True
19393,2022,Marine LE PEN,Marine LE PEN,True
19394,2022,Marine LE PEN,Marine LE PEN,True
19395,2022,Marine LE PEN,Marine LE PEN,True
19396,2022,Marine LE PEN,Marine LE PEN,True
19397,2022,Marine LE PEN,Marine LE PEN,True
19398,2022,Emmanuel MACRON,François FILLON,False
19399,2022,Marine LE PEN,Marine LE PEN,True
19400,2022,Marine LE PEN,Marine LE PEN,True
19401,2022,Emmanuel MACRON,François FILLON,False
19402,2022,Marine LE PEN,Marine LE PEN,True
19403,2022,Marine LE PEN,Marine LE PEN,True
19404,2022,Marine LE PEN,Marine LE PEN,True
19405,2022,Marine LE PEN,Marine LE PEN,True
19406,2022,Marine LE PEN,Marine LE PEN,True
19407,2022,Marine LE PEN,Marine LE PEN,True
19408,2022,Marine LE PEN,Marine LE PEN,True
19409,2022,Marine LE PEN,Marine LE PEN,True
19410,2022,Marine LE PEN,Marine LE PEN,True
19411,2022,Marine LE PEN,Marine LE PEN,True
19412,2022,Emmanuel MACRON,François FILLON,False
19413,2022,Emmanuel MACRON,François FILLON,False
19414,2022,Marine LE PEN,Marine LE PEN,True
19415,2022,Marine LE PEN,Marine LE PEN,True
19416,2022,Marine LE PEN,Marine LE PEN,True
19417,2022,Marine LE PEN,Marine LE PEN,True
19418,2022,Marine LE PEN,Marine LE PEN,True
19419,2022,Marine LE PEN,Marine LE PEN,True
19420,2022,Marine LE PEN,Marine LE PEN,True
19421,2022,Marine LE PEN,Marine LE PEN,True
19422,2022,Marine LE PEN,Marine LE PEN,True
19423,2022,Emmanuel MACRON,François FILLON,False
19424,2022,Marine LE PEN,Marine LE PEN,True
19425,2022,Marine LE PEN,Marine LE PEN,True
19426,2022,Marine LE PEN,Marine LE PEN,True
19427,2022,Marine LE PEN,Marine LE PEN,True
19428,2022,Marine LE PEN,Marine LE PEN,True
19429,2022,Emmanuel MACRON,Nicolas DUPONT-AIGNAN,False
19430,2022,Marine LE PEN,Marine LE PEN,True
19431,2022,Emmanuel MACRON,François FILLON,False
19432,2022,Marine LE PEN,Marine LE PEN,True
19433,2022,Marine LE PEN,Marine LE PEN,True
19434,2022,Marine LE PEN,Marine LE PEN,True
19435,2022,Marine LE PEN,Marine LE PEN,True
19436,2022,Marine LE PEN,Marine LE PEN,True
19437,2022,Marine LE PEN,Marine LE PEN,True
19438,2022,Emmanuel MACRON,François FILLON,False
19439,2022,Marine LE PEN,Marine LE PEN,True
19440,2022,Emmanuel MACRON,François FILLON,False
19441,2022,Marine LE PEN,Marine LE PEN,True
19442,2022,Marine LE PEN,Marine LE PEN,True
19443,2022,Marine LE PEN,Marine LE PEN,True
19444,2022,Emmanuel MACRON,François FILLON,False
19445,2022,Marine LE PEN,Marine LE PEN,True
19446,2022,Emmanuel MACRON,François FILLON,False
19447,2022,Marine LE PEN,Marine LE PEN,True
19448,2022,Marine LE PEN,Marine LE PEN,True
19449,2022,Emmanuel MACRON,François FILLON,False
19450,2022,Marine LE PEN,Marine LE PEN,True
19451,2022,Marine LE PEN,Marine LE PEN,True
19452,2022,Marine LE PEN,Marine LE PEN,True
19453,2022,Marine LE PEN,Marine LE PEN,True
19454,2022,Marine LE PEN,Marine LE PEN,True
19455,2022,Emmanuel MACRON,François FILLON,False
19456,2022,Marine LE PEN,Marine LE PEN,True
19457,2022,Marine LE PEN,Marine LE PEN,True
19458,2022,Marine LE PEN,Marine LE PEN,True
19459,2022,Marine LE PEN,Marine LE PEN,True
19460,2022,Marine LE PEN,Marine LE PEN,True
19461,2022,Marine LE PEN,Marine LE PEN,True
19462,2022,Emmanuel MACRON,François FILLON,False
19463,2022,Emmanuel MACRON,François FILLON,False
19464,2022,Marine LE PEN,Marine LE PEN,True
19465,2022,Marine LE PEN,Marine LE PEN,True
19466,2022,Emmanuel MACRON,François FILLON,False
19467,2022,Marine LE PEN,Marine LE PEN,True
19468,2022,Emmanuel MACRON,François FILLON,False
19469,2022,Emmanuel MACRON,François FILLON,False
19470,2022,Emmanuel MACRON,François FILLON,False
19472,2022,Emmanuel MACRON,François FILLON,False
19474,2022,Emmanuel MACRON,François FILLON,False
19475,2022,Emmanuel MACRON,François FILLON,False
19476,2022,Emmanuel MACRON,François FILLON,False
19477,2022,Marine LE PEN,Marine LE PEN,True
19478,2022,Emmanuel MACRON,François FILLON,False
19479,2022,Emmanuel MACRON,François FILLON,False
19480,2022,Marine LE PEN,Marine LE PEN,True
19482,2022,Emmanuel MACRON,François FILLON,False
19483,2022,Emmanuel MACRON,François FILLON,False
19484,2022,Emmanuel MACRON,François FILLON,False
19485,2022,Emmanuel MACRON,François FILLON,False
19486,2022,Emmanuel MACRON,François FILLON,False
19487,2022,Emmanuel MACRON,François FILLON,False
19488,2022,Emmanuel MACRON,François FILLON,False
19489,2022,Emmanuel MACRON,François FILLON,False
19490,2022,Emmanuel MACRON,François FILLON,False
19491,2022,Emmanuel MACRON,François FILLON,False
19492,2022,Emmanuel MACRON,François FILLON,False
19493,2022,Emmanuel MACRON,François FILLON,False
19494,2022,Marine LE PEN,Marine LE PEN,True
19495,2022,Emmanuel MACRON,François FILLON,False
19496,2022,Marine LE PEN,Marine LE PEN,True
19497,2022,Marine LE PEN,Marine LE PEN,True
19498,2022,Emmanuel MACRON,Emmanuel MACRON,True
19499,2022,Emmanuel MACRON,François FILLON,False
19500,2022,Emmanuel MACRON,François FILLON,False
19501,2022,Marine LE PEN,Marine LE PEN,True
19502,2022,Emmanuel MACRON,François FILLON,False
19503,2022,Emmanuel MACRON,François FILLON,False
19504,2022,Emmanuel MACRON,François FILLON,False
19505,2022,Emmanuel MACRON,François FILLON,False
19506,2022,Emmanuel MACRON,François FILLON,False
19507,2022,Marine LE PEN,Marine LE PEN,True
19508,2022,Marine LE PEN,Marine LE PEN,True
19509,2022,Emmanuel MACRON,François FILLON,False
19510,2022,Emmanuel MACRON,François FILLON,False
19511,2022,Emmanuel MACRON,François FILLON,False
19512,2022,Emmanuel MACRON,François FILLON,False
19513,2022,Emmanuel MACRON,François FILLON,False
19514,2022,Emmanuel MACRON,François FILLON,False
19515,2022,Emmanuel MACRON,François FILLON,False
19516,2022,Emmanuel MACRON,François FILLON,False
19517,2022,Emmanuel MACRON,François FILLON,False
19518,2022,Emmanuel MACRON,François FILLON,False
19519,2022,Emmanuel MACRON,François FILLON,False
19520,2022,Emmanuel MACRON,François FILLON,False
19521,2022,Emmanuel MACRON,François FILLON,False
19522,2022,Marine LE PEN,Marine LE PEN,True
19523,2022,Emmanuel MACRON,Emmanuel MACRON,True
19524,2022,Emmanuel MACRON,François FILLON,False
19525,2022,Emmanuel MACRON,François FILLON,False
19527,2022,Emmanuel MACRON,François FILLON,False
19528,2022,Marine LE PEN,Marine LE PEN,True
19529,2022,Emmanuel MACRON,François FILLON,False
19530,2022,Emmanuel MACRON,François FILLON,False
19531,2022,Emmanuel MACRON,François FILLON,False
19532,2022,Emmanuel MACRON,François FILLON,False
19533,2022,Emmanuel MACRON,François FILLON,False
19534,2022,Emmanuel MACRON,François FILLON,False
19535,2022,Emmanuel MACRON,François FILLON,False
19536,2022,Marine LE PEN,Marine LE PEN,True
19537,2022,Emmanuel MACRON,François FILLON,False
19538,2022,Emmanuel MACRON,François FILLON,False
19539,2022,Emmanuel MACRON,François FILLON,False
19540,2022,Emmanuel MACRON,François FILLON,False
19541,2022,Emmanuel MACRON,François FILLON,False
19542,2022,Marine LE PEN,Marine LE PEN,True
19543,2022,Emmanuel MACRON,François FILLON,False
19544,2022,Emmanuel MACRON,François FILLON,False
19545,2022,Marine LE PEN,Marine LE PEN,True
19546,2022,Emmanuel MACRON,François FILLON,False
19547,2022,Emmanuel MACRON,François FILLON,False
19548,2022,Emmanuel MACRON,François FILLON,False
19549,2022,Emmanuel MACRON,François FILLON,False
19550,2022,Emmanuel MACRON,François FILLON,False
19552,2022,Emmanuel MACRON,François FILLON,False
19553,2022,Emmanuel MACRON,François FILLON,False
19554,2022,Emmanuel MACRON,François FILLON,False
19555,2022,Emmanuel MACRON,François FILLON,False
19556,2022,Emmanuel MACRON,François FILLON,False
19557,2022,Emmanuel MACRON,François FILLON,False
19558,2022,Emmanuel MACRON,François FILLON,False
19559,2022,Emmanuel MACRON,François FILLON,False
19560,2022,Marine LE PEN,Marine LE PEN,True
19561,2022,Emmanuel MACRON,François FILLON,False
19562,2022,Marine LE PEN,Marine LE PEN,True
19563,2022,Emmanuel MACRON,François FILLON,False
19564,2022,Marine LE PEN,Marine LE PEN,True
19565,2022,Emmanuel MACRON,François FILLON,False
19566,2022,Marine LE PEN,Marine LE PEN,True
19567,2022,Emmanuel MACRON,François FILLON,False
19568,2022,Emmanuel MACRON,François FILLON,False
19569,2022,Emmanuel MACRON,François FILLON,False
19570,2022,Emmanuel MACRON,François FILLON,False
19571,2022,Emmanuel MACRON,François FILLON,False
19572,2022,Marine LE PEN,Marine LE PEN,True
19573,2022,Emmanuel MACRON,François FILLON,False
19574,2022,Emmanuel MACRON,François FILLON,False
19575,2022,Emmanuel MACRON,François FILLON,False
19576,2022,Emmanuel MACRON,François FILLON,False
19577,2022,Emmanuel MACRON,François FILLON,False
19578,2022,Emmanuel MACRON,François FILLON,False
19579,2022,Emmanuel MACRON,François FILLON,False
19580,2022,Emmanuel MACRON,François FILLON,False
19581,2022,Emmanuel MACRON,François FILLON,False
19582,2022,Emmanuel MACRON,François FILLON,False
19583,2022,Emmanuel MACRON,François FILLON,False
19584,2022,Emmanuel MACRON,François FILLON,False
19585,2022,Emmanuel MACRON,François FILLON,False
19586,2022,Emmanuel MACRON,François FILLON,False
19587,2022,Emmanuel MACRON,François FILLON,False
19588,2022,Emmanuel MACRON,Emmanuel MACRON,True
19589,2022,Marine LE PEN,Marine LE PEN,True
19590,2022,Emmanuel MACRON,François FILLON,False
19591,2022,Marine LE PEN,Marine LE PEN,True
19592,2022,Marine LE PEN,Marine LE PEN,True
19593,2022,Emmanuel MACRON,François FILLON,False
19594,2022,Emmanuel MACRON,François FILLON,False
19595,2022,Emmanuel MACRON,François FILLON,False
19597,2022,Emmanuel MACRON,François FILLON,False
19598,2022,Emmanuel MACRON,François FILLON,False
19599,2022,Emmanuel MACRON,François FILLON,False
19600,2022,Marine LE PEN,Marine LE PEN,True
19601,2022,Emmanuel MACRON,François FILLON,False
19602,2022,Emmanuel MACRON,François FILLON,False
19603,2022,Emmanuel MACRON,François FILLON,False
19604,2022,Emmanuel MACRON,François FILLON,False
19605,2022,Emmanuel MACRON,François FILLON,False
19606,2022,Emmanuel MACRON,François FILLON,False
19607,2022,Emmanuel MACRON,François FILLON,False
19608,2022,Emmanuel MACRON,François FILLON,False
19609,2022,Emmanuel MACRON,François FILLON,False
19610,2022,Emmanuel MACRON,François FILLON,False
19611,2022,Emmanuel MACRON,François FILLON,False
19612,2022,Emmanuel MACRON,François FILLON,False
19613,2022,Jean-Luc MÉLENCHON,François FILLON,False
19614,2022,Emmanuel MACRON,François FILLON,False
19615,2022,Emmanuel MACRON,François FILLON,False
19617,2022,Marine LE PEN,Marine LE PEN,True
19618,2022,Emmanuel MACRON,François FILLON,False
19619,2022,Emmanuel MACRON,François FILLON,False
19620,2022,Marine LE PEN,Marine LE PEN,True
19621,2022,Marine LE PEN,Marine LE PEN,True
19622,2022,Emmanuel MACRON,François FILLON,False
19623,2022,Emmanuel MACRON,François FILLON,False
19624,2022,Marine LE PEN,Marine LE PEN,True
19625,2022,Marine LE PEN,Marine LE PEN,True
19626,2022,Emmanuel MACRON,François FILLON,False
19627,2022,Emmanuel MACRON,François FILLON,False
19628,2022,Emmanuel MACRON,François FILLON,False
19629,2022,Emmanuel MACRON,François FILLON,False
19630,2022,Marine LE PEN,Marine LE PEN,True
19631,2022,Emmanuel MACRON,François FILLON,False
19632,2022,Emmanuel MACRON,François FILLON,False
19633,2022,Emmanuel MACRON,François FILLON,False
19634,2022,Emmanuel MACRON,François FILLON,False
19635,2022,Emmanuel MACRON,François FILLON,False
19636,2022,Marine LE PEN,Marine LE PEN,True
19637,2022,Emmanuel MACRON,François FILLON,False
19638,2022,Marine LE PEN,Marine LE PEN,True
19639,2022,Emmanuel MACRON,François FILLON,False
19640,2022,Emmanuel MACRON,François FILLON,False
19641,2022,Emmanuel MACRON,François FILLON,False
19642,2022,Marine LE PEN,Marine LE PEN,True
19643,2022,Emmanuel MACRON,François FILLON,False
19644,2022,Emmanuel MACRON,François FILLON,False
19645,2022,Marine LE PEN,Marine LE PEN,True
19646,2022,Emmanuel MACRON,François FILLON,False
19647,2022,Emmanuel MACRON,François FILLON,False
19648,2022,Emmanuel MACRON,François FILLON,False
19649,2022,Emmanuel MACRON,François FILLON,False
19650,2022,Marine LE PEN,Marine LE PEN,True
19651,2022,Emmanuel MACRON,François FILLON,False
19652,2022,Emmanuel MACRON,François FILLON,False
19653,2022,Emmanuel MACRON,Emmanuel MACRON,True
19654,2022,Emmanuel MACRON,François FILLON,False
19655,2022,Marine LE PEN,Marine LE PEN,True
19656,2022,Emmanuel MACRON,François FILLON,False
19657,2022,Marine LE PEN,Marine LE PEN,True
19659,2022,Marine LE PEN,Marine LE PEN,True
19660,2022,Emmanuel MACRON,François FILLON,False
19661,2022,Emmanuel MACRON,François FILLON,False
19662,2022,Emmanuel MACRON,François FILLON,False
19663,2022,Emmanuel MACRON,François FILLON,False
19664,2022,Emmanuel MACRON,François FILLON,False
19665,2022,Marine LE PEN,Marine LE PEN,True
19667,2022,Emmanuel MACRON,François FILLON,False
19668,2022,Marine LE PEN,Marine LE PEN,True
19669,2022,Emmanuel MACRON,François FILLON,False
19670,2022,Emmanuel MACRON,François FILLON,False
19671,2022,Marine LE PEN,Marine LE PEN,True
19672,2022,Emmanuel MACRON,François FILLON,False
19673,2022,Marine LE PEN,Marine LE PEN,True
19674,2022,Emmanuel MACRON,François FILLON,False
19675,2022,Emmanuel MACRON,François FILLON,False
19676,2022,Emmanuel MACRON,François FILLON,False
19677,2022,Marine LE PEN,Marine LE PEN,True
19678,2022,Emmanuel MACRON,François FILLON,False
19679,2022,Emmanuel MACRON,François FILLON,False
19681,2022,Marine LE PEN,Marine LE PEN,True
19682,2022,Marine LE PEN,Marine LE PEN,True
19683,2022,Emmanuel MACRON,François FILLON,False
19684,2022,Marine LE PEN,Marine LE PEN,True
19685,2022,Marine LE PEN,Marine LE PEN,True
19686,2022,Emmanuel MACRON,François FILLON,False
19687,2022,Emmanuel MACRON,François FILLON,False
19689,2022,Emmanuel MACRON,François FILLON,False
19691,2022,Marine LE PEN,Marine LE PEN,True
19692,2022,Emmanuel MACRON,François FILLON,False
19694,2022,Emmanuel MACRON,François FILLON,False
19695,2022,Emmanuel MACRON,François FILLON,False
19696,2022,Emmanuel MACRON,François FILLON,False
19697,2022,Jean-Luc MÉLENCHON,François FILLON,False
19698,2022,Emmanuel MACRON,François FILLON,False
19699,2022,Emmanuel MACRON,François FILLON,False
19700,2022,Emmanuel MACRON,François FILLON,False
19701,2022,Emmanuel MACRON,François FILLON,False
19703,2022,Emmanuel MACRON,François FILLON,False
19704,2022,Emmanuel MACRON,François FILLON,False
19705,2022,Emmanuel MACRON,François FILLON,False
19706,2022,Emmanuel MACRON,François FILLON,False
19707,2022,Emmanuel MACRON,François FILLON,False
19708,2022,Emmanuel MACRON,François FILLON,False
19709,2022,Marine LE PEN,Marine LE PEN,True
19710,2022,Emmanuel MACRON,François FILLON,False
19711,2022,Marine LE PEN,Marine LE PEN,True
19712,2022,Emmanuel MACRON,François FILLON,False
19713,2022,Marine LE PEN,Marine LE PEN,True
19714,2022,Emmanuel MACRON,François FILLON,False
19715,2022,Emmanuel MACRON,François FILLON,False
19716,2022,Marine LE PEN,Marine LE PEN,True
19717,2022,Emmanuel MACRON,François FILLON,False
19718,2022,Emmanuel MACRON,François FILLON,False
19719,2022,Marine LE PEN,Marine LE PEN,True
19720,2022,Emmanuel MACRON,François FILLON,False
19722,2022,Marine LE PEN,Marine LE PEN,True
19723,2022,Marine LE PEN,Marine LE PEN,True
19724,2022,Emmanuel MACRON,François FILLON,False
19725,2022,Marine LE PEN,Marine LE PEN,True
19726,2022,Marine LE PEN,Marine LE PEN,True
19727,2022,Emmanuel MACRON,François FILLON,False
19728,2022,Emmanuel MACRON,François FILLON,False
19729,2022,Marine LE PEN,Marine LE PEN,True
19730,2022,Marine LE PEN,Marine LE PEN,True
19731,2022,Marine LE PEN,Marine LE PEN,True
19732,2022,Marine LE PEN,Marine LE PEN,True
19733,2022,Marine LE PEN,Marine LE PEN,True
19734,2022,Emmanuel MACRON,François FILLON,False
19735,2022,Marine LE PEN,Marine LE PEN,True
19736,2022,Marine LE PEN,Marine LE PEN,True
19737,2022,Marine LE PEN,Marine LE PEN,True
19738,2022,Marine LE PEN,Marine LE PEN,True
19739,2022,Emmanuel MACRON,François FILLON,False
19740,2022,Marine LE PEN,Marine LE PEN,True
19741,2022,Marine LE PEN,Marine LE PEN,True
19742,2022,Emmanuel MACRON,François FILLON,False
19743,2022,Marine LE PEN,Marine LE PEN,True
19744,2022,Marine LE PEN,Marine LE PEN,True
19745,2022,Emmanuel MACRON,François FILLON,False
19746,2022,Marine LE PEN,Marine LE PEN,True
19747,2022,Emmanuel MACRON,François FILLON,False
19748,2022,Marine LE PEN,Marine LE PEN,True
19749,2022,Marine LE PEN,Marine LE PEN,True
19750,2022,Marine LE PEN,Marine LE PEN,True
19751,2022,Marine LE PEN,Marine LE PEN,True
19752,2022,Marine LE PEN,Marine LE PEN,True
19753,2022,Marine LE PEN,Marine LE PEN,True
19754,2022,Marine LE PEN,Marine LE PEN,True
19755,2022,Marine LE PEN,Marine LE PEN,True
19756,2022,Emmanuel MACRON,François FILLON,False
19757,2022,Marine LE PEN,Marine LE PEN,True
19758,2022,Marine LE PEN,Marine LE PEN,True
19759,2022,Emmanuel MACRON,François FILLON,False
19760,2022,Marine LE PEN,Marine LE PEN,True
19761,2022,Marine LE PEN,Marine LE PEN,True
19762,2022,Marine LE PEN,Marine LE PEN,True
19763,2022,Marine LE PEN,Marine LE PEN,True
19764,2022,Marine LE PEN,Marine LE PEN,True
19765,2022,Emmanuel MACRON,François FILLON,False
19766,2022,Marine LE PEN,Marine LE PEN,True
19767,2022,Marine LE PEN,Marine LE PEN,True
19768,2022,Marine LE PEN,Marine LE PEN,True
19769,2022,Marine LE PEN,Marine LE PEN,True
19770,2022,Marine LE PEN,Marine LE PEN,True
19771,2022,Marine LE PEN,Marine LE PEN,True
19772,2022,Marine LE PEN,Marine LE PEN,True
19773,2022,Marine LE PEN,Marine LE PEN,True
19774,2022,Marine LE PEN,Marine LE PEN,True
19775,2022,Marine LE PEN,Marine LE PEN,True
19776,2022,Marine LE PEN,Marine LE PEN,True
19777,2022,Marine LE PEN,Marine LE PEN,True
19778,2022,Marine LE PEN,Marine LE PEN,True
19779,2022,Marine LE PEN,Marine LE PEN,True
19780,2022,Emmanuel MACRON,François FILLON,False
19781,2022,Marine LE PEN,Marine LE PEN,True
19782,2022,Marine LE PEN,Marine LE PEN,True
19783,2022,Marine LE PEN,Marine LE PEN,True
19784,2022,Emmanuel MACRON,François FILLON,False
19785,2022,Emmanuel MACRON,François FILLON,False
19786,2022,Marine LE PEN,Marine LE PEN,True
19787,2022,Marine LE PEN,Marine LE PEN,True
19788,2022,Marine LE PEN,Marine LE PEN,True
19789,2022,Marine LE PEN,Marine LE PEN,True
19790,2022,Marine LE PEN,Marine LE PEN,True
19791,2022,Emmanuel MACRON,François FILLON,False
19792,2022,Emmanuel MACRON,François FILLON,False
19793,2022,Marine LE PEN,Marine LE PEN,True
19794,2022,Marine LE PEN,Marine LE PEN,True
19795,2022,Marine LE PEN,Marine LE PEN,True
19796,2022,Marine LE PEN,Marine LE PEN,True
19797,2022,Jean-Luc MÉLENCHON,François FILLON,False
19798,2022,Marine LE PEN,Marine LE PEN,True
19799,2022,Marine LE PEN,Marine LE PEN,True
19800,2022,Emmanuel MACRON,François FILLON,False
19801,2022,Marine LE PEN,Marine LE PEN,True
19802,2022,Marine LE PEN,Marine LE PEN,True
19803,2022,Marine LE PEN,Marine LE PEN,True
19804,2022,Marine LE PEN,Marine LE PEN,True
19805,2022,Marine LE PEN,Marine LE PEN,True
19806,2022,Marine LE PEN,Marine LE PEN,True
19807,2022,Marine LE PEN,Marine LE PEN,True
19808,2022,Marine LE PEN,Marine LE PEN,True
19809,2022,Marine LE PEN,Marine LE PEN,True
19810,2022,Marine LE PEN,Marine LE PEN,True
19811,2022,Emmanuel MACRON,François FILLON,False
19812,2022,Emmanuel MACRON,François FILLON,False
19813,2022,Marine LE PEN,Marine LE PEN,True
19814,2022,Marine LE PEN,Marine LE PEN,True
19815,2022,Marine LE PEN,Marine LE PEN,True
19816,2022,Marine LE PEN,Marine LE PEN,True
19817,2022,Jean-Luc MÉLENCHON,François FILLON,False
19818,2022,Marine LE PEN,Marine LE PEN,True
19819,2022,Marine LE PEN,Marine LE PEN,True
19820,2022,Marine LE PEN,Marine LE PEN,True
19821,2022,Marine LE PEN,Marine LE PEN,True
19822,2022,Marine LE PEN,Marine LE PEN,True
19823,2022,Marine LE PEN,Marine LE PEN,True
19824,2022,Emmanuel MACRON,François FILLON,False
19825,2022,Marine LE PEN,Marine LE PEN,True
19826,2022,Marine LE PEN,Marine LE PEN,True
19827,2022,Marine LE PEN,Marine LE PEN,True
19829,2022,Marine LE PEN,Marine LE PEN,True
19830,2022,Emmanuel MACRON,François FILLON,False
19831,2022,Emmanuel MACRON,François FILLON,False
19832,2022,Emmanuel MACRON,François FILLON,False
19833,2022,Marine LE PEN,Marine LE PEN,True
19834,2022,Marine LE PEN,Marine LE PEN,True
19835,2022,Marine LE PEN,Marine LE PEN,True
19836,2022,Marine LE PEN,Marine LE PEN,True
19837,2022,Emmanuel MACRON,François FILLON,False
19838,2022,Marine LE PEN,Marine LE PEN,True
19839,2022,Emmanuel MACRON,François FILLON,False
19840,2022,Marine LE PEN,Marine LE PEN,True
19841,2022,Marine LE PEN,Marine LE PEN,True
19842,2022,Marine LE PEN,Marine LE PEN,True
19843,2022,Emmanuel MACRON,François FILLON,False
19844,2022,Marine LE PEN,Marine LE PEN,True
19845,2022,Marine LE PEN,Marine LE PEN,True
19846,2022,Marine LE PEN,Marine LE PEN,True
19847,2022,Marine LE PEN,Marine LE PEN,True
19848,2022,Marine LE PEN,Marine LE PEN,True
19849,2022,Marine LE PEN,Marine LE PEN,True
19850,2022,Marine LE PEN,Marine LE PEN,True
19851,2022,Marine LE PEN,Marine LE PEN,True
19852,2022,Marine LE PEN,Marine LE PEN,True
19853,2022,Marine LE PEN,Marine LE PEN,True
19854,2022,Marine LE PEN,Marine LE PEN,True
19855,2022,Marine LE PEN,Marine LE PEN,True
19856,2022,Marine LE PEN,Marine LE PEN,True
19857,2022,Marine LE PEN,Marine LE PEN,True
19858,2022,Marine LE PEN,Marine LE PEN,True
19859,2022,Emmanuel MACRON,François FILLON,False
19860,2022,Emmanuel MACRON,François FILLON,False
19861,2022,Marine LE PEN,Marine LE PEN,True
19862,2022,Marine LE PEN,Marine LE PEN,True
19863,2022,Emmanuel MACRON,François FILLON,False
19864,2022,Marine LE PEN,Marine LE PEN,True
19865,2022,Marine LE PEN,Marine LE PEN,True
19866,2022,Marine LE PEN,Marine LE PEN,True
19867,2022,Marine LE PEN,Marine LE PEN,True
19868,2022,Marine LE PEN,Marine LE PEN,True
19869,2022,Emmanuel MACRON,François FILLON,False
19870,2022,Marine LE PEN,Marine LE PEN,True
19871,2022,Marine LE PEN,Marine LE PEN,True
19872,2022,Marine LE PEN,Marine LE PEN,True
19873,2022,Emmanuel MACRON,François FILLON,False
19874,2022,Marine LE PEN,Marine LE PEN,True
19875,2022,Marine LE PEN,Marine LE PEN,True
19876,2022,Marine LE PEN,Marine LE PEN,True
19877,2022,Marine LE PEN,Marine LE PEN,True
19878,2022,Marine LE PEN,Marine LE PEN,True
19879,2022,Marine LE PEN,Marine LE PEN,True
19880,2022,Marine LE PEN,Marine LE PEN,True
19881,2022,Marine LE PEN,Marine LE PEN,True
19882,2022,Marine LE PEN,Marine LE PEN,True
19883,2022,Marine LE PEN,Marine LE PEN,True
19884,2022,Marine LE PEN,Marine LE PEN,True
19885,2022,Marine LE PEN,Marine LE PEN,True
19886,2022,Emmanuel MACRON,François FILLON,False
19887,2022,Emmanuel MACRON,François FILLON,False
19888,2022,Marine LE PEN,Marine LE PEN,True
19889,2022,Marine LE PEN,Marine LE PEN,True
19890,2022,Jean-Luc MÉLENCHON,François FILLON,False
19891,2022,Marine LE PEN,Marine LE PEN,True
19892,2022,Marine LE PEN,Marine LE PEN,True
19893,2022,Marine LE PEN,Marine LE PEN,True
19894,2022,Marine LE PEN,Marine LE PEN,True
19895,2022,Emmanuel MACRON,François FILLON,False
19896,2022,Marine LE PEN,Marine LE PEN,True
19897,2022,Marine LE PEN,Marine LE PEN,True
19898,2022,Marine LE PEN,Marine LE PEN,True
19899,2022,Marine LE PEN,Marine LE PEN,True
19900,2022,Marine LE PEN,Marine LE PEN,True
19901,2022,Marine LE PEN,Marine LE PEN,True
19902,2022,Emmanuel MACRON,François FILLON,False
19903,2022,Jean-Luc MÉLENCHON,François FILLON,False
19904,2022,Marine LE PEN,Marine LE PEN,True
19905,2022,Marine LE PEN,Marine LE PEN,True
19906,2022,Emmanuel MACRON,François FILLON,False
19907,2022,Jean-Luc MÉLENCHON,François FILLON,False
19908,2022,Emmanuel MACRON,François FILLON,False
19909,2022,Marine LE PEN,Marine LE PEN,True
19910,2022,Marine LE PEN,Marine LE PEN,True
19911,2022,Marine LE PEN,Marine LE PEN,True
19912,2022,Marine LE PEN,Marine LE PEN,True
19913,2022,Marine LE PEN,Marine LE PEN,True
19914,2022,Marine LE PEN,Marine LE PEN,True
19915,2022,Emmanuel MACRON,François FILLON,False
19916,2022,Emmanuel MACRON,François FILLON,False
19917,2022,Marine LE PEN,Marine LE PEN,True
19918,2022,Emmanuel MACRON,François FILLON,False
19919,2022,Emmanuel MACRON,François FILLON,False
19920,2022,Marine LE PEN,Marine LE PEN,True
19921,2022,Marine LE PEN,Marine LE PEN,True
19922,2022,Marine LE PEN,Marine LE PEN,True
19923,2022,Marine LE PEN,Marine LE PEN,True
19924,2022,Emmanuel MACRON,François FILLON,False
19925,2022,Emmanuel MACRON,François FILLON,False
19926,2022,Marine LE PEN,Marine LE PEN,True
19927,2022,Marine LE PEN,Marine LE PEN,True
19928,2022,Emmanuel MACRON,François FILLON,False
19929,2022,Marine LE PEN,Marine LE PEN,True
19930,2022,Marine LE PEN,Marine LE PEN,True
19931,2022,Marine LE PEN,Marine LE PEN,True
19932,2022,Marine LE PEN,Marine LE PEN,True
19933,2022,Marine LE PEN,Marine LE PEN,True
19934,2022,Emmanuel MACRON,François FILLON,False
19935,2022,Marine LE PEN,Marine LE PEN,True
19936,2022,Marine LE PEN,Marine LE PEN,True
19937,2022,Marine LE PEN,Marine LE PEN,True
19938,2022,Marine LE PEN,Marine LE PEN,True
19939,2022,Marine LE PEN,Marine LE PEN,True
19940,2022,Marine LE PEN,Marine LE PEN,True
19941,2022,Marine LE PEN,Marine LE PEN,True
19942,2022,Marine LE PEN,Marine LE PEN,True
19943,2022,Emmanuel MACRON,François FILLON,False
19944,2022,Marine LE PEN,Marine LE PEN,True
19945,2022,Marine LE PEN,Marine LE PEN,True
19946,2022,Emmanuel MACRON,François FILLON,False
19947,2022,Jean-Luc MÉLENCHON,François FILLON,False
19948,2022,Emmanuel MACRON,François FILLON,False
19949,2022,Marine LE PEN,Marine LE PEN,True
19950,2022,Marine LE PEN,Marine LE PEN,True
19951,2022,Marine LE PEN,Marine LE PEN,True
19952,2022,Marine LE PEN,Marine LE PEN,True
19953,2022,Marine LE PEN,Marine LE PEN,True
19954,2022,Emmanuel MACRON,François FILLON,False
19955,2022,Emmanuel MACRON,François FILLON,False
19956,2022,Marine LE PEN,Marine LE PEN,True
19957,2022,Marine LE PEN,Marine LE PEN,True
19958,2022,Marine LE PEN,Marine LE PEN,True
19959,2022,Marine LE PEN,Marine LE PEN,True
19960,2022,Emmanuel MACRON,François FILLON,False
19961,2022,Marine LE PEN,Marine LE PEN,True
19962,2022,Marine LE PEN,Marine LE PEN,True
19963,2022,Emmanuel MACRON,François FILLON,False
19964,2022,Marine LE PEN,Marine LE PEN,True
19965,2022,Marine LE PEN,Marine LE PEN,True
19966,2022,Marine LE PEN,Marine LE PEN,True
19967,2022,Marine LE PEN,Marine LE PEN,True
19968,2022,Marine LE PEN,Marine LE PEN,True
19969,2022,Marine LE PEN,Marine LE PEN,True
19970,2022,Marine LE PEN,Marine LE PEN,True
19971,2022,Marine LE PEN,Marine LE PEN,True
19972,2022,Marine LE PEN,Marine LE PEN,True
19973,2022,Marine LE PEN,Marine LE PEN,True
19974,2022,Emmanuel MACRON,François FILLON,False
19975,2022,Marine LE PEN,Marine LE PEN,True
19976,2022,Jean-Luc MÉLENCHON,François FILLON,False
19977,2022,Marine LE PEN,Marine LE PEN,True
19978,2022,Marine LE PEN,Marine LE PEN,True
19979,2022,Emmanuel MACRON,François FILLON,False
19980,2022,Marine LE PEN,Marine LE PEN,True
19981,2022,Marine LE PEN,Marine LE PEN,True
19982,2022,Marine LE PEN,Marine LE PEN,True
19983,2022,Jean-Luc MÉLENCHON,François FILLON,False
19984,2022,Marine LE PEN,Marine LE PEN,True
19985,2022,Marine LE PEN,Marine LE PEN,True
19986,2022,Marine LE PEN,Marine LE PEN,True
19987,2022,Emmanuel MACRON,François FILLON,False
19988,2022,Marine LE PEN,Marine LE PEN,True
19989,2022,Marine LE PEN,Marine LE PEN,True
19990,2022,Emmanuel MACRON,François FILLON,False
19991,2022,Marine LE PEN,Marine LE PEN,True
19992,2022,Emmanuel MACRON,François FILLON,False
19993,2022,Marine LE PEN,Marine LE PEN,True
19994,2022,Marine LE PEN,Marine LE PEN,True
19995,2022,Emmanuel MACRON,Jean-Luc MÉLENCHON,False
19996,2022,Marine LE PEN,Marine LE PEN,True
19997,2022,Marine LE PEN,Marine LE PEN,True
19998,2022,Marine LE PEN,Marine LE PEN,True
19999,2022,Jean-Luc MÉLENCHON,François FILLON,False
20000,2022,Marine LE PEN,Marine LE PEN,True
20001,2022,Marine LE PEN,Marine LE PEN,True
20002,2022,Marine LE PEN,Marine LE PEN,True
20003,2022,Marine LE PEN,Marine LE PEN,True
20004,2022,Marine LE PEN,Marine LE PEN,True
20005,2022,Marine LE PEN,Marine LE PEN,True
20006,2022,Marine LE PEN,Marine LE PEN,True
20007,2022,Marine LE PEN,Marine LE PEN,True
20008,2022,Marine LE PEN,Marine LE PEN,True
20009,2022,Marine LE PEN,Marine LE PEN,True
20010,2022,Emmanuel MACRON,François FILLON,False
20011,2022,Marine LE PEN,Marine LE PEN,True
20012,2022,Marine LE PEN,Marine LE PEN,True
20013,2022,Marine LE PEN,Marine LE PEN,True
20014,2022,Marine LE PEN,Marine LE PEN,True
20015,2022,Marine LE PEN,Marine LE PEN,True
20016,2022,Marine LE PEN,Marine LE PEN,True
20017,2022,Emmanuel MACRON,François FILLON,False
20018,2022,Marine LE PEN,Marine LE PEN,True
20019,2022,Marine LE PEN,Marine LE PEN,True
20020,2022,Emmanuel MACRON,François FILLON,False
20021,2022,Emmanuel MACRON,François FILLON,False
20022,2022,Jean-Luc MÉLENCHON,François FILLON,False
20023,2022,Marine LE PEN,Marine LE PEN,True
20024,2022,Marine LE PEN,Marine LE PEN,True
20025,2022,Emmanuel MACRON,Emmanuel MACRON,True
20026,2022,Emmanuel MACRON,François FILLON,False
20027,2022,Marine LE PEN,Marine LE PEN,True
20028,2022,Marine LE PEN,Marine LE PEN,True
20029,2022,Marine LE PEN,Marine LE PEN,True
20030,2022,Marine LE PEN,Marine LE PEN,True
20031,2022,Emmanuel MACRON,François FILLON,False
20032,2022,Marine LE PEN,Marine LE PEN,True
20033,2022,Marine LE PEN,Marine LE PEN,True
20034,2022,Marine LE PEN,Marine LE PEN,True
20035,2022,Emmanuel MACRON,François FILLON,False
20036,2022,Marine LE PEN,Marine LE PEN,True
20037,2022,Marine LE PEN,Marine LE PEN,True
20038,2022,Marine LE PEN,Marine LE PEN,True
20039,2022,Marine LE PEN,Marine LE PEN,True
20040,2022,Marine LE PEN,Marine LE PEN,True
20041,2022,Jean-Luc MÉLENCHON,François FILLON,False
20042,2022,Marine LE PEN,Marine LE PEN,True
20043,2022,Jean-Luc MÉLENCHON,François FILLON,False
20044,2022,Marine LE PEN,Marine LE PEN,True
20045,2022,Jean-Luc MÉLENCHON,François FILLON,False
20046,2022,Marine LE PEN,Marine LE PEN,True
20047,2022,Emmanuel MACRON,François FILLON,False
20048,2022,Emmanuel MACRON,François FILLON,False
20049,2022,Marine LE PEN,Marine LE PEN,True
20050,2022,Emmanuel MACRON,François FILLON,False
20051,2022,Marine LE PEN,Marine LE PEN,True
20052,2022,Emmanuel MACRON,François FILLON,False
20053,2022,Marine LE PEN,Marine LE PEN,True
20054,2022,Marine LE PEN,Marine LE PEN,True
20055,2022,Marine LE PEN,Marine LE PEN,True
20056,2022,Emmanuel MACRON,François FILLON,False
20057,2022,Marine LE PEN,Marine LE PEN,True
20058,2022,Marine LE PEN,Marine LE PEN,True
20059,2022,Emmanuel MACRON,François FILLON,False
20060,2022,Marine LE PEN,Marine LE PEN,True
20061,2022,Marine LE PEN,Marine LE PEN,True
20062,2022,Marine LE PEN,Marine LE PEN,True
20063,2022,Marine LE PEN,Marine LE PEN,True
20064,2022,Marine LE PEN,Marine LE PEN,True
20065,2022,Marine LE PEN,Marine LE PEN,True
20066,2022,Marine LE PEN,Marine LE PEN,True
20067,2022,Marine LE PEN,Marine LE PEN,True
20068,2022,Marine LE PEN,Marine LE PEN,True
20069,2022,Emmanuel MACRON,François FILLON,False
20070,2022,Marine LE PEN,Marine LE PEN,True
20071,2022,Emmanuel MACRON,François FILLON,False
20072,2022,Marine LE PEN,Marine LE PEN,True
20073,2022,Marine LE PEN,Marine LE PEN,True
20074,2022,Jean-Luc MÉLENCHON,François FILLON,False
20075,2022,Emmanuel MACRON,François FILLON,False
20076,2022,Marine LE PEN,Marine LE PEN,True
20077,2022,Marine LE PEN,Marine LE PEN,True
20078,2022,Marine LE PEN,Marine LE PEN,True
20079,2022,Emmanuel MACRON,François FILLON,False
20080,2022,Emmanuel MACRON,François FILLON,False
20081,2022,Marine LE PEN,Marine LE PEN,True
20082,2022,Marine LE PEN,Marine LE PEN,True
20083,2022,Emmanuel MACRON,François FILLON,False
20084,2022,Marine LE PEN,Marine LE PEN,True
20085,2022,Emmanuel MACRON,François FILLON,False
20086,2022,Marine LE PEN,Marine LE PEN,True
20087,2022,Marine LE PEN,Marine LE PEN,True
20088,2022,Marine LE PEN,Marine LE PEN,True
20089,2022,Marine LE PEN,Marine LE PEN,True
20090,2022,Marine LE PEN,Marine LE PEN,True
20091,2022,Marine LE PEN,Marine LE PEN,True
20092,2022,Marine LE PEN,Marine LE PEN,True
20093,2022,Marine LE PEN,Marine LE PEN,True
20094,2022,Marine LE PEN,Marine LE PEN,True
20095,2022,Marine LE PEN,Marine LE PEN,True
20096,2022,Emmanuel MACRON,François FILLON,False
20097,2022,Marine LE PEN,Marine LE PEN,True
20098,2022,Jean-Luc MÉLENCHON,François FILLON,False
20099,2022,Marine LE PEN,Marine LE PEN,True
20100,2022,Marine LE PEN,Marine LE PEN,True
20101,2022,Emmanuel MACRON,François FILLON,False
20102,2022,Marine LE PEN,Marine LE PEN,True
20103,2022,Marine LE PEN,Marine LE PEN,True
20104,2022,Marine LE PEN,Marine LE PEN,True
20105,2022,Emmanuel MACRON,François FILLON,False
20106,2022,Marine LE PEN,Marine LE PEN,True
20107,2022,Marine LE PEN,Marine LE PEN,True
20108,2022,Marine LE PEN,Marine LE PEN,True
20109,2022,Marine LE PEN,Marine LE PEN,True
20110,2022,Emmanuel MACRON,Emmanuel MACRON,True
20111,2022,Marine LE PEN,Marine LE PEN,True
20112,2022,Marine LE PEN,Marine LE PEN,True
20113,2022,Marine LE PEN,Marine LE PEN,True
20114,2022,Marine LE PEN,Marine LE PEN,True
20115,2022,Marine LE PEN,Marine LE PEN,True
20116,2022,Marine LE PEN,Marine LE PEN,True
20117,2022,Marine LE PEN,Marine LE PEN,True
20118,2022,Marine LE PEN,Marine LE PEN,True
20119,2022,Marine LE PEN,Marine LE PEN,True
20120,2022,Marine LE PEN,Marine LE PEN,True
20121,2022,Marine LE PEN,Marine LE PEN,True
20122,2022,Emmanuel MACRON,François FILLON,False
20123,2022,Marine LE PEN,Marine LE PEN,True
20124,2022,Emmanuel MACRON,François FILLON,False
20125,2022,Marine LE PEN,Marine LE PEN,True
20126,2022,Emmanuel MACRON,François FILLON,False
20127,2022,Jean-Luc MÉLENCHON,François FILLON,False
20128,2022,Marine LE PEN,Marine LE PEN,True
20129,2022,Emmanuel MACRON,François FILLON,False
20130,2022,Marine LE PEN,Marine LE PEN,True
20131,2022,Marine LE PEN,Marine LE PEN,True
20132,2022,Marine LE PEN,Marine LE PEN,True
20133,2022,Marine LE PEN,Marine LE PEN,True
20134,2022,Marine LE PEN,Marine LE PEN,True
20135,2022,Marine LE PEN,Marine LE PEN,True
20136,2022,Marine LE PEN,Marine LE PEN,True
20137,2022,Marine LE PEN,Marine LE PEN,True
20138,2022,Marine LE PEN,Marine LE PEN,True
20139,2022,Marine LE PEN,Marine LE PEN,True
20140,2022,Marine LE PEN,Marine LE PEN,True
20141,2022,Marine LE PEN,Marine LE PEN,True
20142,2022,Emmanuel MACRON,François FILLON,False
20143,2022,Marine LE PEN,Marine LE PEN,True
20144,2022,Marine LE PEN,Marine LE PEN,True
20145,2022,Marine LE PEN,Marine LE PEN,True
20146,2022,Marine LE PEN,Marine LE PEN,True
20147,2022,Marine LE PEN,Marine LE PEN,True
20148,2022,Emmanuel MACRON,François FILLON,False
20149,2022,Emmanuel MACRON,François FILLON,False
20150,2022,Marine LE PEN,Marine LE PEN,True
20151,2022,Emmanuel MACRON,François FILLON,False
20152,2022,Marine LE PEN,Marine LE PEN,True
20153,2022,Marine LE PEN,Marine LE PEN,True
20154,2022,Emmanuel MACRON,François FILLON,False
20155,2022,Marine LE PEN,Marine LE PEN,True
20156,2022,Marine LE PEN,Marine LE PEN,True
20157,2022,Emmanuel MACRON,François FILLON,False
20158,2022,Emmanuel MACRON,François FILLON,False
20159,2022,Marine LE PEN,Marine LE PEN,True
20160,2022,Marine LE PEN,Marine LE PEN,True
20161,2022,Marine LE PEN,Marine LE PEN,True
20162,2022,Emmanuel MACRON,François FILLON,False
20163,2022,Marine LE PEN,Marine LE PEN,True
20164,2022,Marine LE PEN,Marine LE PEN,True
20165,2022,Marine LE PEN,Marine LE PEN,True
20166,2022,Jean-Luc MÉLENCHON,François FILLON,False
20167,2022,Emmanuel MACRON,François FILLON,False
20168,2022,Marine LE PEN,Marine LE PEN,True
20169,2022,Marine LE PEN,Marine LE PEN,True
20170,2022,Marine LE PEN,Marine LE PEN,True
20171,2022,Marine LE PEN,Marine LE PEN,True
20172,2022,Emmanuel MACRON,François FILLON,False
20173,2022,Marine LE PEN,Marine LE PEN,True
20174,2022,Marine LE PEN,Marine LE PEN,True
20175,2022,Marine LE PEN,Marine LE PEN,True
20176,2022,Marine LE PEN,Marine LE PEN,True
20177,2022,Marine LE PEN,Marine LE PEN,True
20178,2022,Marine LE PEN,Marine LE PEN,True
20179,2022,Marine LE PEN,Marine LE PEN,True
20180,2022,Marine LE PEN,Marine LE PEN,True
20181,2022,Emmanuel MACRON,François FILLON,False
20182,2022,Marine LE PEN,Marine LE PEN,True
20183,2022,Marine LE PEN,Marine LE PEN,True
20184,2022,Marine LE PEN,Marine LE PEN,True
20185,2022,Marine LE PEN,Marine LE PEN,True
20186,2022,Marine LE PEN,Marine LE PEN,True
20187,2022,Emmanuel MACRON,François FILLON,False
20188,2022,Marine LE PEN,Marine LE PEN,True
20189,2022,Marine LE PEN,Marine LE PEN,True
20190,2022,Marine LE PEN,Marine LE PEN,True
20191,2022,Marine LE PEN,Marine LE PEN,True
20192,2022,Emmanuel MACRON,François FILLON,False
20193,2022,Marine LE PEN,Marine LE PEN,True
20194,2022,Marine LE PEN,Marine LE PEN,True
20195,2022,Emmanuel MACRON,Jean-Luc MÉLENCHON,False
20196,2022,Marine LE PEN,Marine LE PEN,True
20197,2022,Marine LE PEN,Marine LE PEN,True
20198,2022,Marine LE PEN,Marine LE PEN,True
20199,2022,Marine LE PEN,Marine LE PEN,True
20200,2022,Marine LE PEN,Marine LE PEN,True
20201,2022,Marine LE PEN,Marine LE PEN,True
20202,2022,Marine LE PEN,Marine LE PEN,True
20203,2022,Marine LE PEN,Marine LE PEN,True
20204,2022,Marine LE PEN,Marine LE PEN,True
20205,2022,Marine LE PEN,Marine LE PEN,True
20206,2022,Jean-Luc MÉLENCHON,François FILLON,False
20207,2022,Marine LE PEN,Marine LE PEN,True
20208,2022,Emmanuel MACRON,François FILLON,False
20209,2022,Marine LE PEN,Marine LE PEN,True
20210,2022,Marine LE PEN,Marine LE PEN,True
20211,2022,Emmanuel MACRON,François FILLON,False
20212,2022,Marine LE PEN,Marine LE PEN,True
20213,2022,Marine LE PEN,Marine LE PEN,True
20214,2022,Marine LE PEN,Marine LE PEN,True
20215,2022,Marine LE PEN,Marine LE PEN,True
20216,2022,Marine LE PEN,Marine LE PEN,True
20217,2022,Emmanuel MACRON,François FILLON,False
20219,2022,Marine LE PEN,Marine LE PEN,True
20220,2022,Marine LE PEN,Marine LE PEN,True
20221,2022,Marine LE PEN,Marine LE PEN,True
20222,2022,Marine LE PEN,Marine LE PEN,True
20223,2022,Marine LE PEN,Marine LE PEN,True
20224,2022,Emmanuel MACRON,François FILLON,False
20225,2022,Marine LE PEN,Marine LE PEN,True
20226,2022,Marine LE PEN,Marine LE PEN,True
20227,2022,Emmanuel MACRON,François FILLON,False
20228,2022,Marine LE PEN,Marine LE PEN,True
20229,2022,Marine LE PEN,Marine LE PEN,True
20230,2022,Marine LE PEN,Marine LE PEN,True
20231,2022,Marine LE PEN,Marine LE PEN,True
20232,2022,Marine LE PEN,Marine LE PEN,True
20233,2022,Jean-Luc MÉLENCHON,François FILLON,False
20234,2022,Emmanuel MACRON,François FILLON,False
20235,2022,Marine LE PEN,Marine LE PEN,True
20236,2022,Emmanuel MACRON,François FILLON,False
20237,2022,Emmanuel MACRON,François FILLON,False
20238,2022,Jean-Luc MÉLENCHON,François FILLON,False
20239,2022,Emmanuel MACRON,François FILLON,False
20240,2022,Marine LE PEN,Marine LE PEN,True
20241,2022,Marine LE PEN,Marine LE PEN,True
20242,2022,Marine LE PEN,Marine LE PEN,True
20243,2022,Marine LE PEN,Marine LE PEN,True
20244,2022,Emmanuel MACRON,François FILLON,False
20245,2022,Marine LE PEN,Marine LE PEN,True
20246,2022,Marine LE PEN,Marine LE PEN,True
20247,2022,Emmanuel MACRON,François FILLON,False
20248,2022,Marine LE PEN,Marine LE PEN,True
20249,2022,Emmanuel MACRON,François FILLON,False
20250,2022,Marine LE PEN,Marine LE PEN,True
20251,2022,Marine LE PEN,Marine LE PEN,True
20252,2022,Marine LE PEN,Marine LE PEN,True
20253,2022,Marine LE PEN,Marine LE PEN,True
20254,2022,Marine LE PEN,Marine LE PEN,True
20255,2022,Marine LE PEN,Marine LE PEN,True
20256,2022,Marine LE PEN,Marine LE PEN,True
20257,2022,Marine LE PEN,Marine LE PEN,True
20258,2022,Marine LE PEN,Marine LE PEN,True
20259,2022,Jean-Luc MÉLENCHON,Jean-Luc MÉLENCHON,True
20260,2022,Marine LE PEN,Marine LE PEN,True
20261,2022,Marine LE PEN,Marine LE PEN,True
20262,2022,Marine LE PEN,Marine LE PEN,True
20263,2022,Marine LE PEN,Marine LE PEN,True
20264,2022,Emmanuel MACRON,François FILLON,False
20265,2022,Marine LE PEN,Marine LE PEN,True
20266,2022,Marine LE PEN,Marine LE PEN,True
20267,2022,Emmanuel MACRON,François FILLON,False
20268,2022,Marine LE PEN,Marine LE PEN,True
20269,2022,Emmanuel MACRON,François FILLON,False
20270,2022,Marine LE PEN,Marine LE PEN,True
20271,2022,Marine LE PEN,Marine LE PEN,True
20272,2022,Marine LE PEN,Marine LE PEN,True
20273,2022,Marine LE PEN,Marine LE PEN,True
20274,2022,Marine LE PEN,Marine LE PEN,True
20275,2022,Marine LE PEN,Marine LE PEN,True
20276,2022,Marine LE PEN,Marine LE PEN,True
20277,2022,Marine LE PEN,Marine LE PEN,True
20278,2022,Marine LE PEN,Marine LE PEN,True
20279,2022,Marine LE PEN,Marine LE PEN,True
20280,2022,Marine LE PEN,Marine LE PEN,True
20281,2022,Marine LE PEN,Marine LE PEN,True
20282,2022,Marine LE PEN,Marine LE PEN,True
20283,2022,Marine LE PEN,Marine LE PEN,True
20284,2022,Marine LE PEN,Marine LE PEN,True
20285,2022,Marine LE PEN,Marine LE PEN,True
20286,2022,Marine LE PEN,Marine LE PEN,True
20287,2022,Emmanuel MACRON,François FILLON,False
20288,2022,Emmanuel MACRON,François FILLON,False
20289,2022,Marine LE PEN,Marine LE PEN,True
20290,2022,Emmanuel MACRON,François FILLON,False
20291,2022,Marine LE PEN,Marine LE PEN,True
20292,2022,Jean-Luc MÉLENCHON,François FILLON,False
20293,2022,Marine LE PEN,Marine LE PEN,True
20294,2022,Marine LE PEN,Marine LE PEN,True
20295,2022,Emmanuel MACRON,François FILLON,False
20296,2022,Emmanuel MACRON,François FILLON,False
20297,2022,Marine LE PEN,Marine LE PEN,True
20298,2022,Marine LE PEN,Marine LE PEN,True
20299,2022,Marine LE PEN,Marine LE PEN,True
20300,2022,Marine LE PEN,Marine LE PEN,True
20301,2022,Marine LE PEN,Marine LE PEN,True
20302,2022,Marine LE PEN,Marine LE PEN,True
20303,2022,Marine LE PEN,Marine LE PEN,True
20304,2022,Emmanuel MACRON,François FILLON,False
20305,2022,Marine LE PEN,Marine LE PEN,True
20306,2022,Marine LE PEN,Marine LE PEN,True
20307,2022,Marine LE PEN,Marine LE PEN,True
20308,2022,Emmanuel MACRON,François FILLON,False
20309,2022,Marine LE PEN,Marine LE PEN,True
20310,2022,Marine LE PEN,Marine LE PEN,True
20311,2022,Marine LE PEN,Marine LE PEN,True
20312,2022,Marine LE PEN,Marine LE PEN,True
20313,2022,Marine LE PEN,Marine LE PEN,True
20314,2022,Marine LE PEN,Marine LE PEN,True
20315,2022,Marine LE PEN,Marine LE PEN,True
20316,2022,Marine LE PEN,Marine LE PEN,True
20317,2022,Marine LE PEN,Marine LE PEN,True
20318,2022,Emmanuel MACRON,François FILLON,False
20319,2022,Marine LE PEN,Marine LE PEN,True
20320,2022,Marine LE PEN,Marine LE PEN,True
20321,2022,Marine LE PEN,Marine LE PEN,True
20322,2022,Marine LE PEN,Marine LE PEN,True
20323,2022,Marine LE PEN,Marine LE PEN,True
20324,2022,Marine LE PEN,Marine LE PEN,True
20325,2022,Marine LE PEN,Marine LE PEN,True
20326,2022,Marine LE PEN,Marine LE PEN,True
20327,2022,Marine LE PEN,Marine LE PEN,True
20328,2022,Marine LE PEN,Marine LE PEN,True
20329,2022,Marine LE PEN,Marine LE PEN,True
20330,2022,Marine LE PEN,Marine LE PEN,True
20331,2022,Emmanuel MACRON,François FILLON,False
20332,2022,Marine LE PEN,Marine LE PEN,True
20333,2022,Marine LE PEN,Marine LE PEN,True
20334,2022,Marine LE PEN,Marine LE PEN,True
20335,2022,Marine LE PEN,Marine LE PEN,True
20336,2022,Marine LE PEN,Marine LE PEN,True
20337,2022,Marine LE PEN,Marine LE PEN,True
20338,2022,Emmanuel MACRON,Emmanuel MACRON,True
20340,2022,Marine LE PEN,Marine LE PEN,True
20341,2022,Emmanuel MACRON,François FILLON,False
20342,2022,Emmanuel MACRON,Emmanuel MACRON,True
20343,2022,Marine LE PEN,Marine LE PEN,True
20344,2022,Marine LE PEN,Marine LE PEN,True
20345,2022,Marine LE PEN,Marine LE PEN,True
20346,2022,Marine LE PEN,Marine LE PEN,True
20347,2022,Emmanuel MACRON,François FILLON,False
20348,2022,Emmanuel MACRON,François FILLON,False
20349,2022,Emmanuel MACRON,François FILLON,False
20350,2022,Emmanuel MACRON,François FILLON,False
20351,2022,Marine LE PEN,Marine LE PEN,True
20352,2022,Jean-Luc MÉLENCHON,François FILLON,False
20353,2022,Marine LE PEN,Marine LE PEN,True
20354,2022,Marine LE PEN,Marine LE PEN,True
20355,2022,Marine LE PEN,Marine LE PEN,True
20356,2022,Emmanuel MACRON,François FILLON,False
20357,2022,Marine LE PEN,Marine LE PEN,True
20358,2022,Marine LE PEN,Marine LE PEN,True
20359,2022,Marine LE PEN,Marine LE PEN,True
20360,2022,Emmanuel MACRON,François FILLON,False
20361,2022,Emmanuel MACRON,François FILLON,False
20362,2022,Marine LE PEN,Marine LE PEN,True
20363,2022,Marine LE PEN,Marine LE PEN,True
20364,2022,Marine LE PEN,Marine LE PEN,True
20365,2022,Marine LE PEN,Marine LE PEN,True
20366,2022,Marine LE PEN,Marine LE PEN,True
20367,2022,Marine LE PEN,Marine LE PEN,True
20368,2022,Marine LE PEN,Marine LE PEN,True
20369,2022,Marine LE PEN,Marine LE PEN,True
20370,2022,Marine LE PEN,Marine LE PEN,True
20371,2022,Marine LE PEN,Marine LE PEN,True
20372,2022,Marine LE PEN,Marine LE PEN,True
20373,2022,Emmanuel MACRON,François FILLON,False
20374,2022,Marine LE PEN,Marine LE PEN,True
20375,2022,Marine LE PEN,Marine LE PEN,True
20376,2022,Marine LE PEN,Marine LE PEN,True
20377,2022,Marine LE PEN,Marine LE PEN,True
20378,2022,Emmanuel MACRON,François FILLON,False
20379,2022,Marine LE PEN,Marine LE PEN,True
20380,2022,Marine LE PEN,Marine LE PEN,True
20381,2022,Marine LE PEN,Marine LE PEN,True
20382,2022,Marine LE PEN,Marine LE PEN,True
20383,2022,Marine LE PEN,Marine LE PEN,True
20384,2022,Emmanuel MACRON,François FILLON,False
20385,2022,Marine LE PEN,Marine LE PEN,True
20386,2022,Emmanuel MACRON,François FILLON,False
20387,2022,Marine LE PEN,Marine LE PEN,True
20388,2022,Marine LE PEN,Marine LE PEN,True
20389,2022,Marine LE PEN,Marine LE PEN,True
20390,2022,Marine LE PEN,Marine LE PEN,True
20391,2022,Marine LE PEN,Marine LE PEN,True
20392,2022,Marine LE PEN,Marine LE PEN,True
20393,2022,Marine LE PEN,Marine LE PEN,True
20394,2022,Marine LE PEN,Marine LE PEN,True
20395,2022,Marine LE PEN,Marine LE PEN,True
20396,2022,Marine LE PEN,Marine LE PEN,True
20397,2022,Marine LE PEN,Marine LE PEN,True
20398,2022,Marine LE PEN,Marine LE PEN,True
20399,2022,Jean-Luc MÉLENCHON,François FILLON,False
20400,2022,Marine LE PEN,Marine LE PEN,True
20401,2022,Emmanuel MACRON,François FILLON,False
20402,2022,Emmanuel MACRON,François FILLON,False
20403,2022,Marine LE PEN,Marine LE PEN,True
20404,2022,Emmanuel MACRON,François FILLON,False
20405,2022,Marine LE PEN,Marine LE PEN,True
20406,2022,Marine LE PEN,Marine LE PEN,True
20407,2022,Emmanuel MACRON,François FILLON,False
20408,2022,Marine LE PEN,Marine LE PEN,True
20409,2022,Marine LE PEN,Marine LE PEN,True
20410,2022,Marine LE PEN,Marine LE PEN,True
20411,2022,Emmanuel MACRON,François FILLON,False
20412,2022,Marine LE PEN,Marine LE PEN,True
20413,2022,Emmanuel MACRON,François FILLON,False
20414,2022,Marine LE PEN,Marine LE PEN,True
20415,2022,Marine LE PEN,Marine LE PEN,True
20416,2022,Marine LE PEN,Marine LE PEN,True
20417,2022,Marine LE PEN,Marine LE PEN,True
20418,2022,Emmanuel MACRON,François FILLON,False
20419,2022,Jean-Luc MÉLENCHON,François FILLON,False
20420,2022,Marine LE PEN,Marine LE PEN,True
20421,2022,Marine LE PEN,Marine LE PEN,True
20422,2022,Marine LE PEN,Marine LE PEN,True
20423,2022,Marine LE PEN,Marine LE PEN,True
20424,2022,Marine LE PEN,Marine LE PEN,True
20425,2022,Emmanuel MACRON,François FILLON,False
20426,2022,Marine LE PEN,Marine LE PEN,True
20427,2022,Marine LE PEN,Marine LE PEN,True
20428,2022,Emmanuel MACRON,François FILLON,False
20429,2022,Marine LE PEN,Marine LE PEN,True
20430,2022,Marine LE PEN,Marine LE PEN,True
20431,2022,Emmanuel MACRON,François FILLON,False
20432,2022,Marine LE PEN,Marine LE PEN,True
20433,2022,Marine LE PEN,Marine LE PEN,True
20434,2022,Marine LE PEN,Marine LE PEN,True
20435,2022,Emmanuel MACRON,François FILLON,False
20436,2022,Marine LE PEN,Marine LE PEN,True
20437,2022,Marine LE PEN,Marine LE PEN,True
20438,2022,Marine LE PEN,Marine LE PEN,True
20439,2022,Marine LE PEN,Marine LE PEN,True
20440,2022,Marine LE PEN,Marine LE PEN,True
20441,2022,Marine LE PEN,Marine LE PEN,True
20442,2022,Marine LE PEN,Marine LE PEN,True
20443,2022,Marine LE PEN,Marine LE PEN,True
20444,2022,Marine LE PEN,Marine LE PEN,True
20445,2022,Marine LE PEN,Marine LE PEN,True
20446,2022,Marine LE PEN,Marine LE PEN,True
20447,2022,Marine LE PEN,Marine LE PEN,True
20448,2022,Marine LE PEN,Marine LE PEN,True
20449,2022,Emmanuel MACRON,François FILLON,False
20450,2022,Marine LE PEN,Marine LE PEN,True
20451,2022,Marine LE PEN,Marine LE PEN,True
20453,2022,Marine LE PEN,Marine LE PEN,True
20454,2022,Marine LE PEN,Marine LE PEN,True
20455,2022,Marine LE PEN,Marine LE PEN,True
20456,2022,Emmanuel MACRON,François FILLON,False
20457,2022,Emmanuel MACRON,François FILLON,False
20458,2022,Marine LE PEN,Marine LE PEN,True
20459,2022,Marine LE PEN,Marine LE PEN,True
20460,2022,Jean-Luc MÉLENCHON,François FILLON,False
20461,2022,Emmanuel MACRON,François FILLON,False
20462,2022,Emmanuel MACRON,François FILLON,False
20463,2022,Marine LE PEN,Marine LE PEN,True
20464,2022,Marine LE PEN,Marine LE PEN,True
20465,2022,Marine LE PEN,Marine LE PEN,True
20466,2022,Emmanuel MACRON,François FILLON,False
20467,2022,Marine LE PEN,Marine LE PEN,True
20468,2022,Marine LE PEN,Marine LE PEN,True
20469,2022,Marine LE PEN,Marine LE PEN,True
20470,2022,Marine LE PEN,Marine LE PEN,True
20471,2022,Marine LE PEN,Marine LE PEN,True
20472,2022,Marine LE PEN,Marine LE PEN,True
20473,2022,Emmanuel MACRON,François FILLON,False
20474,2022,Emmanuel MACRON,François FILLON,False
20475,2022,Marine LE PEN,Marine LE PEN,True
20476,2022,Marine LE PEN,Marine LE PEN,True
20477,2022,Marine LE PEN,Marine LE PEN,True
20478,2022,Marine LE PEN,Marine LE PEN,True
20479,2022,Marine LE PEN,Marine LE PEN,True
20480,2022,Marine LE PEN,Marine LE PEN,True
20481,2022,Marine LE PEN,Marine LE PEN,True
20482,2022,Marine LE PEN,Marine LE PEN,True
20483,2022,Marine LE PEN,Marine LE PEN,True
20484,2022,Marine LE PEN,Marine LE PEN,True
20485,2022,Jean-Luc MÉLENCHON,François FILLON,False
20486,2022,Marine LE PEN,Marine LE PEN,True
20487,2022,Marine LE PEN,Marine LE PEN,True
20488,2022,Marine LE PEN,Marine LE PEN,True
20489,2022,Marine LE PEN,Marine LE PEN,True
20490,2022,Nicolas DUPONT-AIGNAN,François FILLON,False
20491,2022,Emmanuel MACRON,François FILLON,False
20492,2022,Marine LE PEN,Marine LE PEN,True
20493,2022,Marine LE PEN,Marine LE PEN,True
20494,2022,Marine LE PEN,Marine LE PEN,True
20495,2022,Marine LE PEN,Marine LE PEN,True
20496,2022,Marine LE PEN,Marine LE PEN,True
20497,2022,Marine LE PEN,Marine LE PEN,True
20498,2022,Emmanuel MACRON,François FILLON,False
20499,2022,Emmanuel MACRON,François FILLON,False
20500,2022,Marine LE PEN,Marine LE PEN,True
20501,2022,Marine LE PEN,Marine LE PEN,True
20502,2022,Marine LE PEN,Marine LE PEN,True
20503,2022,Marine LE PEN,Marine LE PEN,True
20504,2022,Marine LE PEN,Marine LE PEN,True
20505,2022,Emmanuel MACRON,François FILLON,False
20506,2022,Marine LE PEN,Marine LE PEN,True
20507,2022,Marine LE PEN,Marine LE PEN,True
20508,2022,Marine LE PEN,Marine LE PEN,True
20509,2022,Marine LE PEN,Marine LE PEN,True
20510,2022,Marine LE PEN,Marine LE PEN,True
20511,2022,Marine LE PEN,Marine LE PEN,True
20512,2022,Marine LE PEN,Marine LE PEN,True
20513,2022,Marine LE PEN,Marine LE PEN,True
20514,2022,Marine LE PEN,Marine LE PEN,True
20515,2022,Marine LE PEN,Marine LE PEN,True
20516,2022,Marine LE PEN,Marine LE PEN,True
20517,2022,Marine LE PEN,Marine LE PEN,True
20518,2022,Marine LE PEN,Marine LE PEN,True
20519,2022,Marine LE PEN,Marine LE PEN,True
20520,2022,Marine LE PEN,Marine LE PEN,True
20521,2022,Marine LE PEN,Marine LE PEN,True
20522,2022,Marine LE PEN,Marine LE PEN,True
20523,2022,Marine LE PEN,Marine LE PEN,True
20524,2022,Marine LE PEN,Marine LE PEN,True
20525,2022,Marine LE PEN,Marine LE PEN,True
20526,2022,Marine LE PEN,Marine LE PEN,True
20527,2022,Marine LE PEN,Marine LE PEN,True
20528,2022,Emmanuel MACRON,François FILLON,False
20529,2022,Marine LE PEN,Marine LE PEN,True
20530,2022,Marine LE PEN,Marine LE PEN,True
20531,2022,Marine LE PEN,Marine LE PEN,True
20532,2022,Marine LE PEN,Marine LE PEN,True
20533,2022,Marine LE PEN,Marine LE PEN,True
20534,2022,Marine LE PEN,Marine LE PEN,True
20535,2022,Marine LE PEN,Marine LE PEN,True
20536,2022,Marine LE PEN,Marine LE PEN,True
20537,2022,Emmanuel MACRON,François FILLON,False
20538,2022,Marine LE PEN,Marine LE PEN,True
20539,2022,Marine LE PEN,Marine LE PEN,True
20540,2022,Marine LE PEN,Marine LE PEN,True
20541,2022,Marine LE PEN,Marine LE PEN,True
20542,2022,Emmanuel MACRON,François FILLON,False
20543,2022,Marine LE PEN,Marine LE PEN,True
20544,2022,Marine LE PEN,Marine LE PEN,True
20545,2022,Marine LE PEN,Marine LE PEN,True
20546,2022,Marine LE PEN,Marine LE PEN,True
20547,2022,Emmanuel MACRON,François FILLON,False
20548,2022,Emmanuel MACRON,François FILLON,False
20549,2022,Marine LE PEN,Marine LE PEN,True
20550,2022,Marine LE PEN,Marine LE PEN,True
20551,2022,Marine LE PEN,Marine LE PEN,True
20552,2022,Marine LE PEN,Marine LE PEN,True
20553,2022,Emmanuel MACRON,François FILLON,False
20554,2022,Marine LE PEN,Marine LE PEN,True
20555,2022,Marine LE PEN,Marine LE PEN,True
20556,2022,Marine LE PEN,Marine LE PEN,True
20557,2022,Marine LE PEN,Marine LE PEN,True
20558,2022,Emmanuel MACRON,François FILLON,False
20559,2022,Marine LE PEN,Marine LE PEN,True
20560,2022,Marine LE PEN,Marine LE PEN,True
20561,2022,Marine LE PEN,Marine LE PEN,True
20562,2022,Marine LE PEN,Marine LE PEN,True
20563,2022,Marine LE PEN,Marine LE PEN,True
20564,2022,Emmanuel MACRON,François FILLON,False
20565,2022,Marine LE PEN,Marine LE PEN,True
20566,2022,Marine LE PEN,Marine LE PEN,True
20567,2022,Marine LE PEN,Marine LE PEN,True
20568,2022,Marine LE PEN,Marine LE PEN,True
20569,2022,Marine LE PEN,Marine LE PEN,True
20570,2022,Emmanuel MACRON,François FILLON,False
20571,2022,Marine LE PEN,Marine LE PEN,True
20572,2022,Marine LE PEN,Marine LE PEN,True
20573,2022,Emmanuel MACRON,François FILLON,False
20574,2022,Marine LE PEN,Marine LE PEN,True
20575,2022,Marine LE PEN,Marine LE PEN,True
20576,2022,Emmanuel MACRON,François FILLON,False
20577,2022,Marine LE PEN,Marine LE PEN,True
20578,2022,Marine LE PEN,Marine LE PEN,True
20579,2022,Emmanuel MACRON,François FILLON,False
20580,2022,Marine LE PEN,Marine LE PEN,True
20581,2022,Marine LE PEN,Marine LE PEN,True
20582,2022,Emmanuel MACRON,François FILLON,False
20583,2022,Marine LE PEN,Marine LE PEN,True
20584,2022,Marine LE PEN,Marine LE PEN,True
20585,2022,Marine LE PEN,Marine LE PEN,True
20586,2022,Marine LE PEN,Marine LE PEN,True
20587,2022,Emmanuel MACRON,François FILLON,False
20588,2022,Marine LE PEN,Marine LE PEN,True
20589,2022,Marine LE PEN,Marine LE PEN,True
20590,2022,Marine LE PEN,Marine LE PEN,True
20591,2022,Marine LE PEN,Marine LE PEN,True
20592,2022,Marine LE PEN,Marine LE PEN,True
20593,2022,Marine LE PEN,Marine LE PEN,True
20594,2022,Emmanuel MACRON,François FILLON,False
20595,2022,Marine LE PEN,Marine LE PEN,True
20596,2022,Emmanuel MACRON,François FILLON,False
20597,2022,Marine LE PEN,Marine LE PEN,True
20598,2022,Emmanuel MACRON,François FILLON,False
20599,2022,Marine LE PEN,Marine LE PEN,True
20600,2022,Emmanuel MACRON,François FILLON,False
20601,2022,Marine LE PEN,Marine LE PEN,True
20602,2022,Marine LE PEN,Marine LE PEN,True
20603,2022,Marine LE PEN,Marine LE PEN,True
20604,2022,Emmanuel MACRON,François FILLON,False
20605,2022,Marine LE PEN,Marine LE PEN,True
20606,2022,Marine LE PEN,Marine LE PEN,True
20607,2022,Emmanuel MACRON,François FILLON,False
20608,2022,Emmanuel MACRON,François FILLON,False
20609,2022,Emmanuel MACRON,François FILLON,False
20610,2022,Marine LE PEN,Marine LE PEN,True
20611,2022,Emmanuel MACRON,François FILLON,False
20612,2022,Marine LE PEN,Marine LE PEN,True
20613,2022,Marine LE PEN,Marine LE PEN,True
20614,2022,Marine LE PEN,Marine LE PEN,True
20615,2022,Marine LE PEN,Marine LE PEN,True
20616,2022,Marine LE PEN,Marine LE PEN,True
20617,2022,Marine LE PEN,Marine LE PEN,True
20618,2022,Marine LE PEN,Marine LE PEN,True
20619,2022,Marine LE PEN,Marine LE PEN,True
20620,2022,Emmanuel MACRON,François FILLON,False
20621,2022,Marine LE PEN,Marine LE PEN,True
20622,2022,Emmanuel MACRON,François FILLON,False
20623,2022,Marine LE PEN,Marine LE PEN,True
20624,2022,Marine LE PEN,Marine LE PEN,True
20625,2022,Marine LE PEN,Marine LE PEN,True
20626,2022,Emmanuel MACRON,François FILLON,False
20627,2022,Marine LE PEN,Marine LE PEN,True
20628,2022,Marine LE PEN,Marine LE PEN,True
20629,2022,Marine LE PEN,Marine LE PEN,True
20630,2022,Marine LE PEN,Marine LE PEN,True
20631,2022,Marine LE PEN,Marine LE PEN,True
20632,2022,Marine LE PEN,Marine LE PEN,True
20633,2022,Emmanuel MACRON,François FILLON,False
20634,2022,Marine LE PEN,Marine LE PEN,True
20635,2022,Marine LE PEN,Marine LE PEN,True
20636,2022,Marine LE PEN,Marine LE PEN,True
20637,2022,Emmanuel MACRON,François FILLON,False
20638,2022,Marine LE PEN,Marine LE PEN,True
20639,2022,Marine LE PEN,Marine LE PEN,True
20640,2022,Marine LE PEN,Marine LE PEN,True
20641,2022,Marine LE PEN,Marine LE PEN,True
20642,2022,Marine LE PEN,Marine LE PEN,True
20643,2022,Marine LE PEN,Marine LE PEN,True
20644,2022,Marine LE PEN,Marine LE PEN,True
20645,2022,Emmanuel MACRON,François FILLON,False
20646,2022,Marine LE PEN,Marine LE PEN,True
20647,2022,Marine LE PEN,Marine LE PEN,True
20648,2022,Marine LE PEN,Marine LE PEN,True
20649,2022,Marine LE PEN,Marine LE PEN,True
20650,2022,Marine LE PEN,Marine LE PEN,True
20651,2022,Marine LE PEN,Marine LE PEN,True
20652,2022,Marine LE PEN,Marine LE PEN,True
20653,2022,Emmanuel MACRON,François FILLON,False
20654,2022,Marine LE PEN,Marine LE PEN,True
20655,2022,Marine LE PEN,Marine LE PEN,True
20656,2022,Marine LE PEN,Marine LE PEN,True
20657,2022,Marine LE PEN,Marine LE PEN,True
20658,2022,Marine LE PEN,Marine LE PEN,True
20659,2022,Emmanuel MACRON,François FILLON,False
20660,2022,Marine LE PEN,Marine LE PEN,True
20661,2022,Marine LE PEN,Marine LE PEN,True
20662,2022,Marine LE PEN,Marine LE PEN,True
20663,2022,Marine LE PEN,Marine LE PEN,True
20664,2022,Emmanuel MACRON,François FILLON,False
20665,2022,Marine LE PEN,Marine LE PEN,True
20666,2022,Marine LE PEN,Marine LE PEN,True
20667,2022,Marine LE PEN,Marine LE PEN,True
20668,2022,Marine LE PEN,Marine LE PEN,True
20669,2022,Emmanuel MACRON,François FILLON,False
20670,2022,Marine LE PEN,Marine LE PEN,True
20671,2022,Marine LE PEN,Marine LE PEN,True
20672,2022,Emmanuel MACRON,François FILLON,False
20673,2022,Marine LE PEN,Marine LE PEN,True
20674,2022,Marine LE PEN,Marine LE PEN,True
20675,2022,Marine LE PEN,Marine LE PEN,True
20676,2022,Marine LE PEN,Marine LE PEN,True
20677,2022,Marine LE PEN,Marine LE PEN,True
20678,2022,Marine LE PEN,Marine LE PEN,True
20679,2022,Marine LE PEN,Marine LE PEN,True
20680,2022,Marine LE PEN,Marine LE PEN,True
20682,2022,Marine LE PEN,Marine LE PEN,True
20683,2022,Marine LE PEN,Marine LE PEN,True
20684,2022,Marine LE PEN,Marine LE PEN,True
20685,2022,Marine LE PEN,Marine LE PEN,True
20686,2022,Marine LE PEN,Marine LE PEN,True
20687,2022,Marine LE PEN,Marine LE PEN,True
20688,2022,Marine LE PEN,Marine LE PEN,True
20689,2022,Marine LE PEN,Marine LE PEN,True
20690,2022,Marine LE PEN,Marine LE PEN,True
20691,2022,Marine LE PEN,Marine LE PEN,True
20692,2022,Marine LE PEN,Marine LE PEN,True
20693,2022,Marine LE PEN,Marine LE PEN,True
20694,2022,Emmanuel MACRON,François FILLON,False
20695,2022,Emmanuel MACRON,François FILLON,False
20696,2022,Marine LE PEN,Marine LE PEN,True
20697,2022,Marine LE PEN,Marine LE PEN,True
20698,2022,Marine LE PEN,Marine LE PEN,True
20699,2022,Marine LE PEN,Marine LE PEN,True
20700,2022,Marine LE PEN,Marine LE PEN,True
20701,2022,Marine LE PEN,Marine LE PEN,True
20702,2022,Marine LE PEN,Marine LE PEN,True
20703,2022,Marine LE PEN,Marine LE PEN,True
20704,2022,Marine LE PEN,Marine LE PEN,True
20705,2022,Marine LE PEN,Marine LE PEN,True
20706,2022,Marine LE PEN,Marine LE PEN,True
20707,2022,Marine LE PEN,Marine LE PEN,True
20708,2022,Marine LE PEN,Marine LE PEN,True
20709,2022,Marine LE PEN,Marine LE PEN,True
20710,2022,Marine LE PEN,Marine LE PEN,True
20711,2022,Marine LE PEN,Marine LE PEN,True
20712,2022,Marine LE PEN,Marine LE PEN,True
20713,2022,Marine LE PEN,Marine LE PEN,True
20714,2022,Marine LE PEN,Marine LE PEN,True
20715,2022,Marine LE PEN,Marine LE PEN,True
20716,2022,Marine LE PEN,Marine LE PEN,True
20717,2022,Emmanuel MACRON,François FILLON,False
20718,2022,Marine LE PEN,Marine LE PEN,True
20719,2022,Jean-Luc MÉLENCHON,François FILLON,False
20720,2022,Marine LE PEN,Marine LE PEN,True
20721,2022,Marine LE PEN,Marine LE PEN,True
20722,2022,Marine LE PEN,Marine LE PEN,True
20723,2022,Emmanuel MACRON,François FILLON,False
20724,2022,Emmanuel MACRON,François FILLON,False
20725,2022,Emmanuel MACRON,François FILLON,False
20726,2022,Emmanuel MACRON,François FILLON,False
20727,2022,Marine LE PEN,Marine LE PEN,True
20728,2022,Marine LE PEN,Marine LE PEN,True
20729,2022,Emmanuel MACRON,François FILLON,False
20730,2022,Marine LE PEN,Marine LE PEN,True
20731,2022,Emmanuel MACRON,François FILLON,False
20732,2022,Marine LE PEN,Marine LE PEN,True
20733,2022,Marine LE PEN,Marine LE PEN,True
20734,2022,Marine LE PEN,Marine LE PEN,True
20735,2022,Marine LE PEN,Marine LE PEN,True
20736,2022,Marine LE PEN,Marine LE PEN,True
20737,2022,Marine LE PEN,Marine LE PEN,True
20738,2022,Marine LE PEN,Marine LE PEN,True
20739,2022,Marine LE PEN,Marine LE PEN,True
20740,2022,Marine LE PEN,Marine LE PEN,True
20741,2022,Marine LE PEN,Marine LE PEN,True
20742,2022,Marine LE PEN,Marine LE PEN,True
20743,2022,Marine LE PEN,Marine LE PEN,True
20744,2022,Marine LE PEN,Marine LE PEN,True
20745,2022,Marine LE PEN,Marine LE PEN,True
20746,2022,Marine LE PEN,Marine LE PEN,True
20747,2022,Marine LE PEN,Marine LE PEN,True
20748,2022,Marine LE PEN,Marine LE PEN,True
20749,2022,Marine LE PEN,Marine LE PEN,True
20750,2022,Marine LE PEN,Marine LE PEN,True
20751,2022,Marine LE PEN,Marine LE PEN,True
20752,2022,Emmanuel MACRON,François FILLON,False
20753,2022,Marine LE PEN,Marine LE PEN,True
20754,2022,Marine LE PEN,Marine LE PEN,True
20755,2022,Marine LE PEN,Marine LE PEN,True
20756,2022,Marine LE PEN,Marine LE PEN,True
20757,2022,Marine LE PEN,Marine LE PEN,True
20758,2022,Marine LE PEN,Marine LE PEN,True
20759,2022,Marine LE PEN,Marine LE PEN,True
20760,2022,Emmanuel MACRON,François FILLON,False
20761,2022,Marine LE PEN,Marine LE PEN,True
20762,2022,Marine LE PEN,Marine LE PEN,True
20763,2022,Marine LE PEN,Marine LE PEN,True
20764,2022,Marine LE PEN,Marine LE PEN,True
20765,2022,Marine LE PEN,Marine LE PEN,True
20766,2022,Emmanuel MACRON,François FILLON,False
20767,2022,Marine LE PEN,Marine LE PEN,True
20768,2022,Emmanuel MACRON,François FILLON,False
20769,2022,Emmanuel MACRON,François FILLON,False
20770,2022,Marine LE PEN,Marine LE PEN,True
20771,2022,Marine LE PEN,Marine LE PEN,True
20772,2022,Marine LE PEN,Marine LE PEN,True
20773,2022,Marine LE PEN,Marine LE PEN,True
20774,2022,Emmanuel MACRON,Emmanuel MACRON,True
20775,2022,Marine LE PEN,Marine LE PEN,True
20776,2022,Marine LE PEN,Marine LE PEN,True
20777,2022,Emmanuel MACRON,François FILLON,False
20778,2022,Marine LE PEN,Marine LE PEN,True
20779,2022,Emmanuel MACRON,François FILLON,False
20780,2022,Marine LE PEN,Marine LE PEN,True
20781,2022,Marine LE PEN,Marine LE PEN,True
20782,2022,Marine LE PEN,Marine LE PEN,True
20783,2022,Emmanuel MACRON,François FILLON,False
20784,2022,Marine LE PEN,Marine LE PEN,True
20785,2022,Marine LE PEN,Marine LE PEN,True
20786,2022,Emmanuel MACRON,François FILLON,False
20787,2022,Emmanuel MACRON,François FILLON,False
20788,2022,Emmanuel MACRON,François FILLON,False
20789,2022,Marine LE PEN,Marine LE PEN,True
20790,2022,Marine LE PEN,Marine LE PEN,True
20791,2022,Marine LE PEN,Marine LE PEN,True
20792,2022,Marine LE PEN,Marine LE PEN,True
20793,2022,Marine LE PEN,Marine LE PEN,True
20794,2022,Marine LE PEN,Marine LE PEN,True
20795,2022,Emmanuel MACRON,François FILLON,False
20796,2022,Marine LE PEN,Marine LE PEN,True
20797,2022,Marine LE PEN,Marine LE PEN,True
20798,2022,Marine LE PEN,Marine LE PEN,True
20799,2022,Marine LE PEN,Marine LE PEN,True
20800,2022,Marine LE PEN,Marine LE PEN,True
20801,2022,Marine LE PEN,Marine LE PEN,True
20802,2022,Marine LE PEN,Marine LE PEN,True
20803,2022,Marine LE PEN,Marine LE PEN,True
20804,2022,Marine LE PEN,Marine LE PEN,True
20805,2022,Marine LE PEN,Marine LE PEN,True
20806,2022,Emmanuel MACRON,François FILLON,False
20807,2022,Marine LE PEN,Marine LE PEN,True
20808,2022,Marine LE PEN,Marine LE PEN,True
20809,2022,Marine LE PEN,Marine LE PEN,True
20810,2022,Emmanuel MACRON,Emmanuel MACRON,True
20811,2022,Emmanuel MACRON,François FILLON,False
20812,2022,Emmanuel MACRON,Emmanuel MACRON,True
20813,2022,Emmanuel MACRON,François FILLON,False
20814,2022,Emmanuel MACRON,François FILLON,False
20815,2022,Emmanuel MACRON,François FILLON,False
20816,2022,Emmanuel MACRON,François FILLON,False
20817,2022,Emmanuel MACRON,Emmanuel MACRON,True
20818,2022,Emmanuel MACRON,François FILLON,False
20819,2022,Emmanuel MACRON,Emmanuel MACRON,True
20820,2022,Emmanuel MACRON,François FILLON,False
20821,2022,Emmanuel MACRON,François FILLON,False
20822,2022,Emmanuel MACRON,François FILLON,False
20823,2022,Marine LE PEN,Marine LE PEN,True
20824,2022,Emmanuel MACRON,François FILLON,False
20826,2022,Marine LE PEN,Marine LE PEN,True
20827,2022,Emmanuel MACRON,François FILLON,False
20828,2022,Marine LE PEN,Marine LE PEN,True
20829,2022,Emmanuel MACRON,François FILLON,False
20830,2022,Emmanuel MACRON,François FILLON,False
20831,2022,Marine LE PEN,Marine LE PEN,True
20832,2022,Emmanuel MACRON,Emmanuel MACRON,True
20833,2022,Emmanuel MACRON,François FILLON,False
20834,2022,Marine LE PEN,Marine LE PEN,True
20835,2022,Marine LE PEN,Marine LE PEN,True
20836,2022,Emmanuel MACRON,François FILLON,False
20837,2022,Emmanuel MACRON,François FILLON,False
20838,2022,Marine LE PEN,Marine LE PEN,True
20839,2022,Emmanuel MACRON,François FILLON,False
20840,2022,Marine LE PEN,Marine LE PEN,True
20841,2022,Emmanuel MACRON,Emmanuel MACRON,True
20842,2022,Emmanuel MACRON,François FILLON,False
20843,2022,Emmanuel MACRON,François FILLON,False
20844,2022,Marine LE PEN,Marine LE PEN,True
20845,2022,Emmanuel MACRON,Emmanuel MACRON,True
20846,2022,Marine LE PEN,Marine LE PEN,True
20847,2022,Emmanuel MACRON,François FILLON,False
20848,2022,Emmanuel MACRON,François FILLON,False
20849,2022,Emmanuel MACRON,Emmanuel MACRON,True
20850,2022,Jean-Luc MÉLENCHON,François FILLON,False
20851,2022,Emmanuel MACRON,François FILLON,False
20852,2022,Marine LE PEN,Marine LE PEN,True
20853,2022,Emmanuel MACRON,François FILLON,False
20854,2022,Emmanuel MACRON,François FILLON,False
20855,2022,Marine LE PEN,Marine LE PEN,True
20857,2022,Emmanuel MACRON,François FILLON,False
20858,2022,Marine LE PEN,Marine LE PEN,True
20859,2022,Emmanuel MACRON,François FILLON,False
20860,2022,Emmanuel MACRON,Emmanuel MACRON,True
20861,2022,Emmanuel MACRON,François FILLON,False
20862,2022,Emmanuel MACRON,François FILLON,False
20863,2022,Marine LE PEN,Marine LE PEN,True
20864,2022,Emmanuel MACRON,François FILLON,False
20865,2022,Emmanuel MACRON,François FILLON,False
20867,2022,Emmanuel MACRON,François FILLON,False
20868,2022,Emmanuel MACRON,François FILLON,False
20869,2022,Emmanuel MACRON,François FILLON,False
20870,2022,Emmanuel MACRON,Emmanuel MACRON,True
20871,2022,Emmanuel MACRON,François FILLON,False
20872,2022,Emmanuel MACRON,Emmanuel MACRON,True
20873,2022,Emmanuel MACRON,Emmanuel MACRON,True
20874,2022,Marine LE PEN,Marine LE PEN,True
20875,2022,Emmanuel MACRON,François FILLON,False
20876,2022,Emmanuel MACRON,François FILLON,False
20877,2022,Marine LE PEN,Marine LE PEN,True
20878,2022,Marine LE PEN,Marine LE PEN,True
20879,2022,Emmanuel MACRON,François FILLON,False
20880,2022,Marine LE PEN,Marine LE PEN,True
20881,2022,Emmanuel MACRON,François FILLON,False
20882,2022,Marine LE PEN,Marine LE PEN,True
20883,2022,Emmanuel MACRON,François FILLON,False
20884,2022,Emmanuel MACRON,Emmanuel MACRON,True
20885,2022,Emmanuel MACRON,François FILLON,False
20886,2022,Emmanuel MACRON,François FILLON,False
20887,2022,Marine LE PEN,Marine LE PEN,True
20888,2022,Jean-Luc MÉLENCHON,François FILLON,False
20889,2022,Emmanuel MACRON,Emmanuel MACRON,True
20890,2022,Emmanuel MACRON,Emmanuel MACRON,True
20891,2022,Emmanuel MACRON,François FILLON,False
20892,2022,Emmanuel MACRON,François FILLON,False
20893,2022,Emmanuel MACRON,François FILLON,False
20894,2022,Emmanuel MACRON,François FILLON,False
20895,2022,Marine LE PEN,Marine LE PEN,True
20896,2022,Emmanuel MACRON,Emmanuel MACRON,True
20897,2022,Emmanuel MACRON,Emmanuel MACRON,True
20898,2022,Marine LE PEN,Marine LE PEN,True
20899,2022,Marine LE PEN,Marine LE PEN,True
20900,2022,Emmanuel MACRON,Emmanuel MACRON,True
20901,2022,Emmanuel MACRON,François FILLON,False
20902,2022,Emmanuel MACRON,François FILLON,False
20903,2022,Emmanuel MACRON,Emmanuel MACRON,True
20904,2022,Marine LE PEN,Marine LE PEN,True
20905,2022,Emmanuel MACRON,François FILLON,False
20906,2022,Emmanuel MACRON,Emmanuel MACRON,True
20907,2022,Emmanuel MACRON,François FILLON,False
20908,2022,Emmanuel MACRON,François FILLON,False
20909,2022,Emmanuel MACRON,François FILLON,False
20910,2022,Marine LE PEN,Marine LE PEN,True
20911,2022,Emmanuel MACRON,François FILLON,False
20912,2022,Emmanuel MACRON,Emmanuel MACRON,True
20913,2022,Emmanuel MACRON,François FILLON,False
20914,2022,Emmanuel MACRON,François FILLON,False
20915,2022,Emmanuel MACRON,François FILLON,False
20916,2022,Emmanuel MACRON,François FILLON,False
20917,2022,Emmanuel MACRON,François FILLON,False
20918,2022,Marine LE PEN,Marine LE PEN,True
20919,2022,Emmanuel MACRON,François FILLON,False
20920,2022,Emmanuel MACRON,François FILLON,False
20921,2022,Emmanuel MACRON,François FILLON,False
20922,2022,Emmanuel MACRON,François FILLON,False
20923,2022,Emmanuel MACRON,François FILLON,False
20924,2022,Emmanuel MACRON,François FILLON,False
20925,2022,Emmanuel MACRON,François FILLON,False
20926,2022,Emmanuel MACRON,Emmanuel MACRON,True
20927,2022,Marine LE PEN,Marine LE PEN,True
20928,2022,Emmanuel MACRON,François FILLON,False
20929,2022,Emmanuel MACRON,Emmanuel MACRON,True
20930,2022,Emmanuel MACRON,Emmanuel MACRON,True
20931,2022,Emmanuel MACRON,François FILLON,False
20932,2022,Emmanuel MACRON,François FILLON,False
20933,2022,Marine LE PEN,Marine LE PEN,True
20934,2022,Marine LE PEN,Marine LE PEN,True
20935,2022,Emmanuel MACRON,Emmanuel MACRON,True
20936,2022,Marine LE PEN,Marine LE PEN,True
20937,2022,Emmanuel MACRON,François FILLON,False
20938,2022,Emmanuel MACRON,François FILLON,False
20939,2022,Marine LE PEN,Marine LE PEN,True
20940,2022,Marine LE PEN,Marine LE PEN,True
20941,2022,Marine LE PEN,Marine LE PEN,True
20942,2022,Emmanuel MACRON,Emmanuel MACRON,True
20944,2022,Emmanuel MACRON,François FILLON,False
20945,2022,Marine LE PEN,Marine LE PEN,True
20946,2022,Emmanuel MACRON,François FILLON,False
20947,2022,Emmanuel MACRON,Emmanuel MACRON,True
20948,2022,Marine LE PEN,Marine LE PEN,True
20949,2022,Marine LE PEN,Marine LE PEN,True
20950,2022,Emmanuel MACRON,François FILLON,False
20951,2022,Emmanuel MACRON,François FILLON,False
20952,2022,Emmanuel MACRON,Emmanuel MACRON,True
20953,2022,Emmanuel MACRON,François FILLON,False
20954,2022,Emmanuel MACRON,Emmanuel MACRON,True
20955,2022,Jean-Luc MÉLENCHON,François FILLON,False
20956,2022,Emmanuel MACRON,François FILLON,False
20957,2022,Emmanuel MACRON,Emmanuel MACRON,True
20958,2022,Emmanuel MACRON,François FILLON,False
20959,2022,Marine LE PEN,Marine LE PEN,True
20960,2022,Emmanuel MACRON,François FILLON,False
20961,2022,Emmanuel MACRON,François FILLON,False
20962,2022,Emmanuel MACRON,François FILLON,False
20963,2022,Marine LE PEN,Marine LE PEN,True
20964,2022,Emmanuel MACRON,Emmanuel MACRON,True
20965,2022,Emmanuel MACRON,Emmanuel MACRON,True
20966,2022,Emmanuel MACRON,François FILLON,False
20967,2022,Emmanuel MACRON,François FILLON,False
20968,2022,Emmanuel MACRON,Emmanuel MACRON,True
20969,2022,Emmanuel MACRON,Emmanuel MACRON,True
20970,2022,Emmanuel MACRON,François FILLON,False
20971,2022,Emmanuel MACRON,François FILLON,False
20972,2022,Emmanuel MACRON,Emmanuel MACRON,True
20973,2022,Marine LE PEN,Marine LE PEN,True
20974,2022,Emmanuel MACRON,François FILLON,False
20975,2022,Emmanuel MACRON,François FILLON,False
20976,2022,Marine LE PEN,Marine LE PEN,True
20977,2022,Emmanuel MACRON,Emmanuel MACRON,True
20978,2022,Emmanuel MACRON,Emmanuel MACRON,True
20979,2022,Emmanuel MACRON,Emmanuel MACRON,True
20980,2022,Emmanuel MACRON,Emmanuel MACRON,True
20981,2022,Emmanuel MACRON,Jean-Luc MÉLENCHON,False
20982,2022,Emmanuel MACRON,Emmanuel MACRON,True
20983,2022,Marine LE PEN,Marine LE PEN,True
20984,2022,Emmanuel MACRON,François FILLON,False
20985,2022,Emmanuel MACRON,François FILLON,False
20986,2022,Emmanuel MACRON,Emmanuel MACRON,True
20987,2022,Emmanuel MACRON,François FILLON,False
20988,2022,Emmanuel MACRON,François FILLON,False
20989,2022,Marine LE PEN,Marine LE PEN,True
20990,2022,Marine LE PEN,Marine LE PEN,True
20991,2022,Marine LE PEN,Marine LE PEN,True
20992,2022,Marine LE PEN,Marine LE PEN,True
20993,2022,Emmanuel MACRON,François FILLON,False
20994,2022,Emmanuel MACRON,François FILLON,False
20995,2022,Emmanuel MACRON,François FILLON,False
20996,2022,Emmanuel MACRON,François FILLON,False
20997,2022,Emmanuel MACRON,François FILLON,False
20998,2022,Emmanuel MACRON,François FILLON,False
20999,2022,Marine LE PEN,Marine LE PEN,True
21000,2022,Emmanuel MACRON,François FILLON,False
21001,2022,Marine LE PEN,Marine LE PEN,True
21002,2022,Emmanuel MACRON,François FILLON,False
21003,2022,Jean-Luc MÉLENCHON,François FILLON,False
21004,2022,Marine LE PEN,Marine LE PEN,True
21005,2022,Emmanuel MACRON,François FILLON,False
21006,2022,Emmanuel MACRON,Emmanuel MACRON,True
21007,2022,Marine LE PEN,Marine LE PEN,True
21008,2022,Emmanuel MACRON,François FILLON,False
21009,2022,Emmanuel MACRON,François FILLON,False
21010,2022,Marine LE PEN,Marine LE PEN,True
21011,2022,Emmanuel MACRON,François FILLON,False
21012,2022,Emmanuel MACRON,François FILLON,False
21013,2022,Marine LE PEN,Marine LE PEN,True
21014,2022,Emmanuel MACRON,François FILLON,False
21015,2022,Emmanuel MACRON,François FILLON,False
21016,2022,Emmanuel MACRON,François FILLON,False
21017,2022,Marine LE PEN,Marine LE PEN,True
21018,2022,Marine LE PEN,Marine LE PEN,True
21019,2022,Emmanuel MACRON,François FILLON,False
21020,2022,Emmanuel MACRON,Emmanuel MACRON,True
21021,2022,Marine LE PEN,Marine LE PEN,True
21022,2022,Emmanuel MACRON,François FILLON,False
21023,2022,Emmanuel MACRON,François FILLON,False
21024,2022,Emmanuel MACRON,François FILLON,False
21025,2022,Marine LE PEN,Marine LE PEN,True
21026,2022,Emmanuel MACRON,François FILLON,False
21027,2022,Emmanuel MACRON,François FILLON,False
21028,2022,Emmanuel MACRON,François FILLON,False
21029,2022,Marine LE PEN,Marine LE PEN,True
21030,2022,Emmanuel MACRON,François FILLON,False
21031,2022,Emmanuel MACRON,François FILLON,False
21032,2022,Emmanuel MACRON,Emmanuel MACRON,True
21033,2022,Emmanuel MACRON,François FILLON,False
21034,2022,Marine LE PEN,Marine LE PEN,True
21035,2022,Emmanuel MACRON,Emmanuel MACRON,True
21036,2022,Marine LE PEN,Marine LE PEN,True
21037,2022,Emmanuel MACRON,François FILLON,False
21038,2022,Emmanuel MACRON,Emmanuel MACRON,True
21039,2022,Emmanuel MACRON,François FILLON,False
21040,2022,Marine LE PEN,Marine LE PEN,True
21041,2022,Emmanuel MACRON,Emmanuel MACRON,True
21042,2022,Marine LE PEN,Marine LE PEN,True
21043,2022,Marine LE PEN,Marine LE PEN,True
21044,2022,Emmanuel MACRON,Emmanuel MACRON,True
21045,2022,Emmanuel MACRON,Emmanuel MACRON,True
21046,2022,Emmanuel MACRON,François FILLON,False
21047,2022,Emmanuel MACRON,François FILLON,False
21048,2022,Marine LE PEN,Marine LE PEN,True
21049,2022,Emmanuel MACRON,Emmanuel MACRON,True
21050,2022,Emmanuel MACRON,François FILLON,False
21051,2022,Emmanuel MACRON,François FILLON,False
21052,2022,Emmanuel MACRON,François FILLON,False
21053,2022,Emmanuel MACRON,Emmanuel MACRON,True
21054,2022,Marine LE PEN,Marine LE PEN,True
21055,2022,Emmanuel MACRON,François FILLON,False
21056,2022,Emmanuel MACRON,François FILLON,False
21057,2022,Marine LE PEN,Marine LE PEN,True
21058,2022,Emmanuel MACRON,Emmanuel MACRON,True
21059,2022,Emmanuel MACRON,François FILLON,False
21060,2022,Emmanuel MACRON,Emmanuel MACRON,True
21061,2022,Emmanuel MACRON,François FILLON,False
21062,2022,Marine LE PEN,Marine LE PEN,True
21063,2022,Marine LE PEN,Marine LE PEN,True
21064,2022,Marine LE PEN,Marine LE PEN,True
21065,2022,Marine LE PEN,Marine LE PEN,True
21066,2022,Marine LE PEN,Marine LE PEN,True
21067,2022,Marine LE PEN,Marine LE PEN,True
21068,2022,Marine LE PEN,Marine LE PEN,True
21069,2022,Marine LE PEN,Marine LE PEN,True
21070,2022,Marine LE PEN,Marine LE PEN,True
21071,2022,Marine LE PEN,Marine LE PEN,True
21072,2022,Marine LE PEN,Marine LE PEN,True
21073,2022,Marine LE PEN,Marine LE PEN,True
21074,2022,Marine LE PEN,Marine LE PEN,True
21075,2022,Marine LE PEN,Marine LE PEN,True
21076,2022,Marine LE PEN,Marine LE PEN,True
21077,2022,Marine LE PEN,Marine LE PEN,True
21078,2022,Marine LE PEN,Marine LE PEN,True
21079,2022,Marine LE PEN,Marine LE PEN,True
21080,2022,Marine LE PEN,Marine LE PEN,True
21081,2022,Marine LE PEN,Marine LE PEN,True
21082,2022,Emmanuel MACRON,François FILLON,False
21083,2022,Emmanuel MACRON,François FILLON,False
21084,2022,Emmanuel MACRON,François FILLON,False
21085,2022,Marine LE PEN,Marine LE PEN,True
21086,2022,Emmanuel MACRON,François FILLON,False
21087,2022,Marine LE PEN,Marine LE PEN,True
21088,2022,Emmanuel MACRON,François FILLON,False
21089,2022,Marine LE PEN,Marine LE PEN,True
21090,2022,Marine LE PEN,Marine LE PEN,True
21091,2022,Emmanuel MACRON,François FILLON,False
21092,2022,Marine LE PEN,Marine LE PEN,True
21093,2022,Marine LE PEN,Marine LE PEN,True
21094,2022,Marine LE PEN,Marine LE PEN,True
21095,2022,Emmanuel MACRON,François FILLON,False
21096,2022,Emmanuel MACRON,François FILLON,False
21097,2022,Marine LE PEN,Marine LE PEN,True
21098,2022,Jean-Luc MÉLENCHON,Jean-Luc MÉLENCHON,True
21099,2022,Emmanuel MACRON,François FILLON,False
21100,2022,Marine LE PEN,Marine LE PEN,True
21101,2022,Marine LE PEN,Marine LE PEN,True
21102,2022,Marine LE PEN,Marine LE PEN,True
21103,2022,Emmanuel MACRON,François FILLON,False
21104,2022,Marine LE PEN,Marine LE PEN,True
21105,2022,Marine LE PEN,Marine LE PEN,True
21106,2022,Marine LE PEN,Marine LE PEN,True
21107,2022,Marine LE PEN,Marine LE PEN,True
21108,2022,Emmanuel MACRON,François FILLON,False
21109,2022,Emmanuel MACRON,François FILLON,False
21110,2022,Marine LE PEN,Marine LE PEN,True
21111,2022,Marine LE PEN,Marine LE PEN,True
21112,2022,Marine LE PEN,Marine LE PEN,True
21113,2022,Marine LE PEN,Marine LE PEN,True
21114,2022,Marine LE PEN,Marine LE PEN,True
21115,2022,Marine LE PEN,Marine LE PEN,True
21116,2022,Marine LE PEN,Marine LE PEN,True
21117,2022,Marine LE PEN,Marine LE PEN,True
21118,2022,Jean-Luc MÉLENCHON,François FILLON,False
21119,2022,Emmanuel MACRON,François FILLON,False
21120,2022,Marine LE PEN,Marine LE PEN,True
21121,2022,Marine LE PEN,Marine LE PEN,True
21122,2022,Emmanuel MACRON,François FILLON,False
21123,2022,Marine LE PEN,Marine LE PEN,True
21124,2022,Marine LE PEN,Marine LE PEN,True
21125,2022,Marine LE PEN,Marine LE PEN,True
21126,2022,Marine LE PEN,Marine LE PEN,True
21127,2022,Emmanuel MACRON,François FILLON,False
21128,2022,Marine LE PEN,Marine LE PEN,True
21129,2022,Marine LE PEN,Marine LE PEN,True
21130,2022,Marine LE PEN,Marine LE PEN,True
21131,2022,Marine LE PEN,Marine LE PEN,True
21132,2022,Marine LE PEN,Marine LE PEN,True
21133,2022,Marine LE PEN,Marine LE PEN,True
21134,2022,Marine LE PEN,Marine LE PEN,True
21135,2022,Emmanuel MACRON,François FILLON,False
21136,2022,Marine LE PEN,Marine LE PEN,True
21137,2022,Marine LE PEN,Marine LE PEN,True
21138,2022,Marine LE PEN,Marine LE PEN,True
21139,2022,Marine LE PEN,Marine LE PEN,True
21140,2022,Marine LE PEN,Marine LE PEN,True
21141,2022,Marine LE PEN,Marine LE PEN,True
21142,2022,Marine LE PEN,Marine LE PEN,True
21143,2022,Marine LE PEN,Marine LE PEN,True
21144,2022,Marine LE PEN,Marine LE PEN,True
21145,2022,Marine LE PEN,Marine LE PEN,True
21146,2022,Marine LE PEN,Marine LE PEN,True
21147,2022,Emmanuel MACRON,François FILLON,False
21148,2022,Marine LE PEN,Marine LE PEN,True
21149,2022,Marine LE PEN,Marine LE PEN,True
21150,2022,Marine LE PEN,Marine LE PEN,True
21151,2022,Emmanuel MACRON,François FILLON,False
21152,2022,Marine LE PEN,Marine LE PEN,True
21153,2022,Marine LE PEN,Marine LE PEN,True
21154,2022,Marine LE PEN,Marine LE PEN,True
21155,2022,Marine LE PEN,Marine LE PEN,True
21156,2022,Marine LE PEN,Marine LE PEN,True
21157,2022,Marine LE PEN,Marine LE PEN,True
21158,2022,Marine LE PEN,Marine LE PEN,True
21159,2022,Emmanuel MACRON,François FILLON,False
21160,2022,Marine LE PEN,Marine LE PEN,True
21161,2022,Emmanuel MACRON,François FILLON,False
21162,2022,Marine LE PEN,Marine LE PEN,True
21163,2022,Marine LE PEN,Marine LE PEN,True
21164,2022,Marine LE PEN,Marine LE PEN,True
21165,2022,Marine LE PEN,Marine LE PEN,True
21166,2022,Emmanuel MACRON,François FILLON,False
21167,2022,Marine LE PEN,Marine LE PEN,True
21168,2022,Marine LE PEN,Marine LE PEN,True
21169,2022,Emmanuel MACRON,François FILLON,False
21170,2022,Marine LE PEN,Marine LE PEN,True
21171,2022,Marine LE PEN,Marine LE PEN,True
21172,2022,Marine LE PEN,Marine LE PEN,True
21173,2022,Marine LE PEN,Marine LE PEN,True
21174,2022,Marine LE PEN,Marine LE PEN,True
21175,2022,Marine LE PEN,Marine LE PEN,True
21176,2022,Marine LE PEN,Marine LE PEN,True
21177,2022,Marine LE PEN,Marine LE PEN,True
21178,2022,Marine LE PEN,Marine LE PEN,True
21179,2022,Marine LE PEN,Marine LE PEN,True
21180,2022,Marine LE PEN,Marine LE PEN,True
21181,2022,Emmanuel MACRON,François FILLON,False
21182,2022,Emmanuel MACRON,François FILLON,False
21183,2022,Marine LE PEN,Marine LE PEN,True
21184,2022,Marine LE PEN,Marine LE PEN,True
21185,2022,Marine LE PEN,Marine LE PEN,True
21186,2022,Emmanuel MACRON,François FILLON,False
21187,2022,Emmanuel MACRON,François FILLON,False
21188,2022,Marine LE PEN,Marine LE PEN,True
21189,2022,Marine LE PEN,Marine LE PEN,True
21190,2022,Emmanuel MACRON,François FILLON,False
21191,2022,Emmanuel MACRON,François FILLON,False
21192,2022,Marine LE PEN,Marine LE PEN,True
21193,2022,Marine LE PEN,Marine LE PEN,True
21194,2022,Emmanuel MACRON,François FILLON,False
21195,2022,Emmanuel MACRON,François FILLON,False
21196,2022,Emmanuel MACRON,François FILLON,False
21197,2022,Marine LE PEN,Marine LE PEN,True
21198,2022,Emmanuel MACRON,François FILLON,False
21199,2022,Marine LE PEN,Marine LE PEN,True
21200,2022,Marine LE PEN,Marine LE PEN,True
21201,2022,Emmanuel MACRON,François FILLON,False
21202,2022,Emmanuel MACRON,François FILLON,False
21203,2022,Emmanuel MACRON,François FILLON,False
21204,2022,Emmanuel MACRON,François FILLON,False
21205,2022,Emmanuel MACRON,François FILLON,False
21206,2022,Marine LE PEN,Marine LE PEN,True
21207,2022,Marine LE PEN,Marine LE PEN,True
21208,2022,Emmanuel MACRON,François FILLON,False
21209,2022,Emmanuel MACRON,François FILLON,False
21210,2022,Marine LE PEN,Marine LE PEN,True
21211,2022,Emmanuel MACRON,François FILLON,False
21212,2022,Emmanuel MACRON,François FILLON,False
21213,2022,Marine LE PEN,Marine LE PEN,True
21214,2022,Marine LE PEN,Marine LE PEN,True
21215,2022,Marine LE PEN,Marine LE PEN,True
21216,2022,Marine LE PEN,Marine LE PEN,True
21217,2022,Emmanuel MACRON,Emmanuel MACRON,True
21218,2022,Marine LE PEN,Marine LE PEN,True
21219,2022,Marine LE PEN,Marine LE PEN,True
21220,2022,Marine LE PEN,Marine LE PEN,True
21221,2022,Marine LE PEN,Marine LE PEN,True
21222,2022,Marine LE PEN,Marine LE PEN,True
21223,2022,Marine LE PEN,Marine LE PEN,True
21224,2022,Marine LE PEN,Marine LE PEN,True
21225,2022,Marine LE PEN,Marine LE PEN,True
21226,2022,Marine LE PEN,Marine LE PEN,True
21227,2022,Marine LE PEN,Marine LE PEN,True
21228,2022,Marine LE PEN,Marine LE PEN,True
21229,2022,Marine LE PEN,Marine LE PEN,True
21230,2022,Marine LE PEN,Marine LE PEN,True
21231,2022,Marine LE PEN,Marine LE PEN,True
21232,2022,Emmanuel MACRON,François FILLON,False
21233,2022,Marine LE PEN,Marine LE PEN,True
21234,2022,Marine LE PEN,Marine LE PEN,True
21235,2022,Marine LE PEN,Marine LE PEN,True
21236,2022,Marine LE PEN,Marine LE PEN,True
21237,2022,Marine LE PEN,Marine LE PEN,True
21238,2022,Marine LE PEN,Marine LE PEN,True
21239,2022,Marine LE PEN,Marine LE PEN,True
21240,2022,Marine LE PEN,Marine LE PEN,True
21241,2022,Marine LE PEN,Marine LE PEN,True
21242,2022,Marine LE PEN,Marine LE PEN,True
21243,2022,Marine LE PEN,Marine LE PEN,True
21244,2022,Emmanuel MACRON,François FILLON,False
21245,2022,Emmanuel MACRON,François FILLON,False
21246,2022,Marine LE PEN,Marine LE PEN,True
21247,2022,Marine LE PEN,Marine LE PEN,True
21248,2022,Marine LE PEN,Marine LE PEN,True
21249,2022,Marine LE PEN,Marine LE PEN,True
21250,2022,Emmanuel MACRON,François FILLON,False
21251,2022,Emmanuel MACRON,François FILLON,False
21252,2022,Marine LE PEN,Marine LE PEN,True
21253,2022,Marine LE PEN,Marine LE PEN,True
21254,2022,Emmanuel MACRON,François FILLON,False
21255,2022,Emmanuel MACRON,François FILLON,False
21256,2022,Marine LE PEN,Marine LE PEN,True
21257,2022,Jean-Luc MÉLENCHON,Jean-Luc MÉLENCHON,True
21258,2022,Jean-Luc MÉLENCHON,Jean-Luc MÉLENCHON,True
21259,2022,Marine LE PEN,Marine LE PEN,True
21260,2022,Marine LE PEN,Marine LE PEN,True
21261,2022,Marine LE PEN,Marine LE PEN,True
21262,2022,Marine LE PEN,Marine LE PEN,True
21263,2022,Emmanuel MACRON,François FILLON,False
21264,2022,Marine LE PEN,Marine LE PEN,True
21265,2022,Emmanuel MACRON,François FILLON,False
21266,2022,Marine LE PEN,Marine LE PEN,True
21267,2022,Marine LE PEN,Marine LE PEN,True
21268,2022,Marine LE PEN,Marine LE PEN,True
21269,2022,Emmanuel MACRON,François FILLON,False
21270,2022,Marine LE PEN,Marine LE PEN,True
21271,2022,Emmanuel MACRON,François FILLON,False
21272,2022,Marine LE PEN,Marine LE PEN,True
21273,2022,Marine LE PEN,Marine LE PEN,True
21274,2022,Marine LE PEN,Marine LE PEN,True
21275,2022,Marine LE PEN,Marine LE PEN,True
21276,2022,Marine LE PEN,Marine LE PEN,True
21277,2022,Marine LE PEN,Marine LE PEN,True
21278,2022,Marine LE PEN,Marine LE PEN,True
21279,2022,Marine LE PEN,Marine LE PEN,True
21280,2022,Marine LE PEN,Marine LE PEN,True
21281,2022,Marine LE PEN,Marine LE PEN,True
21282,2022,Marine LE PEN,Marine LE PEN,True
21283,2022,Marine LE PEN,Marine LE PEN,True
21284,2022,Marine LE PEN,Marine LE PEN,True
21285,2022,Marine LE PEN,Marine LE PEN,True
21286,2022,Marine LE PEN,Marine LE PEN,True
21287,2022,Marine LE PEN,Marine LE PEN,True
21288,2022,Marine LE PEN,Marine LE PEN,True
21289,2022,Marine LE PEN,Marine LE PEN,True
21290,2022,Marine LE PEN,Marine LE PEN,True
21291,2022,Marine LE PEN,Marine LE PEN,True
21292,2022,Marine LE PEN,Marine LE PEN,True
21293,2022,Marine LE PEN,Marine LE PEN,True
21294,2022,Emmanuel MACRON,François FILLON,False
21295,2022,Marine LE PEN,Marine LE PEN,True
21296,2022,Marine LE PEN,Marine LE PEN,True
21297,2022,Marine LE PEN,Marine LE PEN,True
21298,2022,Emmanuel MACRON,François FILLON,False
21299,2022,Marine LE PEN,Marine LE PEN,True
21300,2022,Marine LE PEN,Marine LE PEN,True
21301,2022,Marine LE PEN,Marine LE PEN,True
21302,2022,Marine LE PEN,Marine LE PEN,True
21303,2022,Marine LE PEN,Marine LE PEN,True
21304,2022,Marine LE PEN,Marine LE PEN,True
21305,2022,Marine LE PEN,Marine LE PEN,True
21306,2022,Marine LE PEN,Marine LE PEN,True
21307,2022,Marine LE PEN,Marine LE PEN,True
21308,2022,Marine LE PEN,Marine LE PEN,True
21309,2022,Marine LE PEN,Marine LE PEN,True
21310,2022,Marine LE PEN,Marine LE PEN,True
21311,2022,Marine LE PEN,Marine LE PEN,True
21312,2022,Marine LE PEN,Marine LE PEN,True
21313,2022,Marine LE PEN,Marine LE PEN,True
21314,2022,Emmanuel MACRON,François FILLON,False
21315,2022,Marine LE PEN,Marine LE PEN,True
21316,2022,Marine LE PEN,Marine LE PEN,True
21317,2022,Marine LE PEN,Marine LE PEN,True
21318,2022,Marine LE PEN,Marine LE PEN,True
21319,2022,Marine LE PEN,Marine LE PEN,True
21320,2022,Marine LE PEN,Marine LE PEN,True
21321,2022,Marine LE PEN,Marine LE PEN,True
21322,2022,Marine LE PEN,Marine LE PEN,True
21323,2022,Marine LE PEN,Marine LE PEN,True
21324,2022,Marine LE PEN,Marine LE PEN,True
21325,2022,Marine LE PEN,Marine LE PEN,True
21326,2022,Marine LE PEN,Marine LE PEN,True
21327,2022,Marine LE PEN,Marine LE PEN,True
21328,2022,Marine LE PEN,Marine LE PEN,True
21329,2022,Marine LE PEN,Marine LE PEN,True
21330,2022,Emmanuel MACRON,François FILLON,False
21331,2022,Marine LE PEN,Marine LE PEN,True
21332,2022,Jean-Luc MÉLENCHON,François FILLON,False
21333,2022,Marine LE PEN,Marine LE PEN,True
21334,2022,Emmanuel MACRON,François FILLON,False
21335,2022,Marine LE PEN,Marine LE PEN,True
21336,2022,Marine LE PEN,Marine LE PEN,True
21337,2022,Marine LE PEN,Marine LE PEN,True
21338,2022,Marine LE PEN,Marine LE PEN,True
21339,2022,Marine LE PEN,Marine LE PEN,True
21340,2022,Marine LE PEN,Marine LE PEN,True
21341,2022,Marine LE PEN,Marine LE PEN,True
21342,2022,Emmanuel MACRON,François FILLON,False
21343,2022,Marine LE PEN,Marine LE PEN,True
21344,2022,Marine LE PEN,Marine LE PEN,True
21345,2022,Marine LE PEN,Marine LE PEN,True
21346,2022,Marine LE PEN,Marine LE PEN,True
21347,2022,Marine LE PEN,Marine LE PEN,True
21348,2022,Marine LE PEN,Marine LE PEN,True
21349,2022,Marine LE PEN,Marine LE PEN,True
21350,2022,Marine LE PEN,Marine LE PEN,True
21351,2022,Marine LE PEN,Marine LE PEN,True
21352,2022,Marine LE PEN,Marine LE PEN,True
21353,2022,Marine LE PEN,Marine LE PEN,True
21354,2022,Emmanuel MACRON,François FILLON,False
21355,2022,Marine LE PEN,Marine LE PEN,True
21356,2022,Emmanuel MACRON,François FILLON,False
21357,2022,Marine LE PEN,Marine LE PEN,True
21358,2022,Marine LE PEN,Marine LE PEN,True
21359,2022,Marine LE PEN,Marine LE PEN,True
21360,2022,Marine LE PEN,Marine LE PEN,True
21361,2022,Marine LE PEN,Marine LE PEN,True
21362,2022,Marine LE PEN,Marine LE PEN,True
21363,2022,Marine LE PEN,Marine LE PEN,True
21364,2022,Emmanuel MACRON,François FILLON,False
21365,2022,Marine LE PEN,Marine LE PEN,True
21366,2022,Marine LE PEN,Marine LE PEN,True
21367,2022,Marine LE PEN,Marine LE PEN,True
21368,2022,Marine LE PEN,Marine LE PEN,True
21369,2022,Marine LE PEN,Marine LE PEN,True
21370,2022,Emmanuel MACRON,François FILLON,False
21371,2022,Marine LE PEN,Marine LE PEN,True
21372,2022,Marine LE PEN,Marine LE PEN,True
21373,2022,Marine LE PEN,Marine LE PEN,True
21374,2022,Marine LE PEN,Marine LE PEN,True
21375,2022,Marine LE PEN,Marine LE PEN,True
21376,2022,Marine LE PEN,Marine LE PEN,True
21377,2022,Marine LE PEN,Marine LE PEN,True
21378,2022,Marine LE PEN,Marine LE PEN,True
21379,2022,Marine LE PEN,Marine LE PEN,True
21380,2022,Marine LE PEN,Marine LE PEN,True
21381,2022,Emmanuel MACRON,François FILLON,False
21382,2022,Marine LE PEN,Marine LE PEN,True
21383,2022,Marine LE PEN,Marine LE PEN,True
21384,2022,Marine LE PEN,Marine LE PEN,True
21385,2022,Marine LE PEN,Marine LE PEN,True
21386,2022,Marine LE PEN,Marine LE PEN,True
21387,2022,Marine LE PEN,Marine LE PEN,True
21388,2022,Marine LE PEN,Marine LE PEN,True
21389,2022,Emmanuel MACRON,François FILLON,False
21390,2022,Marine LE PEN,Marine LE PEN,True
21391,2022,Marine LE PEN,Marine LE PEN,True
21392,2022,Marine LE PEN,Marine LE PEN,True
21393,2022,Marine LE PEN,Marine LE PEN,True
21394,2022,Marine LE PEN,Marine LE PEN,True
21395,2022,Marine LE PEN,Marine LE PEN,True
21396,2022,Emmanuel MACRON,François FILLON,False
21397,2022,Marine LE PEN,Marine LE PEN,True
21398,2022,Emmanuel MACRON,François FILLON,False
21399,2022,Marine LE PEN,Marine LE PEN,True
21400,2022,Marine LE PEN,Marine LE PEN,True
21401,2022,Marine LE PEN,Marine LE PEN,True
21402,2022,Emmanuel MACRON,François FILLON,False
21403,2022,Marine LE PEN,Marine LE PEN,True
21404,2022,Marine LE PEN,Marine LE PEN,True
21405,2022,Marine LE PEN,Marine LE PEN,True
21406,2022,Marine LE PEN,Marine LE PEN,True
21407,2022,Marine LE PEN,Marine LE PEN,True
21408,2022,Marine LE PEN,Marine LE PEN,True
21409,2022,Emmanuel MACRON,François FILLON,False
21410,2022,Emmanuel MACRON,François FILLON,False
21411,2022,Marine LE PEN,Marine LE PEN,True
21412,2022,Marine LE PEN,Marine LE PEN,True
21413,2022,Marine LE PEN,Marine LE PEN,True
21414,2022,Marine LE PEN,Marine LE PEN,True
21415,2022,Marine LE PEN,Marine LE PEN,True
21416,2022,Marine LE PEN,Marine LE PEN,True
21417,2022,Marine LE PEN,Marine LE PEN,True
21418,2022,Marine LE PEN,Marine LE PEN,True
21419,2022,Emmanuel MACRON,François FILLON,False
21420,2022,Marine LE PEN,Marine LE PEN,True
21421,2022,Marine LE PEN,Marine LE PEN,True
21422,2022,Marine LE PEN,Marine LE PEN,True
21423,2022,Marine LE PEN,Marine LE PEN,True
21424,2022,Marine LE PEN,Marine LE PEN,True
21425,2022,Marine LE PEN,Marine LE PEN,True
21426,2022,Emmanuel MACRON,François FILLON,False
21427,2022,Marine LE PEN,Marine LE PEN,True
21428,2022,Emmanuel MACRON,François FILLON,False
21429,2022,Marine LE PEN,Marine LE PEN,True
21430,2022,Marine LE PEN,Marine LE PEN,True
21431,2022,Marine LE PEN,Marine LE PEN,True
21432,2022,Marine LE PEN,Marine LE PEN,True
21433,2022,Marine LE PEN,Marine LE PEN,True
21434,2022,Marine LE PEN,Marine LE PEN,True
21435,2022,Marine LE PEN,Marine LE PEN,True
21436,2022,Marine LE PEN,Marine LE PEN,True
21437,2022,Marine LE PEN,Marine LE PEN,True
21438,2022,Marine LE PEN,Marine LE PEN,True
21439,2022,Emmanuel MACRON,François FILLON,False
21440,2022,Emmanuel MACRON,François FILLON,False
21441,2022,Marine LE PEN,Marine LE PEN,True
21442,2022,Marine LE PEN,Marine LE PEN,True
21443,2022,Marine LE PEN,Marine LE PEN,True
21444,2022,Emmanuel MACRON,François FILLON,False
21445,2022,Marine LE PEN,Marine LE PEN,True
21446,2022,Marine LE PEN,Marine LE PEN,True
21447,2022,Jean-Luc MÉLENCHON,François FILLON,False
21448,2022,Marine LE PEN,Marine LE PEN,True
21449,2022,Marine LE PEN,Marine LE PEN,True
21450,2022,Marine LE PEN,Marine LE PEN,True
21451,2022,Marine LE PEN,Marine LE PEN,True
21452,2022,Marine LE PEN,Marine LE PEN,True
21453,2022,Marine LE PEN,Marine LE PEN,True
21454,2022,Emmanuel MACRON,François FILLON,False
21455,2022,Marine LE PEN,Marine LE PEN,True
21456,2022,Marine LE PEN,Marine LE PEN,True
21457,2022,Emmanuel MACRON,François FILLON,False
21458,2022,Marine LE PEN,Marine LE PEN,True
21459,2022,Marine LE PEN,Marine LE PEN,True
21460,2022,Marine LE PEN,Marine LE PEN,True
21461,2022,Marine LE PEN,Marine LE PEN,True
21462,2022,Emmanuel MACRON,François FILLON,False
21463,2022,Marine LE PEN,Marine LE PEN,True
21464,2022,Marine LE PEN,Marine LE PEN,True
21465,2022,Marine LE PEN,Marine LE PEN,True
21466,2022,Marine LE PEN,Marine LE PEN,True
21467,2022,Marine LE PEN,Marine LE PEN,True
21468,2022,Marine LE PEN,Marine LE PEN,True
21469,2022,Marine LE PEN,Marine LE PEN,True
21470,2022,Marine LE PEN,Marine LE PEN,True
21471,2022,Emmanuel MACRON,François FILLON,False
21472,2022,Marine LE PEN,Marine LE PEN,True
21473,2022,Marine LE PEN,Marine LE PEN,True
21474,2022,Marine LE PEN,Marine LE PEN,True
21475,2022,Emmanuel MACRON,François FILLON,False
21476,2022,Emmanuel MACRON,François FILLON,False
21477,2022,Emmanuel MACRON,François FILLON,False
21478,2022,Marine LE PEN,Marine LE PEN,True
21479,2022,Emmanuel MACRON,François FILLON,False
21480,2022,Marine LE PEN,Marine LE PEN,True
21481,2022,Marine LE PEN,Marine LE PEN,True
21482,2022,Marine LE PEN,Marine LE PEN,True
21483,2022,Emmanuel MACRON,François FILLON,False
21484,2022,Marine LE PEN,Marine LE PEN,True
21485,2022,Emmanuel MACRON,François FILLON,False
21486,2022,Marine LE PEN,Marine LE PEN,True
21487,2022,Emmanuel MACRON,François FILLON,False
21488,2022,Marine LE PEN,Marine LE PEN,True
21489,2022,Emmanuel MACRON,François FILLON,False
21490,2022,Marine LE PEN,Marine LE PEN,True
21491,2022,Emmanuel MACRON,François FILLON,False
21492,2022,Emmanuel MACRON,François FILLON,False
21493,2022,Emmanuel MACRON,François FILLON,False
21494,2022,Marine LE PEN,Marine LE PEN,True
21495,2022,Marine LE PEN,Marine LE PEN,True
21496,2022,Marine LE PEN,Marine LE PEN,True
21497,2022,Marine LE PEN,Marine LE PEN,True
21498,2022,Marine LE PEN,Marine LE PEN,True
21499,2022,Emmanuel MACRON,Jean-Luc MÉLENCHON,False
21500,2022,Marine LE PEN,Marine LE PEN,True
21501,2022,Marine LE PEN,Marine LE PEN,True
21502,2022,Marine LE PEN,Marine LE PEN,True
21503,2022,Emmanuel MACRON,François FILLON,False
21504,2022,Marine LE PEN,Marine LE PEN,True
21505,2022,Marine LE PEN,Marine LE PEN,True
21506,2022,Nicolas DUPONT-AIGNAN,François FILLON,False
21507,2022,Marine LE PEN,Marine LE PEN,True
21508,2022,Marine LE PEN,Marine LE PEN,True
21509,2022,Marine LE PEN,Marine LE PEN,True
21510,2022,Marine LE PEN,Marine LE PEN,True
21511,2022,Emmanuel MACRON,François FILLON,False
21512,2022,Marine LE PEN,Marine LE PEN,True
21513,2022,Marine LE PEN,Marine LE PEN,True
21514,2022,Marine LE PEN,Marine LE PEN,True
21515,2022,Emmanuel MACRON,François FILLON,False
21516,2022,Emmanuel MACRON,Jean-Luc MÉLENCHON,False
21517,2022,Marine LE PEN,Marine LE PEN,True
21518,2022,Emmanuel MACRON,François FILLON,False
21519,2022,Marine LE PEN,Marine LE PEN,True
21520,2022,Marine LE PEN,Marine LE PEN,True
21521,2022,Marine LE PEN,Marine LE PEN,True
21522,2022,Marine LE PEN,Marine LE PEN,True
21523,2022,Emmanuel MACRON,François FILLON,False
21524,2022,Marine LE PEN,Marine LE PEN,True
21525,2022,Marine LE PEN,Marine LE PEN,True
21526,2022,Marine LE PEN,Marine LE PEN,True
21527,2022,Marine LE PEN,Marine LE PEN,True
21528,2022,Marine LE PEN,Marine LE PEN,True
21529,2022,Marine LE PEN,Marine LE PEN,True
21530,2022,Marine LE PEN,Marine LE PEN,True
21531,2022,Marine LE PEN,Marine LE PEN,True
21532,2022,Emmanuel MACRON,François FILLON,False
21533,2022,Marine LE PEN,Marine LE PEN,True
21534,2022,Marine LE PEN,Marine LE PEN,True
21535,2022,Marine LE PEN,Marine LE PEN,True
21536,2022,Marine LE PEN,Marine LE PEN,True
21537,2022,Marine LE PEN,Marine LE PEN,True
21538,2022,Emmanuel MACRON,François FILLON,False
21539,2022,Marine LE PEN,Marine LE PEN,True
21540,2022,Marine LE PEN,Marine LE PEN,True
21541,2022,Marine LE PEN,Marine LE PEN,True
21542,2022,Marine LE PEN,Marine LE PEN,True
21543,2022,Marine LE PEN,Marine LE PEN,True
21544,2022,Marine LE PEN,Marine LE PEN,True
21545,2022,Emmanuel MACRON,François FILLON,False
21546,2022,Emmanuel MACRON,François FILLON,False
21547,2022,Emmanuel MACRON,François FILLON,False
21548,2022,Marine LE PEN,Marine LE PEN,True
21549,2022,Marine LE PEN,Marine LE PEN,True
21550,2022,Marine LE PEN,Marine LE PEN,True
21551,2022,Marine LE PEN,Marine LE PEN,True
21552,2022,Marine LE PEN,Marine LE PEN,True
21553,2022,Marine LE PEN,Marine LE PEN,True
21554,2022,Marine LE PEN,Marine LE PEN,True
21555,2022,Marine LE PEN,Marine LE PEN,True
21556,2022,Marine LE PEN,Marine LE PEN,True
21557,2022,Marine LE PEN,Marine LE PEN,True
21558,2022,Emmanuel MACRON,François FILLON,False
21559,2022,Marine LE PEN,Marine LE PEN,True
21560,2022,Emmanuel MACRON,François FILLON,False
21561,2022,Marine LE PEN,Marine LE PEN,True
21562,2022,Marine LE PEN,Marine LE PEN,True
21563,2022,Marine LE PEN,Marine LE PEN,True
21564,2022,Marine LE PEN,Marine LE PEN,True
21565,2022,Marine LE PEN,Marine LE PEN,True
21566,2022,Emmanuel MACRON,François FILLON,False
21567,2022,Emmanuel MACRON,François FILLON,False
21568,2022,Marine LE PEN,Marine LE PEN,True
21569,2022,Marine LE PEN,Marine LE PEN,True
21570,2022,Marine LE PEN,Marine LE PEN,True
21571,2022,Marine LE PEN,Marine LE PEN,True
21572,2022,Marine LE PEN,Marine LE PEN,True
21573,2022,Marine LE PEN,Marine LE PEN,True
21574,2022,Marine LE PEN,Marine LE PEN,True
21575,2022,Marine LE PEN,Marine LE PEN,True
21576,2022,Marine LE PEN,Marine LE PEN,True
21577,2022,Marine LE PEN,Marine LE PEN,True
21578,2022,Emmanuel MACRON,François FILLON,False
21579,2022,Emmanuel MACRON,François FILLON,False
21580,2022,Emmanuel MACRON,François FILLON,False
21581,2022,Marine LE PEN,Marine LE PEN,True
21582,2022,Marine LE PEN,Marine LE PEN,True
21583,2022,Marine LE PEN,Marine LE PEN,True
21584,2022,Marine LE PEN,Marine LE PEN,True
21585,2022,Emmanuel MACRON,François FILLON,False
21586,2022,Emmanuel MACRON,François FILLON,False
21587,2022,Emmanuel MACRON,François FILLON,False
21588,2022,Marine LE PEN,Marine LE PEN,True
21589,2022,Marine LE PEN,Marine LE PEN,True
21590,2022,Emmanuel MACRON,François FILLON,False
21591,2022,Marine LE PEN,Marine LE PEN,True
21592,2022,Marine LE PEN,Marine LE PEN,True
21593,2022,Marine LE PEN,Marine LE PEN,True
21594,2022,Marine LE PEN,Marine LE PEN,True
21595,2022,Emmanuel MACRON,François FILLON,False
21596,2022,Marine LE PEN,Marine LE PEN,True
21597,2022,Marine LE PEN,Marine LE PEN,True
21598,2022,Emmanuel MACRON,François FILLON,False
21599,2022,Marine LE PEN,Marine LE PEN,True
21600,2022,Marine LE PEN,Marine LE PEN,True
21601,2022,Marine LE PEN,Marine LE PEN,True
21602,2022,Emmanuel MACRON,François FILLON,False
21603,2022,Marine LE PEN,Marine LE PEN,True
21604,2022,Marine LE PEN,Marine LE PEN,True
21605,2022,Marine LE PEN,Marine LE PEN,True
21606,2022,Marine LE PEN,Marine LE PEN,True
21607,2022,Emmanuel MACRON,François FILLON,False
21608,2022,Emmanuel MACRON,François FILLON,False
21609,2022,Marine LE PEN,Marine LE PEN,True
21610,2022,Marine LE PEN,Marine LE PEN,True
21611,2022,Emmanuel MACRON,François FILLON,False
21612,2022,Marine LE PEN,Marine LE PEN,True
21613,2022,Marine LE PEN,Marine LE PEN,True
21614,2022,Marine LE PEN,Marine LE PEN,True
21615,2022,Marine LE PEN,Marine LE PEN,True
21616,2022,Marine LE PEN,Marine LE PEN,True
21617,2022,Marine LE PEN,Marine LE PEN,True
21619,2022,Marine LE PEN,Marine LE PEN,True
21620,2022,Marine LE PEN,Marine LE PEN,True
21621,2022,Emmanuel MACRON,François FILLON,False
21622,2022,Marine LE PEN,Marine LE PEN,True
21623,2022,Marine LE PEN,Marine LE PEN,True
21624,2022,Marine LE PEN,Marine LE PEN,True
21625,2022,Marine LE PEN,Marine LE PEN,True
21626,2022,Marine LE PEN,Marine LE PEN,True
21627,2022,Marine LE PEN,Marine LE PEN,True
21628,2022,Marine LE PEN,Marine LE PEN,True
21629,2022,Marine LE PEN,Marine LE PEN,True
21630,2022,Marine LE PEN,Marine LE PEN,True
21631,2022,Marine LE PEN,Marine LE PEN,True
21632,2022,Marine LE PEN,Marine LE PEN,True
21633,2022,Emmanuel MACRON,François FILLON,False
21634,2022,Emmanuel MACRON,François FILLON,False
21635,2022,Emmanuel MACRON,François FILLON,False
21636,2022,Emmanuel MACRON,François FILLON,False
21637,2022,Emmanuel MACRON,François FILLON,False
21638,2022,Marine LE PEN,Marine LE PEN,True
21639,2022,Marine LE PEN,Marine LE PEN,True
21640,2022,Emmanuel MACRON,François FILLON,False
21641,2022,Jean-Luc MÉLENCHON,François FILLON,False
21642,2022,Marine LE PEN,Marine LE PEN,True
21643,2022,Marine LE PEN,Marine LE PEN,True
21644,2022,Emmanuel MACRON,François FILLON,False
21645,2022,Emmanuel MACRON,François FILLON,False
21646,2022,Marine LE PEN,Marine LE PEN,True
21647,2022,Marine LE PEN,Marine LE PEN,True
21648,2022,Emmanuel MACRON,François FILLON,False
21649,2022,Marine LE PEN,Marine LE PEN,True
21650,2022,Marine LE PEN,Marine LE PEN,True
21651,2022,Marine LE PEN,Marine LE PEN,True
21652,2022,Marine LE PEN,Marine LE PEN,True
21653,2022,Marine LE PEN,Marine LE PEN,True
21654,2022,Marine LE PEN,Marine LE PEN,True
21655,2022,Marine LE PEN,Marine LE PEN,True
21656,2022,Emmanuel MACRON,François FILLON,False
21657,2022,Marine LE PEN,Marine LE PEN,True
21658,2022,Marine LE PEN,Marine LE PEN,True
21659,2022,Marine LE PEN,Marine LE PEN,True
21660,2022,Marine LE PEN,Marine LE PEN,True
21661,2022,Marine LE PEN,Marine LE PEN,True
21662,2022,Emmanuel MACRON,Jean-Luc MÉLENCHON,False
21663,2022,Marine LE PEN,Marine LE PEN,True
21664,2022,Marine LE PEN,Marine LE PEN,True
21665,2022,Emmanuel MACRON,François FILLON,False
21666,2022,Marine LE PEN,Marine LE PEN,True
21667,2022,Marine LE PEN,Marine LE PEN,True
21668,2022,Marine LE PEN,Marine LE PEN,True
21669,2022,Marine LE PEN,Marine LE PEN,True
21670,2022,Marine LE PEN,Marine LE PEN,True
21671,2022,Emmanuel MACRON,François FILLON,False
21672,2022,Emmanuel MACRON,François FILLON,False
21673,2022,Emmanuel MACRON,François FILLON,False
21674,2022,Marine LE PEN,Marine LE PEN,True
21675,2022,Marine LE PEN,Marine LE PEN,True
21676,2022,Marine LE PEN,Marine LE PEN,True
21677,2022,Marine LE PEN,Marine LE PEN,True
21678,2022,Marine LE PEN,Marine LE PEN,True
21679,2022,Emmanuel MACRON,François FILLON,False
21680,2022,Emmanuel MACRON,François FILLON,False
21681,2022,Marine LE PEN,Marine LE PEN,True
21682,2022,Emmanuel MACRON,François FILLON,False
21683,2022,Marine LE PEN,Marine LE PEN,True
21684,2022,Emmanuel MACRON,François FILLON,False
21685,2022,Emmanuel MACRON,François FILLON,False
21686,2022,Emmanuel MACRON,François FILLON,False
21687,2022,Marine LE PEN,Marine LE PEN,True
21688,2022,Marine LE PEN,Marine LE PEN,True
21689,2022,Marine LE PEN,Marine LE PEN,True
21690,2022,Marine LE PEN,Marine LE PEN,True
21691,2022,Marine LE PEN,Marine LE PEN,True
21692,2022,Emmanuel MACRON,François FILLON,False
21693,2022,Marine LE PEN,Marine LE PEN,True
21694,2022,Marine LE PEN,Marine LE PEN,True
21695,2022,Marine LE PEN,Marine LE PEN,True
21696,2022,Emmanuel MACRON,Jean-Luc MÉLENCHON,False
21697,2022,Marine LE PEN,Marine LE PEN,True
21698,2022,Marine LE PEN,Marine LE PEN,True
21699,2022,Marine LE PEN,Marine LE PEN,True
21700,2022,Marine LE PEN,Marine LE PEN,True
21701,2022,Marine LE PEN,Marine LE PEN,True
21702,2022,Emmanuel MACRON,François FILLON,False
21703,2022,Marine LE PEN,Marine LE PEN,True
21704,2022,Emmanuel MACRON,François FILLON,False
21705,2022,Marine LE PEN,Marine LE PEN,True
21706,2022,Marine LE PEN,Marine LE PEN,True
21707,2022,Marine LE PEN,Marine LE PEN,True
21708,2022,Emmanuel MACRON,François FILLON,False
21709,2022,Marine LE PEN,Marine LE PEN,True
21710,2022,Marine LE PEN,Marine LE PEN,True
21711,2022,Marine LE PEN,Marine LE PEN,True
21712,2022,Jean-Luc MÉLENCHON,François FILLON,False
21713,2022,Jean-Luc MÉLENCHON,François FILLON,False
21714,2022,Marine LE PEN,Marine LE PEN,True
21715,2022,Emmanuel MACRON,François FILLON,False
21716,2022,Marine LE PEN,Marine LE PEN,True
21717,2022,Marine LE PEN,Marine LE PEN,True
21718,2022,Emmanuel MACRON,François FILLON,False
21719,2022,Marine LE PEN,Marine LE PEN,True
21720,2022,Emmanuel MACRON,François FILLON,False
21721,2022,Marine LE PEN,Marine LE PEN,True
21722,2022,Emmanuel MACRON,François FILLON,False
21723,2022,Emmanuel MACRON,François FILLON,False
21724,2022,Marine LE PEN,Marine LE PEN,True
21725,2022,Marine LE PEN,Marine LE PEN,True
21726,2022,Marine LE PEN,Marine LE PEN,True
21727,2022,Marine LE PEN,Marine LE PEN,True
21728,2022,Marine LE PEN,Marine LE PEN,True
21729,2022,Emmanuel MACRON,François FILLON,False
21730,2022,Emmanuel MACRON,François FILLON,False
21731,2022,Marine LE PEN,Marine LE PEN,True
21732,2022,Marine LE PEN,Marine LE PEN,True
21733,2022,Marine LE PEN,Marine LE PEN,True
21734,2022,Marine LE PEN,Marine LE PEN,True
21735,2022,Marine LE PEN,Marine LE PEN,True
21736,2022,Marine LE PEN,Marine LE PEN,True
21737,2022,Marine LE PEN,Marine LE PEN,True
21738,2022,Marine LE PEN,Marine LE PEN,True
21739,2022,Marine LE PEN,Marine LE PEN,True
21740,2022,Marine LE PEN,Marine LE PEN,True
21741,2022,Marine LE PEN,Marine LE PEN,True
21742,2022,Marine LE PEN,Marine LE PEN,True
21743,2022,Emmanuel MACRON,François FILLON,False
21744,2022,Marine LE PEN,Marine LE PEN,True
21745,2022,Marine LE PEN,Marine LE PEN,True
21746,2022,Marine LE PEN,Marine LE PEN,True
21747,2022,Marine LE PEN,Marine LE PEN,True
21748,2022,Marine LE PEN,Marine LE PEN,True
21750,2022,Marine LE PEN,Marine LE PEN,True
21751,2022,Marine LE PEN,Marine LE PEN,True
21752,2022,Marine LE PEN,Marine LE PEN,True
21753,2022,Marine LE PEN,Marine LE PEN,True
21754,2022,Marine LE PEN,Marine LE PEN,True
21755,2022,Marine LE PEN,Marine LE PEN,True
21756,2022,Emmanuel MACRON,François FILLON,False
21757,2022,Emmanuel MACRON,François FILLON,False
21758,2022,Marine LE PEN,Marine LE PEN,True
21759,2022,Emmanuel MACRON,François FILLON,False
21760,2022,Marine LE PEN,Marine LE PEN,True
21761,2022,Marine LE PEN,Marine LE PEN,True
21762,2022,Marine LE PEN,Marine LE PEN,True
21763,2022,Emmanuel MACRON,François FILLON,False
21764,2022,Marine LE PEN,Marine LE PEN,True
21765,2022,Emmanuel MACRON,François FILLON,False
21766,2022,Emmanuel MACRON,François FILLON,False
21767,2022,Marine LE PEN,Marine LE PEN,True
21768,2022,Marine LE PEN,Marine LE PEN,True
21769,2022,Marine LE PEN,Marine LE PEN,True
21770,2022,Marine LE PEN,Marine LE PEN,True
21771,2022,Marine LE PEN,Marine LE PEN,True
21772,2022,Marine LE PEN,Marine LE PEN,True
21773,2022,Marine LE PEN,Marine LE PEN,True
21774,2022,Marine LE PEN,Marine LE PEN,True
21775,2022,Jean-Luc MÉLENCHON,Jean-Luc MÉLENCHON,True
21776,2022,Marine LE PEN,Marine LE PEN,True
21777,2022,Emmanuel MACRON,François FILLON,False
21778,2022,Marine LE PEN,Marine LE PEN,True
21779,2022,Marine LE PEN,Marine LE PEN,True
21780,2022,Marine LE PEN,Marine LE PEN,True
21781,2022,Emmanuel MACRON,Jean-Luc MÉLENCHON,False
21782,2022,Marine LE PEN,Marine LE PEN,True
21783,2022,Marine LE PEN,Marine LE PEN,True
21784,2022,Marine LE PEN,Marine LE PEN,True
21785,2022,Marine LE PEN,Marine LE PEN,True
21786,2022,Emmanuel MACRON,François FILLON,False
21787,2022,Emmanuel MACRON,François FILLON,False
21788,2022,Marine LE PEN,Marine LE PEN,True
21789,2022,Emmanuel MACRON,François FILLON,False
21790,2022,Marine LE PEN,Marine LE PEN,True
21791,2022,Marine LE PEN,Marine LE PEN,True
21792,2022,Marine LE PEN,Marine LE PEN,True
21793,2022,Emmanuel MACRON,François FILLON,False
21794,2022,Marine LE PEN,Marine LE PEN,True
21795,2022,Marine LE PEN,Marine LE PEN,True
21796,2022,Marine LE PEN,Marine LE PEN,True
21797,2022,Marine LE PEN,Marine LE PEN,True
21798,2022,Marine LE PEN,Marine LE PEN,True
21799,2022,Marine LE PEN,Marine LE PEN,True
21800,2022,Emmanuel MACRON,François FILLON,False
21801,2022,Marine LE PEN,Marine LE PEN,True
21802,2022,Emmanuel MACRON,François FILLON,False
21803,2022,Marine LE PEN,Marine LE PEN,True
21804,2022,Marine LE PEN,Marine LE PEN,True
21805,2022,Emmanuel MACRON,François FILLON,False
21806,2022,Emmanuel MACRON,François FILLON,False
21807,2022,Emmanuel MACRON,François FILLON,False
21808,2022,Emmanuel MACRON,François FILLON,False
21809,2022,Marine LE PEN,Marine LE PEN,True
21810,2022,Marine LE PEN,Marine LE PEN,True
21811,2022,Emmanuel MACRON,François FILLON,False
21812,2022,Marine LE PEN,Marine LE PEN,True
21813,2022,Marine LE PEN,Marine LE PEN,True
21814,2022,Emmanuel MACRON,François FILLON,False
21815,2022,Marine LE PEN,Marine LE PEN,True
21816,2022,Emmanuel MACRON,François FILLON,False
21817,2022,Marine LE PEN,Marine LE PEN,True
21818,2022,Marine LE PEN,Marine LE PEN,True
21819,2022,Marine LE PEN,Marine LE PEN,True
21820,2022,Marine LE PEN,Marine LE PEN,True
21821,2022,Marine LE PEN,Marine LE PEN,True
21822,2022,Marine LE PEN,Marine LE PEN,True
21823,2022,Marine LE PEN,Marine LE PEN,True
21824,2022,Emmanuel MACRON,François FILLON,False
21825,2022,Marine LE PEN,Marine LE PEN,True
21826,2022,Marine LE PEN,Marine LE PEN,True
21827,2022,Marine LE PEN,Marine LE PEN,True
21828,2022,Marine LE PEN,Marine LE PEN,True
21829,2022,Marine LE PEN,Marine LE PEN,True
21830,2022,Marine LE PEN,Marine LE PEN,True
21831,2022,Marine LE PEN,Marine LE PEN,True
21832,2022,Marine LE PEN,Marine LE PEN,True
21833,2022,Emmanuel MACRON,François FILLON,False
21834,2022,Marine LE PEN,Marine LE PEN,True
21835,2022,Marine LE PEN,Marine LE PEN,True
21836,2022,Emmanuel MACRON,François FILLON,False
21837,2022,Emmanuel MACRON,François FILLON,False
21838,2022,Emmanuel MACRON,François FILLON,False
21839,2022,Marine LE PEN,Marine LE PEN,True
21840,2022,Emmanuel MACRON,François FILLON,False
21841,2022,Marine LE PEN,Marine LE PEN,True
21842,2022,Emmanuel MACRON,François FILLON,False
21843,2022,Emmanuel MACRON,François FILLON,False
21844,2022,Marine LE PEN,Marine LE PEN,True
21845,2022,Marine LE PEN,Marine LE PEN,True
21846,2022,Emmanuel MACRON,François FILLON,False
21847,2022,Marine LE PEN,Marine LE PEN,True
21848,2022,Marine LE PEN,Marine LE PEN,True
21849,2022,Emmanuel MACRON,François FILLON,False
21850,2022,Marine LE PEN,Marine LE PEN,True
21851,2022,Marine LE PEN,Marine LE PEN,True
21852,2022,Marine LE PEN,Marine LE PEN,True
21853,2022,Emmanuel MACRON,François FILLON,False
21854,2022,Jean-Luc MÉLENCHON,François FILLON,False
21855,2022,Marine LE PEN,Marine LE PEN,True
21856,2022,Marine LE PEN,Marine LE PEN,True
21857,2022,Marine LE PEN,Marine LE PEN,True
21858,2022,Jean-Luc MÉLENCHON,François FILLON,False
21859,2022,Emmanuel MACRON,François FILLON,False
21860,2022,Marine LE PEN,Marine LE PEN,True
21861,2022,Emmanuel MACRON,François FILLON,False
21862,2022,Marine LE PEN,Marine LE PEN,True
21863,2022,Emmanuel MACRON,François FILLON,False
21864,2022,Emmanuel MACRON,François FILLON,False
21865,2022,Marine LE PEN,Marine LE PEN,True
21866,2022,Marine LE PEN,Marine LE PEN,True
21867,2022,Marine LE PEN,Marine LE PEN,True
21868,2022,Marine LE PEN,Marine LE PEN,True
21869,2022,Marine LE PEN,Marine LE PEN,True
21870,2022,Marine LE PEN,Marine LE PEN,True
21871,2022,Emmanuel MACRON,François FILLON,False
21872,2022,Marine LE PEN,Marine LE PEN,True
21873,2022,Marine LE PEN,Marine LE PEN,True
21874,2022,Marine LE PEN,Marine LE PEN,True
21875,2022,Marine LE PEN,Marine LE PEN,True
21876,2022,Emmanuel MACRON,François FILLON,False
21877,2022,Marine LE PEN,Marine LE PEN,True
21878,2022,Marine LE PEN,Marine LE PEN,True
21879,2022,Emmanuel MACRON,François FILLON,False
21880,2022,Emmanuel MACRON,François FILLON,False
21881,2022,Marine LE PEN,Marine LE PEN,True
21882,2022,Emmanuel MACRON,Emmanuel MACRON,True
21883,2022,Marine LE PEN,Marine LE PEN,True
21884,2022,Marine LE PEN,Marine LE PEN,True
21885,2022,Marine LE PEN,Marine LE PEN,True
21886,2022,Marine LE PEN,Marine LE PEN,True
21887,2022,Marine LE PEN,Marine LE PEN,True
21888,2022,Marine LE PEN,Marine LE PEN,True
21889,2022,Marine LE PEN,Marine LE PEN,True
21890,2022,Marine LE PEN,Marine LE PEN,True
21891,2022,Marine LE PEN,Marine LE PEN,True
21892,2022,Marine LE PEN,Marine LE PEN,True
21893,2022,Jean-Luc MÉLENCHON,François FILLON,False
21894,2022,Marine LE PEN,Marine LE PEN,True
21895,2022,Marine LE PEN,Marine LE PEN,True
21896,2022,Marine LE PEN,Marine LE PEN,True
21897,2022,Jean-Luc MÉLENCHON,François FILLON,False
21898,2022,Marine LE PEN,Marine LE PEN,True
21899,2022,Marine LE PEN,Marine LE PEN,True
21900,2022,Emmanuel MACRON,François FILLON,False
21901,2022,Marine LE PEN,Marine LE PEN,True
21902,2022,Marine LE PEN,Marine LE PEN,True
21903,2022,Marine LE PEN,Marine LE PEN,True
21904,2022,Marine LE PEN,Marine LE PEN,True
21905,2022,Marine LE PEN,Marine LE PEN,True
21906,2022,Jean-Luc MÉLENCHON,François FILLON,False
21907,2022,Marine LE PEN,Marine LE PEN,True
21908,2022,Emmanuel MACRON,François FILLON,False
21909,2022,Emmanuel MACRON,François FILLON,False
21910,2022,Marine LE PEN,Marine LE PEN,True
21911,2022,Marine LE PEN,Marine LE PEN,True
21912,2022,Marine LE PEN,Marine LE PEN,True
21913,2022,Marine LE PEN,Marine LE PEN,True
21914,2022,Jean-Luc MÉLENCHON,François FILLON,False
21915,2022,Emmanuel MACRON,François FILLON,False
21916,2022,Emmanuel MACRON,François FILLON,False
21917,2022,Marine LE PEN,Marine LE PEN,True
21918,2022,Marine LE PEN,Marine LE PEN,True
21919,2022,Marine LE PEN,Marine LE PEN,True
21920,2022,Marine LE PEN,Marine LE PEN,True
21921,2022,Marine LE PEN,Marine LE PEN,True
21922,2022,Marine LE PEN,Marine LE PEN,True
21923,2022,Marine LE PEN,Marine LE PEN,True
21924,2022,Emmanuel MACRON,François FILLON,False
21925,2022,Emmanuel MACRON,François FILLON,False
21926,2022,Emmanuel MACRON,François FILLON,False
21927,2022,Marine LE PEN,Marine LE PEN,True
21928,2022,Emmanuel MACRON,François FILLON,False
21929,2022,Marine LE PEN,Marine LE PEN,True
21930,2022,Marine LE PEN,Marine LE PEN,True
21931,2022,Emmanuel MACRON,François FILLON,False
21932,2022,Marine LE PEN,Marine LE PEN,True
21933,2022,Marine LE PEN,Marine LE PEN,True
21934,2022,Marine LE PEN,Marine LE PEN,True
21935,2022,Emmanuel MACRON,François FILLON,False
21936,2022,Marine LE PEN,Marine LE PEN,True
21937,2022,Marine LE PEN,Marine LE PEN,True
21938,2022,Marine LE PEN,Marine LE PEN,True
21939,2022,Emmanuel MACRON,François FILLON,False
21940,2022,Marine LE PEN,Marine LE PEN,True
21941,2022,Marine LE PEN,Marine LE PEN,True
21942,2022,Marine LE PEN,Marine LE PEN,True
21943,2022,Emmanuel MACRON,François FILLON,False
21944,2022,Marine LE PEN,Marine LE PEN,True
21945,2022,Marine LE PEN,Marine LE PEN,True
21946,2022,Emmanuel MACRON,Emmanuel MACRON,True
21947,2022,Marine LE PEN,Marine LE PEN,True
21948,2022,Marine LE PEN,Marine LE PEN,True
21949,2022,Marine LE PEN,Marine LE PEN,True
21950,2022,Marine LE PEN,Marine LE PEN,True
21951,2022,Emmanuel MACRON,François FILLON,False
21952,2022,Emmanuel MACRON,François FILLON,False
21953,2022,Emmanuel MACRON,François FILLON,False
21954,2022,Marine LE PEN,Marine LE PEN,True
21955,2022,Marine LE PEN,Marine LE PEN,True
21956,2022,Emmanuel MACRON,François FILLON,False
21957,2022,Marine LE PEN,Marine LE PEN,True
21958,2022,Marine LE PEN,Marine LE PEN,True
21959,2022,Marine LE PEN,Marine LE PEN,True
21960,2022,Marine LE PEN,Marine LE PEN,True
21961,2022,Emmanuel MACRON,François FILLON,False
21962,2022,Marine LE PEN,Marine LE PEN,True
21963,2022,Marine LE PEN,Marine LE PEN,True
21964,2022,Emmanuel MACRON,François FILLON,False
21965,2022,Emmanuel MACRON,François FILLON,False
21966,2022,Emmanuel MACRON,François FILLON,False
21967,2022,Marine LE PEN,Marine LE PEN,True
21968,2022,Jean-Luc MÉLENCHON,François FILLON,False
21969,2022,Emmanuel MACRON,François FILLON,False
21970,2022,Marine LE PEN,Marine LE PEN,True
21971,2022,Marine LE PEN,Marine LE PEN,True
21972,2022,Marine LE PEN,Marine LE PEN,True
21973,2022,Emmanuel MACRON,François FILLON,False
21974,2022,Marine LE PEN,Marine LE PEN,True
21975,2022,Marine LE PEN,Marine LE PEN,True
21976,2022,Marine LE PEN,Marine LE PEN,True
21977,2022,Marine LE PEN,Marine LE PEN,True
21978,2022,Marine LE PEN,Marine LE PEN,True
21979,2022,Emmanuel MACRON,Emmanuel MACRON,True
21980,2022,Emmanuel MACRON,François FILLON,False
21981,2022,Marine LE PEN,Marine LE PEN,True
21982,2022,Emmanuel MACRON,François FILLON,False
21983,2022,Marine LE PEN,Marine LE PEN,True
21984,2022,Emmanuel MACRON,François FILLON,False
21985,2022,Emmanuel MACRON,François FILLON,False
21986,2022,Jean-Luc MÉLENCHON,François FILLON,False
21987,2022,Marine LE PEN,Marine LE PEN,True
21988,2022,Marine LE PEN,Marine LE PEN,True
21989,2022,Marine LE PEN,Marine LE PEN,True
21990,2022,Emmanuel MACRON,François FILLON,False
21991,2022,Marine LE PEN,Marine LE PEN,True
21992,2022,Marine LE PEN,Marine LE PEN,True
21993,2022,Marine LE PEN,Marine LE PEN,True
21994,2022,Marine LE PEN,Marine LE PEN,True
21995,2022,Marine LE PEN,Marine LE PEN,True
21996,2022,Jean-Luc MÉLENCHON,François FILLON,False
21997,2022,Marine LE PEN,Marine LE PEN,True
21998,2022,Marine LE PEN,Marine LE PEN,True
21999,2022,Marine LE PEN,Marine LE PEN,True
22000,2022,Marine LE PEN,Marine LE PEN,True
22001,2022,Emmanuel MACRON,François FILLON,False
22002,2022,Emmanuel MACRON,François FILLON,False
22003,2022,Marine LE PEN,Marine LE PEN,True
22004,2022,Emmanuel MACRON,François FILLON,False
22005,2022,Jean-Luc MÉLENCHON,François FILLON,False
22006,2022,Emmanuel MACRON,François FILLON,False
22007,2022,Marine LE PEN,Marine LE PEN,True
22008,2022,Marine LE PEN,Marine LE PEN,True
22009,2022,Marine LE PEN,Marine LE PEN,True
22010,2022,Marine LE PEN,Marine LE PEN,True
22011,2022,Emmanuel MACRON,François FILLON,False
22012,2022,Marine LE PEN,Marine LE PEN,True
22013,2022,Marine LE PEN,Marine LE PEN,True
22014,2022,Marine LE PEN,Marine LE PEN,True
22015,2022,Marine LE PEN,Marine LE PEN,True
22016,2022,Marine LE PEN,Marine LE PEN,True
22017,2022,Marine LE PEN,Marine LE PEN,True
22018,2022,Emmanuel MACRON,François FILLON,False
22019,2022,Marine LE PEN,Marine LE PEN,True
22020,2022,Marine LE PEN,Marine LE PEN,True
22021,2022,Emmanuel MACRON,François FILLON,False
22022,2022,Emmanuel MACRON,François FILLON,False
22023,2022,Emmanuel MACRON,François FILLON,False
22024,2022,Marine LE PEN,Marine LE PEN,True
22025,2022,Marine LE PEN,Marine LE PEN,True
22026,2022,Marine LE PEN,Marine LE PEN,True
22027,2022,Marine LE PEN,Marine LE PEN,True
22028,2022,Marine LE PEN,Marine LE PEN,True
22029,2022,Jean-Luc MÉLENCHON,François FILLON,False
22030,2022,Marine LE PEN,Marine LE PEN,True
22031,2022,Marine LE PEN,Marine LE PEN,True
22032,2022,Marine LE PEN,Marine LE PEN,True
22033,2022,Marine LE PEN,Marine LE PEN,True
22034,2022,Emmanuel MACRON,François FILLON,False
22035,2022,Marine LE PEN,Marine LE PEN,True
22036,2022,Marine LE PEN,Marine LE PEN,True
22037,2022,Marine LE PEN,Marine LE PEN,True
22038,2022,Marine LE PEN,Marine LE PEN,True
22039,2022,Emmanuel MACRON,François FILLON,False
22040,2022,Emmanuel MACRON,François FILLON,False
22041,2022,Marine LE PEN,Marine LE PEN,True
22042,2022,Emmanuel MACRON,François FILLON,False
22043,2022,Marine LE PEN,Marine LE PEN,True
22044,2022,Marine LE PEN,Marine LE PEN,True
22045,2022,Marine LE PEN,Marine LE PEN,True
22046,2022,Marine LE PEN,Marine LE PEN,True
22047,2022,Marine LE PEN,Marine LE PEN,True
22048,2022,Marine LE PEN,Marine LE PEN,True
22049,2022,Marine LE PEN,Marine LE PEN,True
22050,2022,Marine LE PEN,Marine LE PEN,True
22051,2022,Emmanuel MACRON,François FILLON,False
22052,2022,Marine LE PEN,Marine LE PEN,True
22053,2022,Marine LE PEN,Marine LE PEN,True
22054,2022,Marine LE PEN,Marine LE PEN,True
22055,2022,Marine LE PEN,Marine LE PEN,True
22056,2022,Emmanuel MACRON,François FILLON,False
22057,2022,Emmanuel MACRON,François FILLON,False
22058,2022,Marine LE PEN,Marine LE PEN,True
22059,2022,Marine LE PEN,Marine LE PEN,True
22060,2022,Marine LE PEN,Marine LE PEN,True
22061,2022,Emmanuel MACRON,François FILLON,False
22062,2022,Emmanuel MACRON,François FILLON,False
22063,2022,Marine LE PEN,Marine LE PEN,True
22064,2022,Marine LE PEN,Marine LE PEN,True
22065,2022,Marine LE PEN,Marine LE PEN,True
22066,2022,Emmanuel MACRON,François FILLON,False
22067,2022,Marine LE PEN,Marine LE PEN,True
22068,2022,Jean-Luc MÉLENCHON,François FILLON,False
22069,2022,Emmanuel MACRON,François FILLON,False
22070,2022,Emmanuel MACRON,François FILLON,False
22071,2022,Marine LE PEN,Marine LE PEN,True
22072,2022,Emmanuel MACRON,François FILLON,False
22073,2022,Emmanuel MACRON,François FILLON,False
22074,2022,Marine LE PEN,Marine LE PEN,True
22075,2022,Jean-Luc MÉLENCHON,François FILLON,False
22076,2022,Marine LE PEN,Marine LE PEN,True
22077,2022,Marine LE PEN,Marine LE PEN,True
22078,2022,Marine LE PEN,Marine LE PEN,True
22079,2022,Marine LE PEN,Marine LE PEN,True
22080,2022,Marine LE PEN,Marine LE PEN,True
22081,2022,Marine LE PEN,Marine LE PEN,True
22082,2022,Marine LE PEN,Marine LE PEN,True
22083,2022,Marine LE PEN,Marine LE PEN,True
22084,2022,Marine LE PEN,Marine LE PEN,True
22085,2022,Marine LE PEN,Marine LE PEN,True
22086,2022,Marine LE PEN,Marine LE PEN,True
22087,2022,Marine LE PEN,Marine LE PEN,True
22088,2022,Emmanuel MACRON,François FILLON,False
22089,2022,Marine LE PEN,Marine LE PEN,True
22090,2022,Emmanuel MACRON,François FILLON,False
22091,2022,Marine LE PEN,Marine LE PEN,True
22092,2022,Marine LE PEN,Marine LE PEN,True
22093,2022,Marine LE PEN,Marine LE PEN,True
22094,2022,Jean-Luc MÉLENCHON,François FILLON,False
22095,2022,Marine LE PEN,Marine LE PEN,True
22096,2022,Marine LE PEN,Marine LE PEN,True
22097,2022,Jean-Luc MÉLENCHON,François FILLON,False
22098,2022,Marine LE PEN,Marine LE PEN,True
22099,2022,Marine LE PEN,Marine LE PEN,True
22100,2022,Marine LE PEN,Marine LE PEN,True
22101,2022,Marine LE PEN,Marine LE PEN,True
22102,2022,Emmanuel MACRON,Emmanuel MACRON,True
22103,2022,Marine LE PEN,Marine LE PEN,True
22104,2022,Marine LE PEN,Marine LE PEN,True
22105,2022,Marine LE PEN,Marine LE PEN,True
22106,2022,Marine LE PEN,Marine LE PEN,True
22107,2022,Jean-Luc MÉLENCHON,Jean-Luc MÉLENCHON,True
22108,2022,Marine LE PEN,Marine LE PEN,True
22109,2022,Marine LE PEN,Marine LE PEN,True
22110,2022,Marine LE PEN,Marine LE PEN,True
22111,2022,Emmanuel MACRON,François FILLON,False
22112,2022,Marine LE PEN,Marine LE PEN,True
22113,2022,Marine LE PEN,Marine LE PEN,True
22114,2022,Marine LE PEN,Marine LE PEN,True
22115,2022,Marine LE PEN,Marine LE PEN,True
22116,2022,Marine LE PEN,Marine LE PEN,True
22117,2022,Marine LE PEN,Marine LE PEN,True
22118,2022,Marine LE PEN,Marine LE PEN,True
22119,2022,Emmanuel MACRON,Emmanuel MACRON,True
22120,2022,Marine LE PEN,Marine LE PEN,True
22121,2022,Marine LE PEN,Marine LE PEN,True
22122,2022,Emmanuel MACRON,François FILLON,False
22123,2022,Marine LE PEN,Marine LE PEN,True
22124,2022,Emmanuel MACRON,François FILLON,False
22125,2022,Marine LE PEN,Marine LE PEN,True
22126,2022,Emmanuel MACRON,François FILLON,False
22127,2022,Marine LE PEN,Marine LE PEN,True
22128,2022,Marine LE PEN,Marine LE PEN,True
22129,2022,Marine LE PEN,Marine LE PEN,True
22130,2022,Emmanuel MACRON,François FILLON,False
22131,2022,Marine LE PEN,Marine LE PEN,True
22132,2022,Marine LE PEN,Marine LE PEN,True
22133,2022,Marine LE PEN,Marine LE PEN,True
22134,2022,Marine LE PEN,Marine LE PEN,True
22135,2022,Marine LE PEN,Marine LE PEN,True
22136,2022,Marine LE PEN,Marine LE PEN,True
22137,2022,Emmanuel MACRON,Emmanuel MACRON,True
22138,2022,Marine LE PEN,Marine LE PEN,True
22139,2022,Emmanuel MACRON,Jean-Luc MÉLENCHON,False
22140,2022,Marine LE PEN,Marine LE PEN,True
22141,2022,Marine LE PEN,Marine LE PEN,True
22142,2022,Marine LE PEN,Marine LE PEN,True
22143,2022,Marine LE PEN,Marine LE PEN,True
22144,2022,Marine LE PEN,Marine LE PEN,True
22145,2022,Marine LE PEN,Marine LE PEN,True
22146,2022,Marine LE PEN,Marine LE PEN,True
22147,2022,Marine LE PEN,Marine LE PEN,True
22148,2022,Marine LE PEN,Marine LE PEN,True
22149,2022,Marine LE PEN,Marine LE PEN,True
22150,2022,Marine LE PEN,Marine LE PEN,True
22151,2022,Emmanuel MACRON,François FILLON,False
22152,2022,Marine LE PEN,Marine LE PEN,True
22153,2022,Marine LE PEN,Marine LE PEN,True
22154,2022,Marine LE PEN,Marine LE PEN,True
22155,2022,Marine LE PEN,Marine LE PEN,True
22156,2022,Marine LE PEN,Marine LE PEN,True
22157,2022,Marine LE PEN,Marine LE PEN,True
22158,2022,Marine LE PEN,Marine LE PEN,True
22159,2022,Marine LE PEN,Marine LE PEN,True
22160,2022,Marine LE PEN,Marine LE PEN,True
22161,2022,Marine LE PEN,Marine LE PEN,True
22162,2022,Marine LE PEN,Marine LE PEN,True
22163,2022,Marine LE PEN,Marine LE PEN,True
22164,2022,Marine LE PEN,Marine LE PEN,True
22165,2022,Marine LE PEN,Marine LE PEN,True
22166,2022,Emmanuel MACRON,Emmanuel MACRON,True
22167,2022,Emmanuel MACRON,François FILLON,False
22168,2022,Emmanuel MACRON,François FILLON,False
22169,2022,Marine LE PEN,Marine LE PEN,True
22170,2022,Marine LE PEN,Marine LE PEN,True
22171,2022,Marine LE PEN,Marine LE PEN,True
22172,2022,Marine LE PEN,Marine LE PEN,True
22173,2022,Marine LE PEN,Marine LE PEN,True
22174,2022,Marine LE PEN,Marine LE PEN,True
22175,2022,Marine LE PEN,Marine LE PEN,True
22176,2022,Marine LE PEN,Marine LE PEN,True
22177,2022,Marine LE PEN,Marine LE PEN,True
22178,2022,Marine LE PEN,Marine LE PEN,True
22179,2022,Marine LE PEN,Marine LE PEN,True
22180,2022,Marine LE PEN,Marine LE PEN,True
22181,2022,Marine LE PEN,Marine LE PEN,True
22182,2022,Marine LE PEN,Marine LE PEN,True
22183,2022,Emmanuel MACRON,Jean-Luc MÉLENCHON,False
22184,2022,Marine LE PEN,Marine LE PEN,True
22185,2022,Emmanuel MACRON,François FILLON,False
22186,2022,Emmanuel MACRON,François FILLON,False
22187,2022,Marine LE PEN,Marine LE PEN,True
22188,2022,Emmanuel MACRON,François FILLON,False
22189,2022,Marine LE PEN,Marine LE PEN,True
22190,2022,Emmanuel MACRON,François FILLON,False
22191,2022,Marine LE PEN,Marine LE PEN,True
22192,2022,Emmanuel MACRON,Jean-Luc MÉLENCHON,False
22193,2022,Marine LE PEN,Marine LE PEN,True
22194,2022,Emmanuel MACRON,François FILLON,False
22195,2022,Marine LE PEN,Marine LE PEN,True
22196,2022,Marine LE PEN,Marine LE PEN,True
22197,2022,Marine LE PEN,Marine LE PEN,True
22198,2022,Marine LE PEN,Marine LE PEN,True
22199,2022,Emmanuel MACRON,Emmanuel MACRON,True
22200,2022,Emmanuel MACRON,François FILLON,False
22201,2022,Marine LE PEN,Marine LE PEN,True
22202,2022,Marine LE PEN,Marine LE PEN,True
22203,2022,Emmanuel MACRON,François FILLON,False
22204,2022,Marine LE PEN,Marine LE PEN,True
22205,2022,Marine LE PEN,Marine LE PEN,True
22206,2022,Marine LE PEN,Marine LE PEN,True
22207,2022,Marine LE PEN,Marine LE PEN,True
22208,2022,Marine LE PEN,Marine LE PEN,True
22209,2022,Marine LE PEN,Marine LE PEN,True
22210,2022,Emmanuel MACRON,François FILLON,False
22211,2022,Marine LE PEN,Marine LE PEN,True
22212,2022,Marine LE PEN,Marine LE PEN,True
22213,2022,Marine LE PEN,Marine LE PEN,True
22214,2022,Marine LE PEN,Marine LE PEN,True
22215,2022,Marine LE PEN,Marine LE PEN,True
22216,2022,Marine LE PEN,Marine LE PEN,True
22217,2022,Emmanuel MACRON,Emmanuel MACRON,True
22218,2022,Emmanuel MACRON,Jean-Luc MÉLENCHON,False
22219,2022,Marine LE PEN,Marine LE PEN,True
22220,2022,Marine LE PEN,Marine LE PEN,True
22221,2022,Emmanuel MACRON,François FILLON,False
22222,2022,Emmanuel MACRON,Emmanuel MACRON,True
22223,2022,Emmanuel MACRON,Emmanuel MACRON,True
22224,2022,Marine LE PEN,Marine LE PEN,True
22225,2022,Marine LE PEN,Marine LE PEN,True
22226,2022,Marine LE PEN,Marine LE PEN,True
22227,2022,Emmanuel MACRON,Emmanuel MACRON,True
22228,2022,Marine LE PEN,Marine LE PEN,True
22229,2022,Emmanuel MACRON,Jean-Luc MÉLENCHON,False
22230,2022,Marine LE PEN,Marine LE PEN,True
22231,2022,Marine LE PEN,Marine LE PEN,True
22232,2022,Marine LE PEN,Marine LE PEN,True
22233,2022,Marine LE PEN,Marine LE PEN,True
22234,2022,Marine LE PEN,Marine LE PEN,True
22235,2022,Marine LE PEN,Marine LE PEN,True
22236,2022,Marine LE PEN,Marine LE PEN,True
22237,2022,Emmanuel MACRON,Jean-Luc MÉLENCHON,False
22238,2022,Marine LE PEN,Marine LE PEN,True
22239,2022,Emmanuel MACRON,François FILLON,False
22240,2022,Emmanuel MACRON,Emmanuel MACRON,True
22241,2022,Emmanuel MACRON,François FILLON,False
22242,2022,Marine LE PEN,Marine LE PEN,True
22243,2022,Marine LE PEN,Marine LE PEN,True
22244,2022,Emmanuel MACRON,François FILLON,False
22245,2022,Marine LE PEN,Marine LE PEN,True
22246,2022,Marine LE PEN,Marine LE PEN,True
22247,2022,Marine LE PEN,Marine LE PEN,True
22248,2022,Marine LE PEN,Marine LE PEN,True
22249,2022,Marine LE PEN,Marine LE PEN,True
22250,2022,Marine LE PEN,Marine LE PEN,True
22251,2022,Emmanuel MACRON,Emmanuel MACRON,True
22252,2022,Marine LE PEN,Marine LE PEN,True
22253,2022,Marine LE PEN,Marine LE PEN,True
22254,2022,Marine LE PEN,Marine LE PEN,True
22255,2022,Emmanuel MACRON,François FILLON,False
22256,2022,Emmanuel MACRON,Jean-Luc MÉLENCHON,False
22257,2022,Marine LE PEN,Marine LE PEN,True
22258,2022,Marine LE PEN,Marine LE PEN,True
22259,2022,Emmanuel MACRON,Emmanuel MACRON,True
22260,2022,Marine LE PEN,Marine LE PEN,True
22261,2022,Emmanuel MACRON,Emmanuel MACRON,True
22262,2022,Marine LE PEN,Marine LE PEN,True
22263,2022,Marine LE PEN,Marine LE PEN,True
22264,2022,Emmanuel MACRON,François FILLON,False
22265,2022,Marine LE PEN,Marine LE PEN,True
22266,2022,Emmanuel MACRON,Emmanuel MACRON,True
22267,2022,Marine LE PEN,Marine LE PEN,True
22268,2022,Emmanuel MACRON,François FILLON,False
22269,2022,Marine LE PEN,Marine LE PEN,True
22270,2022,Marine LE PEN,Marine LE PEN,True
22271,2022,Marine LE PEN,Marine LE PEN,True
22272,2022,Marine LE PEN,Marine LE PEN,True
22273,2022,Emmanuel MACRON,François FILLON,False
22274,2022,Marine LE PEN,Marine LE PEN,True
22275,2022,Marine LE PEN,Marine LE PEN,True
22276,2022,Marine LE PEN,Marine LE PEN,True
22277,2022,Marine LE PEN,Marine LE PEN,True
22278,2022,Marine LE PEN,Marine LE PEN,True
22279,2022,Marine LE PEN,Marine LE PEN,True
22280,2022,Emmanuel MACRON,François FILLON,False
22281,2022,Marine LE PEN,Marine LE PEN,True
22282,2022,Marine LE PEN,Marine LE PEN,True
22283,2022,Marine LE PEN,Marine LE PEN,True
22284,2022,Marine LE PEN,Marine LE PEN,True
22285,2022,Marine LE PEN,Marine LE PEN,True
22286,2022,Emmanuel MACRON,François FILLON,False
22287,2022,Marine LE PEN,Marine LE PEN,True
22288,2022,Emmanuel MACRON,François FILLON,False
22289,2022,Emmanuel MACRON,François FILLON,False
22290,2022,Emmanuel MACRON,Emmanuel MACRON,True
22291,2022,Marine LE PEN,Marine LE PEN,True
22292,2022,Emmanuel MACRON,François FILLON,False
22293,2022,Marine LE PEN,Marine LE PEN,True
22294,2022,Emmanuel MACRON,François FILLON,False
22295,2022,Emmanuel MACRON,Jean-Luc MÉLENCHON,False
22296,2022,Marine LE PEN,Marine LE PEN,True
22297,2022,Marine LE PEN,Marine LE PEN,True
22298,2022,Marine LE PEN,Marine LE PEN,True
22299,2022,Marine LE PEN,Marine LE PEN,True
22300,2022,Marine LE PEN,Marine LE PEN,True
22301,2022,Emmanuel MACRON,François FILLON,False
22302,2022,Marine LE PEN,Marine LE PEN,True
22303,2022,Emmanuel MACRON,Emmanuel MACRON,True
22304,2022,Marine LE PEN,Marine LE PEN,True
22305,2022,Marine LE PEN,Marine LE PEN,True
22306,2022,Marine LE PEN,Marine LE PEN,True
22307,2022,Marine LE PEN,Marine LE PEN,True
22308,2022,Emmanuel MACRON,François FILLON,False
22309,2022,Marine LE PEN,Marine LE PEN,True
22310,2022,Marine LE PEN,Marine LE PEN,True
22311,2022,Marine LE PEN,Marine LE PEN,True
22312,2022,Marine LE PEN,Marine LE PEN,True
22313,2022,Jean-Luc MÉLENCHON,Jean-Luc MÉLENCHON,True
22314,2022,Emmanuel MACRON,Jean-Luc MÉLENCHON,False
22315,2022,Emmanuel MACRON,Emmanuel MACRON,True
22316,2022,Marine LE PEN,Marine LE PEN,True
22317,2022,Marine LE PEN,Marine LE PEN,True
22318,2022,Marine LE PEN,Marine LE PEN,True
22319,2022,Marine LE PEN,Marine LE PEN,True
22320,2022,Marine LE PEN,Marine LE PEN,True
22321,2022,Marine LE PEN,Marine LE PEN,True
22322,2022,Emmanuel MACRON,François FILLON,False
22323,2022,Marine LE PEN,Marine LE PEN,True
22324,2022,Marine LE PEN,Marine LE PEN,True
22325,2022,Marine LE PEN,Marine LE PEN,True
22326,2022,Marine LE PEN,Marine LE PEN,True
22327,2022,Marine LE PEN,Marine LE PEN,True
22328,2022,Marine LE PEN,Marine LE PEN,True
22329,2022,Marine LE PEN,Marine LE PEN,True
22330,2022,Marine LE PEN,Marine LE PEN,True
22331,2022,Marine LE PEN,Marine LE PEN,True
22332,2022,Marine LE PEN,Marine LE PEN,True
22333,2022,Marine LE PEN,Marine LE PEN,True
22334,2022,Marine LE PEN,Marine LE PEN,True
22335,2022,Marine LE PEN,Marine LE PEN,True
22336,2022,Marine LE PEN,Marine LE PEN,True
22337,2022,Marine LE PEN,Marine LE PEN,True
22338,2022,Emmanuel MACRON,François FILLON,False
22339,2022,Marine LE PEN,Marine LE PEN,True
22340,2022,Emmanuel MACRON,François FILLON,False
22341,2022,Marine LE PEN,Marine LE PEN,True
22342,2022,Emmanuel MACRON,Jean-Luc MÉLENCHON,False
22343,2022,Marine LE PEN,Marine LE PEN,True
22344,2022,Marine LE PEN,Marine LE PEN,True
22345,2022,Marine LE PEN,Marine LE PEN,True
22346,2022,Emmanuel MACRON,Emmanuel MACRON,True
22347,2022,Emmanuel MACRON,François FILLON,False
22348,2022,Emmanuel MACRON,Emmanuel MACRON,True
22349,2022,Emmanuel MACRON,François FILLON,False
22350,2022,Marine LE PEN,Marine LE PEN,True
22351,2022,Marine LE PEN,Marine LE PEN,True
22352,2022,Marine LE PEN,Marine LE PEN,True
22353,2022,Marine LE PEN,Marine LE PEN,True
22354,2022,Marine LE PEN,Marine LE PEN,True
22355,2022,Marine LE PEN,Marine LE PEN,True
22356,2022,Emmanuel MACRON,François FILLON,False
22357,2022,Marine LE PEN,Marine LE PEN,True
22358,2022,Marine LE PEN,Marine LE PEN,True
22359,2022,Marine LE PEN,Marine LE PEN,True
22360,2022,Marine LE PEN,Marine LE PEN,True
22361,2022,Jean-Luc MÉLENCHON,Jean-Luc MÉLENCHON,True
22362,2022,Marine LE PEN,Marine LE PEN,True
22363,2022,Marine LE PEN,Marine LE PEN,True
22364,2022,Marine LE PEN,Marine LE PEN,True
22365,2022,Emmanuel MACRON,François FILLON,False
22366,2022,Marine LE PEN,Marine LE PEN,True
22367,2022,Emmanuel MACRON,François FILLON,False
22368,2022,Marine LE PEN,Marine LE PEN,True
22369,2022,Marine LE PEN,Marine LE PEN,True
22370,2022,Marine LE PEN,Marine LE PEN,True
22371,2022,Emmanuel MACRON,Emmanuel MACRON,True
22372,2022,Marine LE PEN,Marine LE PEN,True
22373,2022,Marine LE PEN,Marine LE PEN,True
22374,2022,Marine LE PEN,Marine LE PEN,True
22375,2022,Marine LE PEN,Marine LE PEN,True
22376,2022,Marine LE PEN,Marine LE PEN,True
22377,2022,Marine LE PEN,Marine LE PEN,True
22378,2022,Marine LE PEN,Marine LE PEN,True
22379,2022,Marine LE PEN,Marine LE PEN,True
22380,2022,Marine LE PEN,Marine LE PEN,True
22381,2022,Marine LE PEN,Marine LE PEN,True
22382,2022,Marine LE PEN,Marine LE PEN,True
22383,2022,Marine LE PEN,Marine LE PEN,True
22384,2022,Marine LE PEN,Marine LE PEN,True
22385,2022,Marine LE PEN,Marine LE PEN,True
22386,2022,Marine LE PEN,Marine LE PEN,True
22387,2022,Marine LE PEN,Marine LE PEN,True
22388,2022,Emmanuel MACRON,Jean-Luc MÉLENCHON,False
22389,2022,Marine LE PEN,Marine LE PEN,True
22390,2022,Marine LE PEN,Marine LE PEN,True
22391,2022,Marine LE PEN,Marine LE PEN,True
22392,2022,Emmanuel MACRON,Emmanuel MACRON,True
22393,2022,Emmanuel MACRON,François FILLON,False
22394,2022,Marine LE PEN,Marine LE PEN,True
22395,2022,Marine LE PEN,Marine LE PEN,True
22396,2022,Marine LE PEN,Marine LE PEN,True
22397,2022,Emmanuel MACRON,Emmanuel MACRON,True
22398,2022,Marine LE PEN,Marine LE PEN,True
22399,2022,Marine LE PEN,Marine LE PEN,True
22400,2022,Marine LE PEN,Marine LE PEN,True
22401,2022,Marine LE PEN,Marine LE PEN,True
22402,2022,Marine LE PEN,Marine LE PEN,True
22403,2022,Marine LE PEN,Marine LE PEN,True
22404,2022,Marine LE PEN,Marine LE PEN,True
22405,2022,Emmanuel MACRON,François FILLON,False
22406,2022,Marine LE PEN,Marine LE PEN,True
22407,2022,Marine LE PEN,Marine LE PEN,True
22408,2022,Marine LE PEN,Marine LE PEN,True
22409,2022,Marine LE PEN,Marine LE PEN,True
22410,2022,Marine LE PEN,Marine LE PEN,True
22411,2022,Marine LE PEN,Marine LE PEN,True
22412,2022,Emmanuel MACRON,Jean-Luc MÉLENCHON,False
22413,2022,Marine LE PEN,Marine LE PEN,True
22414,2022,Emmanuel MACRON,François FILLON,False
22415,2022,Marine LE PEN,Marine LE PEN,True
22416,2022,Marine LE PEN,Marine LE PEN,True
22417,2022,Emmanuel MACRON,Emmanuel MACRON,True
22418,2022,Marine LE PEN,Marine LE PEN,True
22419,2022,Emmanuel MACRON,Emmanuel MACRON,True
22420,2022,Marine LE PEN,Marine LE PEN,True
22421,2022,Emmanuel MACRON,Jean-Luc MÉLENCHON,False
22422,2022,Marine LE PEN,Marine LE PEN,True
22423,2022,Marine LE PEN,Marine LE PEN,True
22424,2022,Emmanuel MACRON,Emmanuel MACRON,True
22425,2022,Marine LE PEN,Marine LE PEN,True
22426,2022,Marine LE PEN,Marine LE PEN,True
22427,2022,Marine LE PEN,Marine LE PEN,True
22428,2022,Emmanuel MACRON,Jean-Luc MÉLENCHON,False
22429,2022,Emmanuel MACRON,Jean-Luc MÉLENCHON,False
22430,2022,Marine LE PEN,Marine LE PEN,True
22431,2022,Emmanuel MACRON,François FILLON,False
22432,2022,Emmanuel MACRON,Jean-Luc MÉLENCHON,False
22433,2022,Marine LE PEN,Marine LE PEN,True
22434,2022,Marine LE PEN,Marine LE PEN,True
22435,2022,Jean-Luc MÉLENCHON,Jean-Luc MÉLENCHON,True
22436,2022,Marine LE PEN,Marine LE PEN,True
22437,2022,Marine LE PEN,Marine LE PEN,True
22438,2022,Marine LE PEN,Marine LE PEN,True
22439,2022,Jean-Luc MÉLENCHON,Jean-Luc MÉLENCHON,True
22440,2022,Marine LE PEN,Marine LE PEN,True
22441,2022,Emmanuel MACRON,Jean-Luc MÉLENCHON,False
22442,2022,Marine LE PEN,Marine LE PEN,True
22443,2022,Marine LE PEN,Marine LE PEN,True
22444,2022,Emmanuel MACRON,Emmanuel MACRON,True
22445,2022,Marine LE PEN,Marine LE PEN,True
22446,2022,Marine LE PEN,Marine LE PEN,True
22447,2022,Marine LE PEN,Marine LE PEN,True
22448,2022,Jean-Luc MÉLENCHON,Jean-Luc MÉLENCHON,True
22449,2022,Marine LE PEN,Marine LE PEN,True
22450,2022,Marine LE PEN,Marine LE PEN,True
22451,2022,Emmanuel MACRON,François FILLON,False
22452,2022,Jean-Luc MÉLENCHON,Jean-Luc MÉLENCHON,True
22453,2022,Marine LE PEN,Marine LE PEN,True
22454,2022,Emmanuel MACRON,Jean-Luc MÉLENCHON,False
22455,2022,Emmanuel MACRON,Jean-Luc MÉLENCHON,False
22456,2022,Marine LE PEN,Marine LE PEN,True
22457,2022,Marine LE PEN,Marine LE PEN,True
22458,2022,Emmanuel MACRON,François FILLON,False
22459,2022,Marine LE PEN,Marine LE PEN,True
22460,2022,Marine LE PEN,Marine LE PEN,True
22461,2022,Marine LE PEN,Marine LE PEN,True
22462,2022,Marine LE PEN,Marine LE PEN,True
22463,2022,Emmanuel MACRON,Emmanuel MACRON,True
22464,2022,Marine LE PEN,Marine LE PEN,True
22465,2022,Emmanuel MACRON,François FILLON,False
22466,2022,Marine LE PEN,Marine LE PEN,True
22467,2022,Marine LE PEN,Marine LE PEN,True
22468,2022,Marine LE PEN,Marine LE PEN,True
22469,2022,Marine LE PEN,Marine LE PEN,True
22470,2022,Emmanuel MACRON,Jean-Luc MÉLENCHON,False
22471,2022,Marine LE PEN,Marine LE PEN,True
22472,2022,Emmanuel MACRON,Emmanuel MACRON,True
22473,2022,Marine LE PEN,Marine LE PEN,True
22474,2022,Marine LE PEN,Marine LE PEN,True
22475,2022,Marine LE PEN,Marine LE PEN,True
22476,2022,Jean-Luc MÉLENCHON,Jean-Luc MÉLENCHON,True
22477,2022,Marine LE PEN,Marine LE PEN,True
22478,2022,Marine LE PEN,Marine LE PEN,True
22479,2022,Marine LE PEN,Marine LE PEN,True
22480,2022,Marine LE PEN,Marine LE PEN,True
22481,2022,Marine LE PEN,Marine LE PEN,True
22482,2022,Emmanuel MACRON,Emmanuel MACRON,True
22483,2022,Emmanuel MACRON,François FILLON,False
22484,2022,Marine LE PEN,Marine LE PEN,True
22485,2022,Emmanuel MACRON,Jean-Luc MÉLENCHON,False
22486,2022,Marine LE PEN,Marine LE PEN,True
22487,2022,Emmanuel MACRON,François FILLON,False
22488,2022,Marine LE PEN,Marine LE PEN,True
22489,2022,Marine LE PEN,Marine LE PEN,True
22490,2022,Marine LE PEN,Marine LE PEN,True
22491,2022,Emmanuel MACRON,François FILLON,False
22492,2022,Marine LE PEN,Marine LE PEN,True
22493,2022,Jean-Luc MÉLENCHON,Jean-Luc MÉLENCHON,True
22494,2022,Emmanuel MACRON,Jean-Luc MÉLENCHON,False
22495,2022,Marine LE PEN,Marine LE PEN,True
22496,2022,Marine LE PEN,Marine LE PEN,True
22497,2022,Marine LE PEN,Marine LE PEN,True
22498,2022,Marine LE PEN,Marine LE PEN,True
22499,2022,Marine LE PEN,Marine LE PEN,True
22500,2022,Marine LE PEN,Marine LE PEN,True
22501,2022,Emmanuel MACRON,Emmanuel MACRON,True
22502,2022,Jean-Luc MÉLENCHON,François FILLON,False
22503,2022,Emmanuel MACRON,François FILLON,False
22504,2022,Marine LE PEN,Marine LE PEN,True
22505,2022,Marine LE PEN,Marine LE PEN,True
22506,2022,Marine LE PEN,Marine LE PEN,True
22507,2022,Marine LE PEN,Marine LE PEN,True
22508,2022,Emmanuel MACRON,Jean-Luc MÉLENCHON,False
22509,2022,Emmanuel MACRON,François FILLON,False
22510,2022,Marine LE PEN,Marine LE PEN,True
22511,2022,Marine LE PEN,Marine LE PEN,True
22512,2022,Marine LE PEN,Marine LE PEN,True
22513,2022,Marine LE PEN,Marine LE PEN,True
22514,2022,Emmanuel MACRON,François FILLON,False
22515,2022,Marine LE PEN,Marine LE PEN,True
22516,2022,Marine LE PEN,Marine LE PEN,True
22517,2022,Emmanuel MACRON,Jean-Luc MÉLENCHON,False
22518,2022,Marine LE PEN,Marine LE PEN,True
22519,2022,Emmanuel MACRON,François FILLON,False
22520,2022,Marine LE PEN,Marine LE PEN,True
22521,2022,Marine LE PEN,Marine LE PEN,True
22522,2022,Marine LE PEN,Marine LE PEN,True
22523,2022,Emmanuel MACRON,François FILLON,False
22524,2022,Marine LE PEN,Marine LE PEN,True
22525,2022,Marine LE PEN,Marine LE PEN,True
22526,2022,Marine LE PEN,Marine LE PEN,True
22527,2022,Marine LE PEN,Marine LE PEN,True
22528,2022,Marine LE PEN,Marine LE PEN,True
22529,2022,Marine LE PEN,Marine LE PEN,True
22530,2022,Marine LE PEN,Marine LE PEN,True
22531,2022,Marine LE PEN,Marine LE PEN,True
22532,2022,Marine LE PEN,Marine LE PEN,True
22533,2022,Emmanuel MACRON,François FILLON,False
22534,2022,Marine LE PEN,Marine LE PEN,True
22535,2022,Marine LE PEN,Marine LE PEN,True
22536,2022,Emmanuel MACRON,François FILLON,False
22537,2022,Marine LE PEN,Marine LE PEN,True
22538,2022,Marine LE PEN,Marine LE PEN,True
22539,2022,Emmanuel MACRON,Jean-Luc MÉLENCHON,False
22540,2022,Emmanuel MACRON,Emmanuel MACRON,True
22541,2022,Marine LE PEN,Marine LE PEN,True
22542,2022,Marine LE PEN,Marine LE PEN,True
22543,2022,Emmanuel MACRON,Emmanuel MACRON,True
22544,2022,Marine LE PEN,Marine LE PEN,True
22545,2022,Marine LE PEN,Marine LE PEN,True
22546,2022,Marine LE PEN,Marine LE PEN,True
22547,2022,Emmanuel MACRON,Emmanuel MACRON,True
22548,2022,Marine LE PEN,Marine LE PEN,True
22549,2022,Emmanuel MACRON,François FILLON,False
22550,2022,Marine LE PEN,Marine LE PEN,True
22551,2022,Emmanuel MACRON,Emmanuel MACRON,True
22552,2022,Marine LE PEN,Marine LE PEN,True
22553,2022,Marine LE PEN,Marine LE PEN,True
22554,2022,Marine LE PEN,Marine LE PEN,True
22555,2022,Marine LE PEN,Marine LE PEN,True
22556,2022,Marine LE PEN,Marine LE PEN,True
22557,2022,Marine LE PEN,Marine LE PEN,True
22558,2022,Marine LE PEN,Marine LE PEN,True
22559,2022,Marine LE PEN,Marine LE PEN,True
22560,2022,Marine LE PEN,Marine LE PEN,True
22561,2022,Marine LE PEN,Marine LE PEN,True
22562,2022,Marine LE PEN,Marine LE PEN,True
22563,2022,Emmanuel MACRON,Jean-Luc MÉLENCHON,False
22564,2022,Marine LE PEN,Marine LE PEN,True
22565,2022,Marine LE PEN,Marine LE PEN,True
22566,2022,Marine LE PEN,Marine LE PEN,True
22567,2022,Marine LE PEN,Marine LE PEN,True
22568,2022,Emmanuel MACRON,François FILLON,False
22569,2022,Marine LE PEN,Marine LE PEN,True
22570,2022,Marine LE PEN,Marine LE PEN,True
22571,2022,Marine LE PEN,Marine LE PEN,True
22572,2022,Marine LE PEN,Marine LE PEN,True
22573,2022,Marine LE PEN,Marine LE PEN,True
22574,2022,Marine LE PEN,Marine LE PEN,True
22575,2022,Marine LE PEN,Marine LE PEN,True
22576,2022,Marine LE PEN,Marine LE PEN,True
22577,2022,Marine LE PEN,Marine LE PEN,True
22578,2022,Marine LE PEN,Marine LE PEN,True
22579,2022,Marine LE PEN,Marine LE PEN,True
22580,2022,Marine LE PEN,Marine LE PEN,True
22581,2022,Marine LE PEN,Marine LE PEN,True
22582,2022,Marine LE PEN,Marine LE PEN,True
22583,2022,Marine LE PEN,Marine LE PEN,True
22584,2022,Marine LE PEN,Marine LE PEN,True
22585,2022,Marine LE PEN,Marine LE PEN,True
22586,2022,Marine LE PEN,Marine LE PEN,True
22587,2022,Marine LE PEN,Marine LE PEN,True
22588,2022,Jean-Luc MÉLENCHON,Jean-Luc MÉLENCHON,True
22589,2022,Emmanuel MACRON,Jean-Luc MÉLENCHON,False
22590,2022,Marine LE PEN,Marine LE PEN,True
22591,2022,Emmanuel MACRON,Emmanuel MACRON,True
22592,2022,Jean-Luc MÉLENCHON,Jean-Luc MÉLENCHON,True
22593,2022,Marine LE PEN,Marine LE PEN,True
22594,2022,Marine LE PEN,Marine LE PEN,True
22595,2022,Marine LE PEN,Marine LE PEN,True
22596,2022,Emmanuel MACRON,François FILLON,False
22597,2022,Marine LE PEN,Marine LE PEN,True
22598,2022,Marine LE PEN,Marine LE PEN,True
22599,2022,Marine LE PEN,Marine LE PEN,True
22600,2022,Marine LE PEN,Marine LE PEN,True
22601,2022,Marine LE PEN,Marine LE PEN,True
22602,2022,Emmanuel MACRON,François FILLON,False
22603,2022,Emmanuel MACRON,François FILLON,False
22604,2022,Emmanuel MACRON,Jean-Luc MÉLENCHON,False
22605,2022,Marine LE PEN,Marine LE PEN,True
22606,2022,Marine LE PEN,Marine LE PEN,True
22607,2022,Emmanuel MACRON,Jean-Luc MÉLENCHON,False
22608,2022,Marine LE PEN,Marine LE PEN,True
22609,2022,Marine LE PEN,Marine LE PEN,True
22610,2022,Marine LE PEN,Marine LE PEN,True
22611,2022,Marine LE PEN,Marine LE PEN,True
22612,2022,Marine LE PEN,Marine LE PEN,True
22613,2022,Marine LE PEN,Marine LE PEN,True
22614,2022,Marine LE PEN,Marine LE PEN,True
22615,2022,Emmanuel MACRON,François FILLON,False
22616,2022,Emmanuel MACRON,François FILLON,False
22617,2022,Emmanuel MACRON,François FILLON,False
22618,2022,Marine LE PEN,Marine LE PEN,True
22619,2022,Marine LE PEN,Marine LE PEN,True
22620,2022,Marine LE PEN,Marine LE PEN,True
22621,2022,Marine LE PEN,Marine LE PEN,True
22622,2022,Marine LE PEN,Marine LE PEN,True
22623,2022,Marine LE PEN,Marine LE PEN,True
22624,2022,Marine LE PEN,Marine LE PEN,True
22625,2022,Marine LE PEN,Marine LE PEN,True
22626,2022,Marine LE PEN,Marine LE PEN,True
22627,2022,Marine LE PEN,Marine LE PEN,True
22628,2022,Marine LE PEN,Marine LE PEN,True
22629,2022,Marine LE PEN,Marine LE PEN,True
22630,2022,Emmanuel MACRON,François FILLON,False
22631,2022,Marine LE PEN,Marine LE PEN,True
22632,2022,Emmanuel MACRON,Emmanuel MACRON,True
22633,2022,Emmanuel MACRON,Emmanuel MACRON,True
22634,2022,Marine LE PEN,Marine LE PEN,True
22635,2022,Marine LE PEN,Marine LE PEN,True
22636,2022,Marine LE PEN,Marine LE PEN,True
22637,2022,Marine LE PEN,Marine LE PEN,True
22638,2022,Emmanuel MACRON,Emmanuel MACRON,True
22639,2022,Marine LE PEN,Marine LE PEN,True
22640,2022,Marine LE PEN,Marine LE PEN,True
22641,2022,Marine LE PEN,Marine LE PEN,True
22642,2022,Marine LE PEN,Marine LE PEN,True
22643,2022,Marine LE PEN,Marine LE PEN,True
22644,2022,Emmanuel MACRON,Jean-Luc MÉLENCHON,False
22645,2022,Marine LE PEN,Marine LE PEN,True
22646,2022,Emmanuel MACRON,François FILLON,False
22647,2022,Marine LE PEN,Marine LE PEN,True
22648,2022,Emmanuel MACRON,Emmanuel MACRON,True
22649,2022,Marine LE PEN,Marine LE PEN,True
22650,2022,Marine LE PEN,Marine LE PEN,True
22651,2022,Marine LE PEN,Marine LE PEN,True
22652,2022,Marine LE PEN,Marine LE PEN,True
22653,2022,Marine LE PEN,Marine LE PEN,True
22654,2022,Marine LE PEN,Marine LE PEN,True
22655,2022,Emmanuel MACRON,François FILLON,False
22656,2022,Marine LE PEN,Marine LE PEN,True
22657,2022,Marine LE PEN,Marine LE PEN,True
22658,2022,Emmanuel MACRON,Emmanuel MACRON,True
22659,2022,Emmanuel MACRON,Emmanuel MACRON,True
22660,2022,Marine LE PEN,Marine LE PEN,True
22661,2022,Marine LE PEN,Marine LE PEN,True
22662,2022,Marine LE PEN,Marine LE PEN,True
22663,2022,Emmanuel MACRON,François FILLON,False
22664,2022,Emmanuel MACRON,Emmanuel MACRON,True
22665,2022,Emmanuel MACRON,François FILLON,False
22666,2022,Emmanuel MACRON,Emmanuel MACRON,True
22667,2022,Marine LE PEN,Marine LE PEN,True
22668,2022,Marine LE PEN,Marine LE PEN,True
22669,2022,Marine LE PEN,Marine LE PEN,True
22670,2022,Marine LE PEN,Marine LE PEN,True
22671,2022,Marine LE PEN,Marine LE PEN,True
22672,2022,Marine LE PEN,Marine LE PEN,True
22673,2022,Marine LE PEN,Marine LE PEN,True
22674,2022,Emmanuel MACRON,François FILLON,False
22675,2022,Emmanuel MACRON,François FILLON,False
22676,2022,Emmanuel MACRON,Jean-Luc MÉLENCHON,False
22677,2022,Jean-Luc MÉLENCHON,Jean-Luc MÉLENCHON,True
22678,2022,Emmanuel MACRON,François FILLON,False
22679,2022,Marine LE PEN,Marine LE PEN,True
22680,2022,Emmanuel MACRON,François FILLON,False
22681,2022,Marine LE PEN,Marine LE PEN,True
22682,2022,Marine LE PEN,Marine LE PEN,True
22683,2022,Emmanuel MACRON,Emmanuel MACRON,True
22684,2022,Emmanuel MACRON,Jean-Luc MÉLENCHON,False
22685,2022,Marine LE PEN,Marine LE PEN,True
22686,2022,Marine LE PEN,Marine LE PEN,True
22687,2022,Emmanuel MACRON,François FILLON,False
22688,2022,Marine LE PEN,Marine LE PEN,True
22689,2022,Emmanuel MACRON,Emmanuel MACRON,True
22690,2022,Marine LE PEN,Marine LE PEN,True
22691,2022,Marine LE PEN,Marine LE PEN,True
22692,2022,Marine LE PEN,Marine LE PEN,True
22693,2022,Marine LE PEN,Marine LE PEN,True
22694,2022,Marine LE PEN,Marine LE PEN,True
22695,2022,Marine LE PEN,Marine LE PEN,True
22696,2022,Marine LE PEN,Marine LE PEN,True
22697,2022,Marine LE PEN,Marine LE PEN,True
22698,2022,Marine LE PEN,Marine LE PEN,True
22699,2022,Marine LE PEN,Marine LE PEN,True
22700,2022,Marine LE PEN,Marine LE PEN,True
22701,2022,Marine LE PEN,Marine LE PEN,True
22702,2022,Marine LE PEN,Marine LE PEN,True
22703,2022,Emmanuel MACRON,François FILLON,False
22704,2022,Marine LE PEN,Marine LE PEN,True
22705,2022,Marine LE PEN,Marine LE PEN,True
22706,2022,Marine LE PEN,Marine LE PEN,True
22707,2022,Marine LE PEN,Marine LE PEN,True
22708,2022,Marine LE PEN,Marine LE PEN,True
22709,2022,Marine LE PEN,Marine LE PEN,True
22710,2022,Marine LE PEN,Marine LE PEN,True
22711,2022,Emmanuel MACRON,François FILLON,False
22712,2022,Marine LE PEN,Marine LE PEN,True
22713,2022,Emmanuel MACRON,Jean-Luc MÉLENCHON,False
22714,2022,Marine LE PEN,Marine LE PEN,True
22715,2022,Emmanuel MACRON,François FILLON,False
22716,2022,Marine LE PEN,Marine LE PEN,True
22717,2022,Marine LE PEN,Marine LE PEN,True
22718,2022,Marine LE PEN,Marine LE PEN,True
22719,2022,Emmanuel MACRON,François FILLON,False
22720,2022,Emmanuel MACRON,François FILLON,False
22721,2022,Marine LE PEN,Marine LE PEN,True
22722,2022,Emmanuel MACRON,Jean-Luc MÉLENCHON,False
22723,2022,Marine LE PEN,Marine LE PEN,True
22724,2022,Emmanuel MACRON,François FILLON,False
22725,2022,Emmanuel MACRON,François FILLON,False
22726,2022,Marine LE PEN,Marine LE PEN,True
22727,2022,Marine LE PEN,Marine LE PEN,True
22728,2022,Marine LE PEN,Marine LE PEN,True
22729,2022,Marine LE PEN,Marine LE PEN,True
22730,2022,Marine LE PEN,Marine LE PEN,True
22731,2022,Marine LE PEN,Marine LE PEN,True
22732,2022,Emmanuel MACRON,Jean-Luc MÉLENCHON,False
22733,2022,Marine LE PEN,Marine LE PEN,True
22734,2022,Emmanuel MACRON,François FILLON,False
22735,2022,Marine LE PEN,Marine LE PEN,True
22736,2022,Emmanuel MACRON,François FILLON,False
22737,2022,Marine LE PEN,Marine LE PEN,True
22738,2022,Marine LE PEN,Marine LE PEN,True
22739,2022,Marine LE PEN,Marine LE PEN,True
22740,2022,Marine LE PEN,Marine LE PEN,True
22741,2022,Marine LE PEN,Marine LE PEN,True
22742,2022,Marine LE PEN,Marine LE PEN,True
22743,2022,Marine LE PEN,Marine LE PEN,True
22744,2022,Emmanuel MACRON,Jean-Luc MÉLENCHON,False
22745,2022,Marine LE PEN,Marine LE PEN,True
22746,2022,Emmanuel MACRON,François FILLON,False
22747,2022,Marine LE PEN,Marine LE PEN,True
22748,2022,Marine LE PEN,Marine LE PEN,True
22749,2022,Marine LE PEN,Marine LE PEN,True
22750,2022,Marine LE PEN,Marine LE PEN,True
22751,2022,Marine LE PEN,Marine LE PEN,True
22752,2022,Marine LE PEN,Marine LE PEN,True
22753,2022,Marine LE PEN,Marine LE PEN,True
22754,2022,Marine LE PEN,Marine LE PEN,True
22755,2022,Marine LE PEN,Marine LE PEN,True
22756,2022,Marine LE PEN,Marine LE PEN,True
22757,2022,Marine LE PEN,Marine LE PEN,True
22758,2022,Marine LE PEN,Marine LE PEN,True
22759,2022,Marine LE PEN,Marine LE PEN,True
22760,2022,Marine LE PEN,Marine LE PEN,True
22761,2022,Marine LE PEN,Marine LE PEN,True
22762,2022,Marine LE PEN,Marine LE PEN,True
22763,2022,Marine LE PEN,Marine LE PEN,True
22764,2022,Marine LE PEN,Marine LE PEN,True
22765,2022,Marine LE PEN,Marine LE PEN,True
22766,2022,Marine LE PEN,Marine LE PEN,True
22767,2022,Emmanuel MACRON,Emmanuel MACRON,True
22768,2022,Emmanuel MACRON,François FILLON,False
22769,2022,Marine LE PEN,Marine LE PEN,True
22770,2022,Marine LE PEN,Marine LE PEN,True
22771,2022,Marine LE PEN,Marine LE PEN,True
22772,2022,Emmanuel MACRON,François FILLON,False
22773,2022,Emmanuel MACRON,Emmanuel MACRON,True
22774,2022,Marine LE PEN,Marine LE PEN,True
22775,2022,Marine LE PEN,Marine LE PEN,True
22776,2022,Marine LE PEN,Marine LE PEN,True
22777,2022,Marine LE PEN,Marine LE PEN,True
22778,2022,Emmanuel MACRON,Emmanuel MACRON,True
22779,2022,Marine LE PEN,Marine LE PEN,True
22780,2022,Marine LE PEN,Marine LE PEN,True
22781,2022,Marine LE PEN,Marine LE PEN,True
22782,2022,Marine LE PEN,Marine LE PEN,True
22784,2022,Marine LE PEN,Marine LE PEN,True
22785,2022,Marine LE PEN,Marine LE PEN,True
22786,2022,Marine LE PEN,Marine LE PEN,True
22787,2022,Marine LE PEN,Marine LE PEN,True
22788,2022,Marine LE PEN,Marine LE PEN,True
22789,2022,Marine LE PEN,Marine LE PEN,True
22790,2022,Emmanuel MACRON,François FILLON,False
22791,2022,Marine LE PEN,Marine LE PEN,True
22792,2022,Emmanuel MACRON,Emmanuel MACRON,True
22793,2022,Marine LE PEN,Marine LE PEN,True
22794,2022,Jean-Luc MÉLENCHON,François FILLON,False
22795,2022,Marine LE PEN,Marine LE PEN,True
22796,2022,Marine LE PEN,Marine LE PEN,True
22797,2022,Marine LE PEN,Marine LE PEN,True
22798,2022,Marine LE PEN,Marine LE PEN,True
22799,2022,Marine LE PEN,Marine LE PEN,True
22800,2022,Marine LE PEN,Marine LE PEN,True
22801,2022,Marine LE PEN,Marine LE PEN,True
22802,2022,Jean-Luc MÉLENCHON,Emmanuel MACRON,False
22803,2022,Emmanuel MACRON,François FILLON,False
22804,2022,Marine LE PEN,Marine LE PEN,True
22805,2022,Marine LE PEN,Marine LE PEN,True
22806,2022,Marine LE PEN,Marine LE PEN,True
22807,2022,Marine LE PEN,Marine LE PEN,True
22808,2022,Marine LE PEN,Marine LE PEN,True
22809,2022,Marine LE PEN,Marine LE PEN,True
22810,2022,Marine LE PEN,Marine LE PEN,True
22811,2022,Marine LE PEN,Marine LE PEN,True
22812,2022,Marine LE PEN,Marine LE PEN,True
22813,2022,Marine LE PEN,Marine LE PEN,True
22814,2022,Marine LE PEN,Marine LE PEN,True
22815,2022,Marine LE PEN,Marine LE PEN,True
22816,2022,Emmanuel MACRON,François FILLON,False
22817,2022,Marine LE PEN,Marine LE PEN,True
22818,2022,Marine LE PEN,Marine LE PEN,True
22819,2022,Marine LE PEN,Marine LE PEN,True
22820,2022,Marine LE PEN,Marine LE PEN,True
22821,2022,Marine LE PEN,Marine LE PEN,True
22822,2022,Marine LE PEN,Marine LE PEN,True
22823,2022,Marine LE PEN,Marine LE PEN,True
22824,2022,Marine LE PEN,Marine LE PEN,True
22826,2022,Marine LE PEN,Marine LE PEN,True
22827,2022,Marine LE PEN,Marine LE PEN,True
22828,2022,Marine LE PEN,Marine LE PEN,True
22829,2022,Emmanuel MACRON,François FILLON,False
22830,2022,Marine LE PEN,Marine LE PEN,True
22831,2022,Marine LE PEN,Marine LE PEN,True
22832,2022,Emmanuel MACRON,François FILLON,False
22833,2022,Marine LE PEN,Marine LE PEN,True
22834,2022,Marine LE PEN,Marine LE PEN,True
22835,2022,Marine LE PEN,Marine LE PEN,True
22836,2022,Marine LE PEN,Marine LE PEN,True
22837,2022,Marine LE PEN,Marine LE PEN,True
22838,2022,Marine LE PEN,Marine LE PEN,True
22839,2022,Marine LE PEN,Marine LE PEN,True
22840,2022,Marine LE PEN,Marine LE PEN,True
22842,2022,Marine LE PEN,Marine LE PEN,True
22843,2022,Marine LE PEN,Marine LE PEN,True
22844,2022,Marine LE PEN,Marine LE PEN,True
22845,2022,Marine LE PEN,Marine LE PEN,True
22846,2022,Marine LE PEN,Marine LE PEN,True
22847,2022,Marine LE PEN,Marine LE PEN,True
22848,2022,Marine LE PEN,Marine LE PEN,True
22849,2022,Marine LE PEN,Marine LE PEN,True
22850,2022,Marine LE PEN,Marine LE PEN,True
22851,2022,Marine LE PEN,Marine LE PEN,True
22852,2022,Marine LE PEN,Marine LE PEN,True
22853,2022,Marine LE PEN,Marine LE PEN,True
22854,2022,Marine LE PEN,Marine LE PEN,True
22855,2022,Marine LE PEN,Marine LE PEN,True
22856,2022,Marine LE PEN,Marine LE PEN,True
22857,2022,Marine LE PEN,Marine LE PEN,True
22858,2022,Marine LE PEN,Marine LE PEN,True
22859,2022,Marine LE PEN,Marine LE PEN,True
22860,2022,Marine LE PEN,Marine LE PEN,True
22861,2022,Marine LE PEN,Marine LE PEN,True
22862,2022,Marine LE PEN,Marine LE PEN,True
22863,2022,Marine LE PEN,Marine LE PEN,True
22864,2022,Marine LE PEN,Marine LE PEN,True
22865,2022,Marine LE PEN,Marine LE PEN,True
22866,2022,Marine LE PEN,Marine LE PEN,True
22867,2022,Marine LE PEN,Marine LE PEN,True
22868,2022,Marine LE PEN,Marine LE PEN,True
22869,2022,Marine LE PEN,Marine LE PEN,True
22870,2022,Emmanuel MACRON,Emmanuel MACRON,True
22871,2022,Marine LE PEN,Marine LE PEN,True
22872,2022,Marine LE PEN,Marine LE PEN,True
22873,2022,Marine LE PEN,Marine LE PEN,True
22874,2022,Marine LE PEN,Marine LE PEN,True
22875,2022,Marine LE PEN,Marine LE PEN,True
22876,2022,Marine LE PEN,Marine LE PEN,True
22877,2022,Marine LE PEN,Marine LE PEN,True
22878,2022,Marine LE PEN,Marine LE PEN,True
22879,2022,Marine LE PEN,Marine LE PEN,True
22880,2022,Marine LE PEN,Marine LE PEN,True
22881,2022,Marine LE PEN,Marine LE PEN,True
22882,2022,Marine LE PEN,Marine LE PEN,True
22883,2022,Emmanuel MACRON,François FILLON,False
22884,2022,Marine LE PEN,Marine LE PEN,True
22885,2022,Marine LE PEN,Marine LE PEN,True
22886,2022,Emmanuel MACRON,Emmanuel MACRON,True
22887,2022,Marine LE PEN,Marine LE PEN,True
22888,2022,Marine LE PEN,Marine LE PEN,True
22889,2022,Marine LE PEN,Marine LE PEN,True
22890,2022,Marine LE PEN,Marine LE PEN,True
22891,2022,Marine LE PEN,Marine LE PEN,True
22892,2022,Marine LE PEN,Marine LE PEN,True
22893,2022,Marine LE PEN,Marine LE PEN,True
22894,2022,Marine LE PEN,Marine LE PEN,True
22895,2022,Marine LE PEN,Marine LE PEN,True
22896,2022,Emmanuel MACRON,Emmanuel MACRON,True
22897,2022,Marine LE PEN,Marine LE PEN,True
22898,2022,Marine LE PEN,Marine LE PEN,True
22899,2022,Marine LE PEN,Marine LE PEN,True
22900,2022,Marine LE PEN,Marine LE PEN,True
22901,2022,Emmanuel MACRON,Emmanuel MACRON,True
22902,2022,Marine LE PEN,Marine LE PEN,True
22903,2022,Marine LE PEN,Marine LE PEN,True
22904,2022,Emmanuel MACRON,Jean-Luc MÉLENCHON,False
22905,2022,Marine LE PEN,Marine LE PEN,True
22906,2022,Emmanuel MACRON,François FILLON,False
22907,2022,Marine LE PEN,Marine LE PEN,True
22908,2022,Marine LE PEN,Marine LE PEN,True
22909,2022,Marine LE PEN,Marine LE PEN,True
22910,2022,Marine LE PEN,Marine LE PEN,True
22911,2022,Marine LE PEN,Marine LE PEN,True
22912,2022,Marine LE PEN,Marine LE PEN,True
22913,2022,Marine LE PEN,Marine LE PEN,True
22914,2022,Marine LE PEN,Marine LE PEN,True
22915,2022,Emmanuel MACRON,Emmanuel MACRON,True
22916,2022,Marine LE PEN,Marine LE PEN,True
22917,2022,Emmanuel MACRON,Emmanuel MACRON,True
22918,2022,Marine LE PEN,Marine LE PEN,True
22919,2022,Marine LE PEN,Marine LE PEN,True
22920,2022,Jean-Luc MÉLENCHON,Jean-Luc MÉLENCHON,True
22921,2022,Marine LE PEN,Marine LE PEN,True
22922,2022,Marine LE PEN,Marine LE PEN,True
22923,2022,Marine LE PEN,Marine LE PEN,True
22924,2022,Marine LE PEN,Marine LE PEN,True
22925,2022,Marine LE PEN,Marine LE PEN,True
22926,2022,Marine LE PEN,Marine LE PEN,True
22927,2022,Marine LE PEN,Marine LE PEN,True
22928,2022,Emmanuel MACRON,François FILLON,False
22929,2022,Marine LE PEN,Marine LE PEN,True
22930,2022,Marine LE PEN,Marine LE PEN,True
22931,2022,Marine LE PEN,Marine LE PEN,True
22932,2022,Marine LE PEN,Marine LE PEN,True
22933,2022,Marine LE PEN,Marine LE PEN,True
22934,2022,Marine LE PEN,Marine LE PEN,True
22935,2022,Marine LE PEN,Marine LE PEN,True
22936,2022,Marine LE PEN,Marine LE PEN,True
22937,2022,Marine LE PEN,Marine LE PEN,True
22938,2022,Marine LE PEN,Marine LE PEN,True
22939,2022,Marine LE PEN,Marine LE PEN,True
22940,2022,Marine LE PEN,Marine LE PEN,True
22941,2022,Marine LE PEN,Marine LE PEN,True
22942,2022,Marine LE PEN,Marine LE PEN,True
22943,2022,Marine LE PEN,Marine LE PEN,True
22944,2022,Marine LE PEN,Marine LE PEN,True
22945,2022,Marine LE PEN,Marine LE PEN,True
22946,2022,Marine LE PEN,Marine LE PEN,True
22947,2022,Marine LE PEN,Marine LE PEN,True
22948,2022,Marine LE PEN,Marine LE PEN,True
22949,2022,Marine LE PEN,Marine LE PEN,True
22950,2022,Marine LE PEN,Marine LE PEN,True
22951,2022,Marine LE PEN,Marine LE PEN,True
22952,2022,Emmanuel MACRON,François FILLON,False
22953,2022,Marine LE PEN,Marine LE PEN,True
22954,2022,Marine LE PEN,Marine LE PEN,True
22955,2022,Marine LE PEN,Marine LE PEN,True
22956,2022,Marine LE PEN,Marine LE PEN,True
22957,2022,Emmanuel MACRON,François FILLON,False
22958,2022,Marine LE PEN,Marine LE PEN,True
22959,2022,Marine LE PEN,Marine LE PEN,True
22960,2022,Marine LE PEN,Marine LE PEN,True
22961,2022,Marine LE PEN,Marine LE PEN,True
22962,2022,Marine LE PEN,Marine LE PEN,True
22963,2022,Marine LE PEN,Marine LE PEN,True
22964,2022,Marine LE PEN,Marine LE PEN,True
22965,2022,Marine LE PEN,Marine LE PEN,True
22966,2022,Marine LE PEN,Marine LE PEN,True
22967,2022,Marine LE PEN,Marine LE PEN,True
22968,2022,Marine LE PEN,Marine LE PEN,True
22969,2022,Marine LE PEN,Marine LE PEN,True
22970,2022,Marine LE PEN,Marine LE PEN,True
22971,2022,Marine LE PEN,Marine LE PEN,True
22972,2022,Marine LE PEN,Marine LE PEN,True
22973,2022,Marine LE PEN,Marine LE PEN,True
22974,2022,Marine LE PEN,Marine LE PEN,True
22975,2022,Marine LE PEN,Marine LE PEN,True
22976,2022,Marine LE PEN,Marine LE PEN,True
22977,2022,Marine LE PEN,Marine LE PEN,True
22978,2022,Marine LE PEN,Marine LE PEN,True
22979,2022,Marine LE PEN,Marine LE PEN,True
22980,2022,Marine LE PEN,Marine LE PEN,True
22981,2022,Marine LE PEN,Marine LE PEN,True
22982,2022,Emmanuel MACRON,Emmanuel MACRON,True
22983,2022,Marine LE PEN,Marine LE PEN,True
22984,2022,Marine LE PEN,Marine LE PEN,True
22985,2022,Emmanuel MACRON,François FILLON,False
22986,2022,Marine LE PEN,Marine LE PEN,True
22987,2022,Emmanuel MACRON,François FILLON,False
22988,2022,Marine LE PEN,Marine LE PEN,True
22989,2022,Marine LE PEN,Marine LE PEN,True
22990,2022,Marine LE PEN,Marine LE PEN,True
22991,2022,Marine LE PEN,Marine LE PEN,True
22992,2022,Marine LE PEN,Marine LE PEN,True
22993,2022,Emmanuel MACRON,François FILLON,False
22994,2022,Marine LE PEN,Marine LE PEN,True
22995,2022,Marine LE PEN,Marine LE PEN,True
22996,2022,Marine LE PEN,Marine LE PEN,True
22997,2022,Marine LE PEN,Marine LE PEN,True
22998,2022,Marine LE PEN,Marine LE PEN,True
22999,2022,Marine LE PEN,Marine LE PEN,True
23000,2022,Marine LE PEN,Marine LE PEN,True
23001,2022,Marine LE PEN,Marine LE PEN,True
23002,2022,Marine LE PEN,Marine LE PEN,True
23003,2022,Marine LE PEN,Marine LE PEN,True
23004,2022,Emmanuel MACRON,Emmanuel MACRON,True
23005,2022,Marine LE PEN,Marine LE PEN,True
23006,2022,Marine LE PEN,Marine LE PEN,True
23007,2022,Marine LE PEN,Marine LE PEN,True
23008,2022,Marine LE PEN,Marine LE PEN,True
23009,2022,Marine LE PEN,Marine LE PEN,True
23010,2022,Marine LE PEN,Marine LE PEN,True
23011,2022,Marine LE PEN,Marine LE PEN,True
23012,2022,Emmanuel MACRON,François FILLON,False
23013,2022,Emmanuel MACRON,François FILLON,False
23014,2022,Marine LE PEN,Marine LE PEN,True
23015,2022,Emmanuel MACRON,François FILLON,False
23016,2022,Marine LE PEN,Marine LE PEN,True
23017,2022,Marine LE PEN,Marine LE PEN,True
23018,2022,Marine LE PEN,Marine LE PEN,True
23019,2022,Marine LE PEN,Marine LE PEN,True
23020,2022,Marine LE PEN,Marine LE PEN,True
23021,2022,Marine LE PEN,Marine LE PEN,True
23022,2022,Marine LE PEN,Marine LE PEN,True
23023,2022,Marine LE PEN,Marine LE PEN,True
23024,2022,Emmanuel MACRON,Emmanuel MACRON,True
23025,2022,Jean-Luc MÉLENCHON,Nicolas DUPONT-AIGNAN,False
23026,2022,Marine LE PEN,Marine LE PEN,True
23027,2022,Marine LE PEN,Marine LE PEN,True
23028,2022,Marine LE PEN,Marine LE PEN,True
23029,2022,Marine LE PEN,Marine LE PEN,True
23030,2022,Marine LE PEN,Marine LE PEN,True
23031,2022,Marine LE PEN,Marine LE PEN,True
23032,2022,Emmanuel MACRON,François FILLON,False
23033,2022,Marine LE PEN,Marine LE PEN,True
23034,2022,Marine LE PEN,Marine LE PEN,True
23035,2022,Marine LE PEN,Marine LE PEN,True
23036,2022,Marine LE PEN,Marine LE PEN,True
23037,2022,Marine LE PEN,Marine LE PEN,True
23038,2022,Marine LE PEN,Marine LE PEN,True
23039,2022,Marine LE PEN,Marine LE PEN,True
23040,2022,Marine LE PEN,Marine LE PEN,True
23041,2022,Marine LE PEN,Marine LE PEN,True
23043,2022,Marine LE PEN,Marine LE PEN,True
23044,2022,Marine LE PEN,Marine LE PEN,True
23045,2022,Marine LE PEN,Marine LE PEN,True
23046,2022,Marine LE PEN,Marine LE PEN,True
23047,2022,Marine LE PEN,Marine LE PEN,True
23048,2022,Marine LE PEN,Marine LE PEN,True
23049,2022,Marine LE PEN,Marine LE PEN,True
23050,2022,Marine LE PEN,Marine LE PEN,True
23051,2022,Marine LE PEN,Marine LE PEN,True
23052,2022,Marine LE PEN,Marine LE PEN,True
23053,2022,Marine LE PEN,Marine LE PEN,True
23054,2022,Marine LE PEN,Marine LE PEN,True
23055,2022,Marine LE PEN,Marine LE PEN,True
23056,2022,Marine LE PEN,Marine LE PEN,True
23057,2022,Marine LE PEN,Marine LE PEN,True
23059,2022,Marine LE PEN,Marine LE PEN,True
23060,2022,Marine LE PEN,Marine LE PEN,True
23061,2022,Marine LE PEN,Marine LE PEN,True
23062,2022,Marine LE PEN,Marine LE PEN,True
23063,2022,Marine LE PEN,Marine LE PEN,True
23064,2022,Marine LE PEN,Marine LE PEN,True
23065,2022,Marine LE PEN,Marine LE PEN,True
23066,2022,Marine LE PEN,Marine LE PEN,True
23067,2022,Emmanuel MACRON,Emmanuel MACRON,True
23068,2022,Emmanuel MACRON,Emmanuel MACRON,True
23069,2022,Marine LE PEN,Marine LE PEN,True
23070,2022,Marine LE PEN,Marine LE PEN,True
23071,2022,Marine LE PEN,Marine LE PEN,True
23072,2022,Marine LE PEN,Marine LE PEN,True
23073,2022,Marine LE PEN,Marine LE PEN,True
23074,2022,Marine LE PEN,Marine LE PEN,True
23075,2022,Marine LE PEN,Marine LE PEN,True
23076,2022,Marine LE PEN,Marine LE PEN,True
23077,2022,Marine LE PEN,Marine LE PEN,True
23078,2022,Emmanuel MACRON,François FILLON,False
23079,2022,Emmanuel MACRON,Emmanuel MACRON,True
23080,2022,Marine LE PEN,Marine LE PEN,True
23081,2022,Marine LE PEN,Marine LE PEN,True
23082,2022,Marine LE PEN,Marine LE PEN,True
23083,2022,Marine LE PEN,Marine LE PEN,True
23084,2022,Marine LE PEN,Marine LE PEN,True
23085,2022,Marine LE PEN,Marine LE PEN,True
23086,2022,Marine LE PEN,Marine LE PEN,True
23087,2022,Marine LE PEN,Marine LE PEN,True
23088,2022,Emmanuel MACRON,Emmanuel MACRON,True
23089,2022,Marine LE PEN,Marine LE PEN,True
23090,2022,Marine LE PEN,Marine LE PEN,True
23091,2022,Marine LE PEN,Marine LE PEN,True
23092,2022,Marine LE PEN,Marine LE PEN,True
23093,2022,Marine LE PEN,Marine LE PEN,True
23094,2022,Marine LE PEN,Marine LE PEN,True
23095,2022,Marine LE PEN,Marine LE PEN,True
23096,2022,Marine LE PEN,Marine LE PEN,True
23097,2022,Marine LE PEN,Marine LE PEN,True
23098,2022,Marine LE PEN,Marine LE PEN,True
23099,2022,Marine LE PEN,Marine LE PEN,True
23100,2022,Marine LE PEN,Marine LE PEN,True
23101,2022,Marine LE PEN,Marine LE PEN,True
23102,2022,Marine LE PEN,Marine LE PEN,True
23103,2022,Marine LE PEN,Marine LE PEN,True
23104,2022,Marine LE PEN,Marine LE PEN,True
23105,2022,Marine LE PEN,Marine LE PEN,True
23106,2022,Marine LE PEN,Marine LE PEN,True
23107,2022,Marine LE PEN,Marine LE PEN,True
23108,2022,Marine LE PEN,Marine LE PEN,True
23109,2022,Marine LE PEN,Marine LE PEN,True
23110,2022,Marine LE PEN,Marine LE PEN,True
23111,2022,Marine LE PEN,Marine LE PEN,True
23112,2022,Emmanuel MACRON,François FILLON,False
23113,2022,Marine LE PEN,Marine LE PEN,True
23114,2022,Marine LE PEN,Marine LE PEN,True
23115,2022,Marine LE PEN,Marine LE PEN,True
23116,2022,Marine LE PEN,Marine LE PEN,True
23117,2022,Marine LE PEN,Marine LE PEN,True
23118,2022,Marine LE PEN,Marine LE PEN,True
23119,2022,Marine LE PEN,Marine LE PEN,True
23120,2022,Marine LE PEN,Marine LE PEN,True
23121,2022,Marine LE PEN,Marine LE PEN,True
23122,2022,Marine LE PEN,Marine LE PEN,True
23123,2022,Emmanuel MACRON,Emmanuel MACRON,True
23124,2022,Marine LE PEN,Marine LE PEN,True
23125,2022,Marine LE PEN,Marine LE PEN,True
23126,2022,Marine LE PEN,Marine LE PEN,True
23127,2022,Marine LE PEN,Marine LE PEN,True
23128,2022,Marine LE PEN,Marine LE PEN,True
23129,2022,Marine LE PEN,Marine LE PEN,True
23130,2022,Marine LE PEN,Marine LE PEN,True
23132,2022,Marine LE PEN,Marine LE PEN,True
23133,2022,Marine LE PEN,Marine LE PEN,True
23134,2022,Marine LE PEN,Marine LE PEN,True
23135,2022,Jean-Luc MÉLENCHON,Jean-Luc MÉLENCHON,True
23136,2022,Marine LE PEN,Marine LE PEN,True
23137,2022,Emmanuel MACRON,François FILLON,False
23138,2022,Marine LE PEN,Marine LE PEN,True
23139,2022,Marine LE PEN,Marine LE PEN,True
23140,2022,Marine LE PEN,Marine LE PEN,True
23141,2022,Marine LE PEN,Marine LE PEN,True
23142,2022,Marine LE PEN,Marine LE PEN,True
23143,2022,Marine LE PEN,Marine LE PEN,True
23144,2022,Marine LE PEN,Marine LE PEN,True
23145,2022,Marine LE PEN,Marine LE PEN,True
23146,2022,Marine LE PEN,Marine LE PEN,True
23147,2022,Marine LE PEN,Marine LE PEN,True
23148,2022,Marine LE PEN,Marine LE PEN,True
23149,2022,Marine LE PEN,Marine LE PEN,True
23150,2022,Marine LE PEN,Marine LE PEN,True
23151,2022,Marine LE PEN,Marine LE PEN,True
23152,2022,Marine LE PEN,Marine LE PEN,True
23153,2022,Marine LE PEN,Marine LE PEN,True
23154,2022,Jean-Luc MÉLENCHON,Jean-Luc MÉLENCHON,True
23155,2022,Emmanuel MACRON,François FILLON,False
23156,2022,Marine LE PEN,Marine LE PEN,True
23157,2022,Marine LE PEN,Marine LE PEN,True
23158,2022,Marine LE PEN,Marine LE PEN,True
23159,2022,Emmanuel MACRON,François FILLON,False
23160,2022,Emmanuel MACRON,François FILLON,False
23161,2022,Marine LE PEN,Marine LE PEN,True
23162,2022,Marine LE PEN,Marine LE PEN,True
23163,2022,Marine LE PEN,Marine LE PEN,True
23164,2022,Marine LE PEN,Marine LE PEN,True
23165,2022,Marine LE PEN,Marine LE PEN,True
23166,2022,Emmanuel MACRON,François FILLON,False
23167,2022,Marine LE PEN,Marine LE PEN,True
23168,2022,Marine LE PEN,Marine LE PEN,True
23169,2022,Marine LE PEN,Marine LE PEN,True
23170,2022,Emmanuel MACRON,Emmanuel MACRON,True
23171,2022,Marine LE PEN,Marine LE PEN,True
23172,2022,Marine LE PEN,Marine LE PEN,True
23173,2022,Marine LE PEN,Marine LE PEN,True
23174,2022,Marine LE PEN,Marine LE PEN,True
23175,2022,Marine LE PEN,Marine LE PEN,True
23176,2022,Marine LE PEN,Marine LE PEN,True
23177,2022,Marine LE PEN,Marine LE PEN,True
23178,2022,Marine LE PEN,Marine LE PEN,True
23179,2022,Emmanuel MACRON,Emmanuel MACRON,True
23180,2022,Marine LE PEN,Marine LE PEN,True
23181,2022,Marine LE PEN,Marine LE PEN,True
23182,2022,Marine LE PEN,Marine LE PEN,True
23183,2022,Marine LE PEN,Marine LE PEN,True
23184,2022,Marine LE PEN,Marine LE PEN,True
23185,2022,Marine LE PEN,Marine LE PEN,True
23186,2022,Marine LE PEN,Marine LE PEN,True
23187,2022,Marine LE PEN,Marine LE PEN,True
23188,2022,Marine LE PEN,Marine LE PEN,True
23189,2022,Marine LE PEN,Marine LE PEN,True
23190,2022,Marine LE PEN,Marine LE PEN,True
23191,2022,Marine LE PEN,Marine LE PEN,True
23193,2022,Marine LE PEN,Marine LE PEN,True
23194,2022,Marine LE PEN,Marine LE PEN,True
23195,2022,Marine LE PEN,Marine LE PEN,True
23196,2022,Marine LE PEN,Marine LE PEN,True
23197,2022,Marine LE PEN,Marine LE PEN,True
23198,2022,Emmanuel MACRON,François FILLON,False
23199,2022,Marine LE PEN,Marine LE PEN,True
23200,2022,Jean-Luc MÉLENCHON,Jean-Luc MÉLENCHON,True
23201,2022,Marine LE PEN,Marine LE PEN,True
23202,2022,Marine LE PEN,Marine LE PEN,True
23203,2022,Marine LE PEN,Marine LE PEN,True
23204,2022,Marine LE PEN,Marine LE PEN,True
23205,2022,Marine LE PEN,Marine LE PEN,True
23206,2022,Marine LE PEN,Marine LE PEN,True
23207,2022,Marine LE PEN,Marine LE PEN,True
23208,2022,Marine LE PEN,Marine LE PEN,True
23209,2022,Marine LE PEN,Marine LE PEN,True
23210,2022,Marine LE PEN,Marine LE PEN,True
23212,2022,Marine LE PEN,Marine LE PEN,True
23213,2022,Marine LE PEN,Marine LE PEN,True
23214,2022,Marine LE PEN,Marine LE PEN,True
23215,2022,Marine LE PEN,Marine LE PEN,True
23216,2022,Marine LE PEN,Marine LE PEN,True
23217,2022,Marine LE PEN,Marine LE PEN,True
23218,2022,Emmanuel MACRON,Emmanuel MACRON,True
23219,2022,Marine LE PEN,Marine LE PEN,True
23220,2022,Marine LE PEN,Marine LE PEN,True
23221,2022,Marine LE PEN,Marine LE PEN,True
23222,2022,Marine LE PEN,Marine LE PEN,True
23223,2022,Marine LE PEN,Marine LE PEN,True
23224,2022,Marine LE PEN,Marine LE PEN,True
23225,2022,Marine LE PEN,Marine LE PEN,True
23226,2022,Marine LE PEN,Marine LE PEN,True
23227,2022,Emmanuel MACRON,Emmanuel MACRON,True
23228,2022,Marine LE PEN,Marine LE PEN,True
23229,2022,Marine LE PEN,Marine LE PEN,True
23230,2022,Emmanuel MACRON,Emmanuel MACRON,True
23231,2022,Marine LE PEN,Marine LE PEN,True
23232,2022,Marine LE PEN,Marine LE PEN,True
23233,2022,Marine LE PEN,Marine LE PEN,True
23234,2022,Marine LE PEN,Marine LE PEN,True
23235,2022,Marine LE PEN,Marine LE PEN,True
23236,2022,Marine LE PEN,Marine LE PEN,True
23237,2022,Marine LE PEN,Marine LE PEN,True
23238,2022,Marine LE PEN,Marine LE PEN,True
23239,2022,Marine LE PEN,Marine LE PEN,True
23241,2022,Emmanuel MACRON,Emmanuel MACRON,True
23242,2022,Marine LE PEN,Marine LE PEN,True
23243,2022,Marine LE PEN,Marine LE PEN,True
23244,2022,Marine LE PEN,Marine LE PEN,True
23245,2022,Marine LE PEN,Marine LE PEN,True
23246,2022,Marine LE PEN,Marine LE PEN,True
23247,2022,Marine LE PEN,Marine LE PEN,True
23248,2022,Marine LE PEN,Marine LE PEN,True
23249,2022,Emmanuel MACRON,Emmanuel MACRON,True
23250,2022,Marine LE PEN,Marine LE PEN,True
23251,2022,Marine LE PEN,Marine LE PEN,True
23252,2022,Marine LE PEN,Marine LE PEN,True
23253,2022,Marine LE PEN,Marine LE PEN,True
23254,2022,Marine LE PEN,Marine LE PEN,True
23255,2022,Marine LE PEN,Marine LE PEN,True
23256,2022,Marine LE PEN,Marine LE PEN,True
23257,2022,Marine LE PEN,Marine LE PEN,True
23258,2022,Marine LE PEN,Marine LE PEN,True
23259,2022,Marine LE PEN,Marine LE PEN,True
23260,2022,Marine LE PEN,Marine LE PEN,True
23261,2022,Emmanuel MACRON,François FILLON,False
23262,2022,Marine LE PEN,Marine LE PEN,True
23263,2022,Marine LE PEN,Marine LE PEN,True
23264,2022,Marine LE PEN,Marine LE PEN,True
23265,2022,Emmanuel MACRON,François FILLON,False
23266,2022,Marine LE PEN,Marine LE PEN,True
23267,2022,Marine LE PEN,Marine LE PEN,True
23268,2022,Marine LE PEN,Marine LE PEN,True
23269,2022,Emmanuel MACRON,Emmanuel MACRON,True
23270,2022,Marine LE PEN,Marine LE PEN,True
23271,2022,Emmanuel MACRON,François FILLON,False
23272,2022,Marine LE PEN,Marine LE PEN,True
23273,2022,Marine LE PEN,Marine LE PEN,True
23274,2022,Marine LE PEN,Marine LE PEN,True
23275,2022,Marine LE PEN,Marine LE PEN,True
23276,2022,Marine LE PEN,Marine LE PEN,True
23277,2022,Marine LE PEN,Marine LE PEN,True
23278,2022,Emmanuel MACRON,François FILLON,False
23279,2022,Marine LE PEN,Marine LE PEN,True
23280,2022,Marine LE PEN,Marine LE PEN,True
23281,2022,Emmanuel MACRON,François FILLON,False
23282,2022,Marine LE PEN,Marine LE PEN,True
23283,2022,Marine LE PEN,Marine LE PEN,True
23284,2022,Marine LE PEN,Marine LE PEN,True
23285,2022,Marine LE PEN,Marine LE PEN,True
23286,2022,Marine LE PEN,Marine LE PEN,True
23287,2022,Emmanuel MACRON,François FILLON,False
23288,2022,Marine LE PEN,Marine LE PEN,True
23289,2022,Marine LE PEN,Marine LE PEN,True
23290,2022,Marine LE PEN,Marine LE PEN,True
23291,2022,Marine LE PEN,Marine LE PEN,True
23292,2022,Marine LE PEN,Marine LE PEN,True
23293,2022,Marine LE PEN,Marine LE PEN,True
23294,2022,Marine LE PEN,Marine LE PEN,True
23295,2022,Emmanuel MACRON,François FILLON,False
23296,2022,Marine LE PEN,Marine LE PEN,True
23297,2022,Marine LE PEN,Marine LE PEN,True
23298,2022,Marine LE PEN,Marine LE PEN,True
23299,2022,Marine LE PEN,Marine LE PEN,True
23300,2022,Marine LE PEN,Marine LE PEN,True
23301,2022,Marine LE PEN,Marine LE PEN,True
23302,2022,Marine LE PEN,Marine LE PEN,True
23303,2022,Marine LE PEN,Marine LE PEN,True
23304,2022,Emmanuel MACRON,François FILLON,False
23305,2022,Marine LE PEN,Marine LE PEN,True
23306,2022,Emmanuel MACRON,François FILLON,False
23307,2022,Marine LE PEN,Marine LE PEN,True
23308,2022,Marine LE PEN,Marine LE PEN,True
23309,2022,Marine LE PEN,Marine LE PEN,True
23310,2022,Marine LE PEN,Marine LE PEN,True
23311,2022,Marine LE PEN,Marine LE PEN,True
23312,2022,Marine LE PEN,Marine LE PEN,True
23313,2022,Marine LE PEN,Marine LE PEN,True
23314,2022,Emmanuel MACRON,François FILLON,False
23315,2022,Marine LE PEN,Marine LE PEN,True
23316,2022,Marine LE PEN,Marine LE PEN,True
23317,2022,Marine LE PEN,Marine LE PEN,True
23318,2022,Marine LE PEN,Marine LE PEN,True
23319,2022,Marine LE PEN,Marine LE PEN,True
23320,2022,Marine LE PEN,Marine LE PEN,True
23321,2022,Marine LE PEN,Marine LE PEN,True
23322,2022,Marine LE PEN,Marine LE PEN,True
23323,2022,Marine LE PEN,Marine LE PEN,True
23324,2022,Marine LE PEN,Marine LE PEN,True
23325,2022,Marine LE PEN,Marine LE PEN,True
23326,2022,Marine LE PEN,Marine LE PEN,True
23327,2022,Marine LE PEN,Marine LE PEN,True
23328,2022,Marine LE PEN,Marine LE PEN,True
23329,2022,Marine LE PEN,Marine LE PEN,True
23330,2022,Marine LE PEN,Marine LE PEN,True
23331,2022,Marine LE PEN,Marine LE PEN,True
23332,2022,Marine LE PEN,Marine LE PEN,True
23333,2022,Marine LE PEN,Marine LE PEN,True
23334,2022,Marine LE PEN,Marine LE PEN,True
23335,2022,Marine LE PEN,Marine LE PEN,True
23336,2022,Marine LE PEN,Marine LE PEN,True
23337,2022,Marine LE PEN,Marine LE PEN,True
23338,2022,Marine LE PEN,Marine LE PEN,True
23339,2022,Marine LE PEN,Marine LE PEN,True
23340,2022,Marine LE PEN,Marine LE PEN,True
23341,2022,Marine LE PEN,Marine LE PEN,True
23342,2022,Marine LE PEN,Marine LE PEN,True
23343,2022,Marine LE PEN,Marine LE PEN,True
23344,2022,Emmanuel MACRON,Emmanuel MACRON,True
23345,2022,Marine LE PEN,Marine LE PEN,True
23346,2022,Emmanuel MACRON,Emmanuel MACRON,True
23347,2022,Marine LE PEN,Marine LE PEN,True
23348,2022,Marine LE PEN,Marine LE PEN,True
23349,2022,Marine LE PEN,Marine LE PEN,True
23350,2022,Marine LE PEN,Marine LE PEN,True
23351,2022,Marine LE PEN,Marine LE PEN,True
23352,2022,Marine LE PEN,Marine LE PEN,True
23353,2022,Marine LE PEN,Marine LE PEN,True
23354,2022,Marine LE PEN,Marine LE PEN,True
23355,2022,Marine LE PEN,Marine LE PEN,True
23356,2022,Marine LE PEN,Marine LE PEN,True
23357,2022,Marine LE PEN,Marine LE PEN,True
23358,2022,Marine LE PEN,Marine LE PEN,True
23359,2022,Marine LE PEN,Marine LE PEN,True
23360,2022,Marine LE PEN,Marine LE PEN,True
23361,2022,Marine LE PEN,Marine LE PEN,True
23362,2022,Emmanuel MACRON,Emmanuel MACRON,True
23363,2022,Marine LE PEN,Marine LE PEN,True
23364,2022,Marine LE PEN,Marine LE PEN,True
23365,2022,Marine LE PEN,Marine LE PEN,True
23366,2022,Marine LE PEN,Marine LE PEN,True
23367,2022,Marine LE PEN,Marine LE PEN,True
23368,2022,Marine LE PEN,Marine LE PEN,True
23369,2022,Marine LE PEN,Marine LE PEN,True
23370,2022,Marine LE PEN,Marine LE PEN,True
23371,2022,Marine LE PEN,Marine LE PEN,True
23372,2022,Jean-Luc MÉLENCHON,François FILLON,False
23373,2022,Marine LE PEN,Marine LE PEN,True
23374,2022,Marine LE PEN,Marine LE PEN,True
23375,2022,Marine LE PEN,Marine LE PEN,True
23376,2022,Marine LE PEN,Marine LE PEN,True
23377,2022,Marine LE PEN,Marine LE PEN,True
23378,2022,Marine LE PEN,Marine LE PEN,True
23379,2022,Marine LE PEN,Marine LE PEN,True
23380,2022,Marine LE PEN,Marine LE PEN,True
23381,2022,Emmanuel MACRON,François FILLON,False
23382,2022,Marine LE PEN,Marine LE PEN,True
23383,2022,Marine LE PEN,Marine LE PEN,True
23384,2022,Marine LE PEN,Marine LE PEN,True
23385,2022,Marine LE PEN,Marine LE PEN,True
23386,2022,Emmanuel MACRON,François FILLON,False
23387,2022,Marine LE PEN,Marine LE PEN,True
23388,2022,Marine LE PEN,Marine LE PEN,True
23389,2022,Marine LE PEN,Marine LE PEN,True
23390,2022,Emmanuel MACRON,François FILLON,False
23391,2022,Marine LE PEN,Marine LE PEN,True
23392,2022,Marine LE PEN,Marine LE PEN,True
23393,2022,Marine LE PEN,Marine LE PEN,True
23394,2022,Marine LE PEN,Marine LE PEN,True
23395,2022,Marine LE PEN,Marine LE PEN,True
23396,2022,Marine LE PEN,Marine LE PEN,True
23397,2022,Marine LE PEN,Marine LE PEN,True
23398,2022,Marine LE PEN,Marine LE PEN,True
23399,2022,Emmanuel MACRON,François FILLON,False
23400,2022,Emmanuel MACRON,François FILLON,False
23401,2022,Marine LE PEN,Marine LE PEN,True
23402,2022,Emmanuel MACRON,François FILLON,False
23403,2022,Marine LE PEN,Marine LE PEN,True
23404,2022,Marine LE PEN,Marine LE PEN,True
23405,2022,Emmanuel MACRON,Emmanuel MACRON,True
23406,2022,Marine LE PEN,Marine LE PEN,True
23407,2022,Marine LE PEN,Marine LE PEN,True
23408,2022,Marine LE PEN,Marine LE PEN,True
23409,2022,Marine LE PEN,Marine LE PEN,True
23410,2022,Marine LE PEN,Marine LE PEN,True
23411,2022,Marine LE PEN,Marine LE PEN,True
23412,2022,Marine LE PEN,Marine LE PEN,True
23413,2022,Emmanuel MACRON,Emmanuel MACRON,True
23414,2022,Marine LE PEN,Marine LE PEN,True
23415,2022,Jean-Luc MÉLENCHON,Jean-Luc MÉLENCHON,True
23416,2022,Marine LE PEN,Marine LE PEN,True
23417,2022,Marine LE PEN,Marine LE PEN,True
23418,2022,Marine LE PEN,Marine LE PEN,True
23419,2022,Marine LE PEN,Marine LE PEN,True
23420,2022,Marine LE PEN,Marine LE PEN,True
23422,2022,Marine LE PEN,Marine LE PEN,True
23423,2022,Marine LE PEN,Marine LE PEN,True
23424,2022,Marine LE PEN,Marine LE PEN,True
23426,2022,Emmanuel MACRON,Emmanuel MACRON,True
23427,2022,Marine LE PEN,Marine LE PEN,True
23428,2022,Marine LE PEN,Marine LE PEN,True
23429,2022,Marine LE PEN,Marine LE PEN,True
23430,2022,Marine LE PEN,Marine LE PEN,True
23431,2022,Marine LE PEN,Marine LE PEN,True
23432,2022,Marine LE PEN,Marine LE PEN,True
23433,2022,Marine LE PEN,Marine LE PEN,True
23434,2022,Emmanuel MACRON,François FILLON,False
23435,2022,Marine LE PEN,Marine LE PEN,True
23436,2022,Marine LE PEN,Marine LE PEN,True
23437,2022,Emmanuel MACRON,François FILLON,False
23438,2022,Emmanuel MACRON,François FILLON,False
23439,2022,Marine LE PEN,Marine LE PEN,True
23440,2022,Emmanuel MACRON,François FILLON,False
23441,2022,Emmanuel MACRON,François FILLON,False
23442,2022,Marine LE PEN,Marine LE PEN,True
23443,2022,Marine LE PEN,Marine LE PEN,True
23444,2022,Emmanuel MACRON,François FILLON,False
23445,2022,Emmanuel MACRON,François FILLON,False
23446,2022,Marine LE PEN,Marine LE PEN,True
23447,2022,Marine LE PEN,Marine LE PEN,True
23448,2022,Emmanuel MACRON,François FILLON,False
23449,2022,Emmanuel MACRON,François FILLON,False
23450,2022,Emmanuel MACRON,François FILLON,False
23451,2022,Marine LE PEN,Marine LE PEN,True
23452,2022,Marine LE PEN,Marine LE PEN,True
23453,2022,Marine LE PEN,Marine LE PEN,True
23454,2022,Emmanuel MACRON,François FILLON,False
23455,2022,Emmanuel MACRON,François FILLON,False
23456,2022,Marine LE PEN,Marine LE PEN,True
23457,2022,Emmanuel MACRON,François FILLON,False
23458,2022,Emmanuel MACRON,François FILLON,False
23459,2022,Marine LE PEN,Marine LE PEN,True
23460,2022,Emmanuel MACRON,François FILLON,False
23461,2022,Emmanuel MACRON,François FILLON,False
23462,2022,Marine LE PEN,Marine LE PEN,True
23463,2022,Marine LE PEN,Marine LE PEN,True
23464,2022,Marine LE PEN,Marine LE PEN,True
23465,2022,Marine LE PEN,Marine LE PEN,True
23466,2022,Marine LE PEN,Marine LE PEN,True
23467,2022,Marine LE PEN,Marine LE PEN,True
23468,2022,Marine LE PEN,Marine LE PEN,True
23469,2022,Marine LE PEN,Marine LE PEN,True
23470,2022,Emmanuel MACRON,François FILLON,False
23471,2022,Marine LE PEN,Marine LE PEN,True
23472,2022,Marine LE PEN,Marine LE PEN,True
23473,2022,Marine LE PEN,Marine LE PEN,True
23474,2022,Marine LE PEN,Marine LE PEN,True
23475,2022,Emmanuel MACRON,François FILLON,False
23476,2022,Marine LE PEN,Marine LE PEN,True
23477,2022,Marine LE PEN,Marine LE PEN,True
23478,2022,Marine LE PEN,Marine LE PEN,True
23479,2022,Marine LE PEN,Marine LE PEN,True
23480,2022,Emmanuel MACRON,François FILLON,False
23481,2022,Emmanuel MACRON,François FILLON,False
23482,2022,Marine LE PEN,Marine LE PEN,True
23483,2022,Marine LE PEN,Marine LE PEN,True
23484,2022,Marine LE PEN,Marine LE PEN,True
23485,2022,Emmanuel MACRON,François FILLON,False
23486,2022,Emmanuel MACRON,François FILLON,False
23487,2022,Emmanuel MACRON,François FILLON,False
23488,2022,Emmanuel MACRON,François FILLON,False
23489,2022,Marine LE PEN,Marine LE PEN,True
23490,2022,Emmanuel MACRON,François FILLON,False
23491,2022,Marine LE PEN,Marine LE PEN,True
23492,2022,Emmanuel MACRON,François FILLON,False
23493,2022,Emmanuel MACRON,François FILLON,False
23494,2022,Marine LE PEN,Marine LE PEN,True
23495,2022,Marine LE PEN,Marine LE PEN,True
23496,2022,Marine LE PEN,Marine LE PEN,True
23497,2022,Emmanuel MACRON,François FILLON,False
23498,2022,Emmanuel MACRON,François FILLON,False
23499,2022,Emmanuel MACRON,François FILLON,False
23500,2022,Marine LE PEN,Marine LE PEN,True
23501,2022,Emmanuel MACRON,François FILLON,False
23502,2022,Marine LE PEN,Marine LE PEN,True
23503,2022,Emmanuel MACRON,François FILLON,False
23504,2022,Emmanuel MACRON,François FILLON,False
23505,2022,Marine LE PEN,Marine LE PEN,True
23506,2022,Marine LE PEN,Marine LE PEN,True
23507,2022,Emmanuel MACRON,François FILLON,False
23508,2022,Emmanuel MACRON,François FILLON,False
23509,2022,Emmanuel MACRON,François FILLON,False
23510,2022,Emmanuel MACRON,François FILLON,False
23511,2022,Marine LE PEN,Marine LE PEN,True
23512,2022,Marine LE PEN,Marine LE PEN,True
23513,2022,Marine LE PEN,Marine LE PEN,True
23514,2022,Marine LE PEN,Marine LE PEN,True
23515,2022,Marine LE PEN,Marine LE PEN,True
23516,2022,Marine LE PEN,Marine LE PEN,True
23517,2022,Marine LE PEN,Marine LE PEN,True
23518,2022,Marine LE PEN,Marine LE PEN,True
23519,2022,Emmanuel MACRON,François FILLON,False
23520,2022,Marine LE PEN,Marine LE PEN,True
23521,2022,Emmanuel MACRON,François FILLON,False
23522,2022,Emmanuel MACRON,François FILLON,False
23523,2022,Marine LE PEN,Marine LE PEN,True
23524,2022,Marine LE PEN,Marine LE PEN,True
23525,2022,Emmanuel MACRON,François FILLON,False
23526,2022,Emmanuel MACRON,François FILLON,False
23527,2022,Marine LE PEN,Marine LE PEN,True
23528,2022,Marine LE PEN,Marine LE PEN,True
23529,2022,Emmanuel MACRON,François FILLON,False
23530,2022,Marine LE PEN,Marine LE PEN,True
23531,2022,Emmanuel MACRON,François FILLON,False
23532,2022,Emmanuel MACRON,François FILLON,False
23533,2022,Emmanuel MACRON,François FILLON,False
23534,2022,Marine LE PEN,Marine LE PEN,True
23535,2022,Marine LE PEN,Marine LE PEN,True
23536,2022,Marine LE PEN,Marine LE PEN,True
23537,2022,Marine LE PEN,Marine LE PEN,True
23538,2022,Marine LE PEN,Marine LE PEN,True
23539,2022,Emmanuel MACRON,François FILLON,False
23540,2022,Emmanuel MACRON,François FILLON,False
23541,2022,Emmanuel MACRON,François FILLON,False
23542,2022,Emmanuel MACRON,François FILLON,False
23543,2022,Emmanuel MACRON,François FILLON,False
23544,2022,Marine LE PEN,Marine LE PEN,True
23545,2022,Emmanuel MACRON,François FILLON,False
23546,2022,Emmanuel MACRON,François FILLON,False
23547,2022,Marine LE PEN,Marine LE PEN,True
23548,2022,Marine LE PEN,Marine LE PEN,True
23549,2022,Marine LE PEN,Marine LE PEN,True
23550,2022,Emmanuel MACRON,François FILLON,False
23551,2022,Marine LE PEN,Marine LE PEN,True
23552,2022,Emmanuel MACRON,François FILLON,False
23553,2022,Emmanuel MACRON,François FILLON,False
23554,2022,Emmanuel MACRON,François FILLON,False
23555,2022,Marine LE PEN,Marine LE PEN,True
23556,2022,Emmanuel MACRON,François FILLON,False
23557,2022,Emmanuel MACRON,François FILLON,False
23558,2022,Marine LE PEN,Marine LE PEN,True
23559,2022,Marine LE PEN,Marine LE PEN,True
23560,2022,Marine LE PEN,Marine LE PEN,True
23561,2022,Emmanuel MACRON,François FILLON,False
23562,2022,Emmanuel MACRON,François FILLON,False
23563,2022,Emmanuel MACRON,François FILLON,False
23564,2022,Emmanuel MACRON,François FILLON,False
23567,2022,Emmanuel MACRON,François FILLON,False
23568,2022,Emmanuel MACRON,François FILLON,False
23569,2022,Emmanuel MACRON,François FILLON,False
23570,2022,Marine LE PEN,Marine LE PEN,True
23571,2022,Emmanuel MACRON,François FILLON,False
23572,2022,Marine LE PEN,Marine LE PEN,True
23573,2022,Emmanuel MACRON,François FILLON,False
23574,2022,Marine LE PEN,Marine LE PEN,True
23575,2022,Marine LE PEN,Marine LE PEN,True
23576,2022,Marine LE PEN,Marine LE PEN,True
23577,2022,Marine LE PEN,Marine LE PEN,True
23578,2022,Marine LE PEN,Marine LE PEN,True
23579,2022,Emmanuel MACRON,François FILLON,False
23580,2022,Emmanuel MACRON,François FILLON,False
23581,2022,Emmanuel MACRON,François FILLON,False
23582,2022,Emmanuel MACRON,François FILLON,False
23583,2022,Emmanuel MACRON,François FILLON,False
23584,2022,Emmanuel MACRON,François FILLON,False
23585,2022,Marine LE PEN,Marine LE PEN,True
23586,2022,Emmanuel MACRON,François FILLON,False
23587,2022,Marine LE PEN,Marine LE PEN,True
23588,2022,Marine LE PEN,Marine LE PEN,True
23589,2022,Marine LE PEN,Marine LE PEN,True
23590,2022,Marine LE PEN,Marine LE PEN,True
23591,2022,Emmanuel MACRON,François FILLON,False
23592,2022,Emmanuel MACRON,François FILLON,False
23593,2022,Emmanuel MACRON,François FILLON,False
23594,2022,Marine LE PEN,Marine LE PEN,True
23595,2022,Emmanuel MACRON,François FILLON,False
23596,2022,Marine LE PEN,Marine LE PEN,True
23597,2022,Jean-Luc MÉLENCHON,François FILLON,False
23598,2022,Emmanuel MACRON,François FILLON,False
23599,2022,Emmanuel MACRON,François FILLON,False
23600,2022,Marine LE PEN,Marine LE PEN,True
23601,2022,Marine LE PEN,Marine LE PEN,True
23602,2022,Emmanuel MACRON,François FILLON,False
23603,2022,Marine LE PEN,Marine LE PEN,True
23604,2022,Emmanuel MACRON,François FILLON,False
23605,2022,Emmanuel MACRON,François FILLON,False
23606,2022,Jean-Luc MÉLENCHON,François FILLON,False
23607,2022,Emmanuel MACRON,François FILLON,False
23608,2022,Marine LE PEN,Marine LE PEN,True
23610,2022,Emmanuel MACRON,François FILLON,False
23611,2022,Marine LE PEN,Marine LE PEN,True
23612,2022,Emmanuel MACRON,François FILLON,False
23613,2022,Emmanuel MACRON,François FILLON,False
23614,2022,Emmanuel MACRON,François FILLON,False
23615,2022,Marine LE PEN,Marine LE PEN,True
23616,2022,Marine LE PEN,Marine LE PEN,True
23617,2022,Marine LE PEN,Marine LE PEN,True
23618,2022,Emmanuel MACRON,François FILLON,False
23619,2022,Marine LE PEN,Marine LE PEN,True
23620,2022,Emmanuel MACRON,François FILLON,False
23621,2022,Emmanuel MACRON,François FILLON,False
23622,2022,Emmanuel MACRON,François FILLON,False
23623,2022,Emmanuel MACRON,François FILLON,False
23624,2022,Marine LE PEN,Marine LE PEN,True
23625,2022,Marine LE PEN,Marine LE PEN,True
23626,2022,Emmanuel MACRON,François FILLON,False
23627,2022,Marine LE PEN,Marine LE PEN,True
23628,2022,Emmanuel MACRON,François FILLON,False
23629,2022,Marine LE PEN,Marine LE PEN,True
23630,2022,Marine LE PEN,Marine LE PEN,True
23631,2022,Marine LE PEN,Marine LE PEN,True
23632,2022,Emmanuel MACRON,François FILLON,False
23633,2022,Emmanuel MACRON,François FILLON,False
23634,2022,Marine LE PEN,Marine LE PEN,True
23635,2022,Marine LE PEN,Marine LE PEN,True
23636,2022,Marine LE PEN,Marine LE PEN,True
23637,2022,Marine LE PEN,Marine LE PEN,True
23638,2022,Marine LE PEN,Marine LE PEN,True
23639,2022,Emmanuel MACRON,François FILLON,False
23640,2022,Emmanuel MACRON,François FILLON,False
23641,2022,Marine LE PEN,Marine LE PEN,True
23642,2022,Marine LE PEN,Marine LE PEN,True
23643,2022,Emmanuel MACRON,François FILLON,False
23644,2022,Emmanuel MACRON,François FILLON,False
23645,2022,Marine LE PEN,Marine LE PEN,True
23646,2022,Emmanuel MACRON,François FILLON,False
23647,2022,Emmanuel MACRON,François FILLON,False
23648,2022,Marine LE PEN,Marine LE PEN,True
23649,2022,Marine LE PEN,Marine LE PEN,True
23651,2022,Marine LE PEN,Marine LE PEN,True
23652,2022,Marine LE PEN,Marine LE PEN,True
23653,2022,Marine LE PEN,Marine LE PEN,True
23654,2022,Emmanuel MACRON,François FILLON,False
23655,2022,Marine LE PEN,Marine LE PEN,True
23656,2022,Emmanuel MACRON,François FILLON,False
23657,2022,Marine LE PEN,Marine LE PEN,True
23658,2022,Emmanuel MACRON,François FILLON,False
23659,2022,Marine LE PEN,Marine LE PEN,True
23660,2022,Emmanuel MACRON,François FILLON,False
23661,2022,Marine LE PEN,Marine LE PEN,True
23662,2022,Marine LE PEN,Marine LE PEN,True
23664,2022,Emmanuel MACRON,François FILLON,False
23665,2022,Marine LE PEN,Marine LE PEN,True
23666,2022,Emmanuel MACRON,François FILLON,False
23667,2022,Marine LE PEN,Marine LE PEN,True
23668,2022,Marine LE PEN,Marine LE PEN,True
23669,2022,Marine LE PEN,Marine LE PEN,True
23670,2022,Emmanuel MACRON,François FILLON,False
23671,2022,Emmanuel MACRON,François FILLON,False
23672,2022,Marine LE PEN,Marine LE PEN,True
23674,2022,Marine LE PEN,Marine LE PEN,True
23675,2022,Marine LE PEN,Marine LE PEN,True
23676,2022,Marine LE PEN,Marine LE PEN,True
23677,2022,Marine LE PEN,Marine LE PEN,True
23678,2022,Emmanuel MACRON,François FILLON,False
23679,2022,Emmanuel MACRON,François FILLON,False
23680,2022,Marine LE PEN,Marine LE PEN,True
23681,2022,Emmanuel MACRON,François FILLON,False
23682,2022,Emmanuel MACRON,François FILLON,False
23683,2022,Marine LE PEN,Marine LE PEN,True
23684,2022,Emmanuel MACRON,François FILLON,False
23685,2022,Marine LE PEN,Marine LE PEN,True
23686,2022,Marine LE PEN,Marine LE PEN,True
23687,2022,Emmanuel MACRON,François FILLON,False
23688,2022,Emmanuel MACRON,François FILLON,False
23689,2022,Marine LE PEN,Marine LE PEN,True
23690,2022,Emmanuel MACRON,François FILLON,False
23691,2022,Emmanuel MACRON,François FILLON,False
23692,2022,Emmanuel MACRON,François FILLON,False
23693,2022,Marine LE PEN,Marine LE PEN,True
23694,2022,Emmanuel MACRON,François FILLON,False
23695,2022,Emmanuel MACRON,François FILLON,False
23696,2022,Emmanuel MACRON,François FILLON,False
23697,2022,Emmanuel MACRON,François FILLON,False
23698,2022,Emmanuel MACRON,François FILLON,False
23699,2022,Emmanuel MACRON,François FILLON,False
23700,2022,Marine LE PEN,Marine LE PEN,True
23701,2022,Emmanuel MACRON,François FILLON,False
23702,2022,Emmanuel MACRON,François FILLON,False
23703,2022,Marine LE PEN,Marine LE PEN,True
23704,2022,Emmanuel MACRON,François FILLON,False
23705,2022,Emmanuel MACRON,François FILLON,False
23706,2022,Marine LE PEN,Marine LE PEN,True
23707,2022,Emmanuel MACRON,François FILLON,False
23708,2022,Marine LE PEN,Marine LE PEN,True
23709,2022,Emmanuel MACRON,François FILLON,False
23710,2022,Emmanuel MACRON,François FILLON,False
23711,2022,Marine LE PEN,Marine LE PEN,True
23712,2022,Emmanuel MACRON,François FILLON,False
23713,2022,Marine LE PEN,Marine LE PEN,True
23714,2022,Emmanuel MACRON,François FILLON,False
23715,2022,Emmanuel MACRON,François FILLON,False
23716,2022,Emmanuel MACRON,François FILLON,False
23717,2022,Marine LE PEN,Marine LE PEN,True
23718,2022,Marine LE PEN,Marine LE PEN,True
23719,2022,Marine LE PEN,Marine LE PEN,True
23720,2022,Emmanuel MACRON,François FILLON,False
23721,2022,Emmanuel MACRON,François FILLON,False
23722,2022,Emmanuel MACRON,François FILLON,False
23724,2022,Marine LE PEN,Marine LE PEN,True
23725,2022,Marine LE PEN,Marine LE PEN,True
23726,2022,Marine LE PEN,Marine LE PEN,True
23727,2022,Emmanuel MACRON,François FILLON,False
23728,2022,Marine LE PEN,Marine LE PEN,True
23729,2022,Marine LE PEN,Marine LE PEN,True
23730,2022,Emmanuel MACRON,François FILLON,False
23731,2022,Emmanuel MACRON,François FILLON,False
23732,2022,Marine LE PEN,Marine LE PEN,True
23733,2022,Marine LE PEN,Marine LE PEN,True
23734,2022,Marine LE PEN,Marine LE PEN,True
23735,2022,Marine LE PEN,Marine LE PEN,True
23736,2022,Emmanuel MACRON,François FILLON,False
23737,2022,Emmanuel MACRON,François FILLON,False
23738,2022,Jean-Luc MÉLENCHON,François FILLON,False
23739,2022,Marine LE PEN,Marine LE PEN,True
23740,2022,Marine LE PEN,Marine LE PEN,True
23741,2022,Marine LE PEN,Marine LE PEN,True
23742,2022,Emmanuel MACRON,François FILLON,False
23744,2022,Marine LE PEN,Marine LE PEN,True
23745,2022,Marine LE PEN,Marine LE PEN,True
23746,2022,Marine LE PEN,Marine LE PEN,True
23747,2022,Marine LE PEN,Marine LE PEN,True
23748,2022,Emmanuel MACRON,François FILLON,False
23749,2022,Emmanuel MACRON,François FILLON,False
23750,2022,Marine LE PEN,Marine LE PEN,True
23751,2022,Marine LE PEN,Marine LE PEN,True
23752,2022,Emmanuel MACRON,François FILLON,False
23753,2022,Marine LE PEN,Marine LE PEN,True
23754,2022,Emmanuel MACRON,François FILLON,False
23755,2022,Emmanuel MACRON,François FILLON,False
23756,2022,Emmanuel MACRON,François FILLON,False
23757,2022,Emmanuel MACRON,François FILLON,False
23758,2022,Emmanuel MACRON,François FILLON,False
23759,2022,Emmanuel MACRON,François FILLON,False
23760,2022,Marine LE PEN,Marine LE PEN,True
23761,2022,Emmanuel MACRON,François FILLON,False
23762,2022,Emmanuel MACRON,François FILLON,False
23763,2022,Marine LE PEN,Marine LE PEN,True
23764,2022,Emmanuel MACRON,François FILLON,False
23765,2022,Marine LE PEN,Marine LE PEN,True
23766,2022,Marine LE PEN,Marine LE PEN,True
23767,2022,Emmanuel MACRON,François FILLON,False
23768,2022,Emmanuel MACRON,François FILLON,False
23769,2022,Emmanuel MACRON,François FILLON,False
23770,2022,Marine LE PEN,Marine LE PEN,True
23771,2022,Emmanuel MACRON,François FILLON,False
23772,2022,Marine LE PEN,Marine LE PEN,True
23773,2022,Marine LE PEN,Marine LE PEN,True
23774,2022,Emmanuel MACRON,François FILLON,False
23775,2022,Jean-Luc MÉLENCHON,François FILLON,False
23776,2022,Marine LE PEN,Marine LE PEN,True
23777,2022,Emmanuel MACRON,François FILLON,False
23778,2022,Marine LE PEN,Marine LE PEN,True
23779,2022,Marine LE PEN,Marine LE PEN,True
23780,2022,Jean-Luc MÉLENCHON,François FILLON,False
23781,2022,Emmanuel MACRON,François FILLON,False
23782,2022,Emmanuel MACRON,François FILLON,False
23783,2022,Marine LE PEN,Marine LE PEN,True
23784,2022,Marine LE PEN,Marine LE PEN,True
23785,2022,Emmanuel MACRON,François FILLON,False
23786,2022,Marine LE PEN,Marine LE PEN,True
23787,2022,Emmanuel MACRON,François FILLON,False
23788,2022,Emmanuel MACRON,François FILLON,False
23789,2022,Marine LE PEN,Marine LE PEN,True
23790,2022,Emmanuel MACRON,François FILLON,False
23791,2022,Emmanuel MACRON,François FILLON,False
23792,2022,Emmanuel MACRON,François FILLON,False
23793,2022,Emmanuel MACRON,François FILLON,False
23794,2022,Emmanuel MACRON,François FILLON,False
23796,2022,Emmanuel MACRON,François FILLON,False
23797,2022,Marine LE PEN,Marine LE PEN,True
23798,2022,Marine LE PEN,Marine LE PEN,True
23799,2022,Marine LE PEN,Marine LE PEN,True
23800,2022,Marine LE PEN,Marine LE PEN,True
23801,2022,Emmanuel MACRON,François FILLON,False
23802,2022,Marine LE PEN,Marine LE PEN,True
23803,2022,Emmanuel MACRON,François FILLON,False
23804,2022,Emmanuel MACRON,François FILLON,False
23805,2022,Emmanuel MACRON,François FILLON,False
23806,2022,Marine LE PEN,Marine LE PEN,True
23807,2022,Marine LE PEN,Marine LE PEN,True
23808,2022,Emmanuel MACRON,François FILLON,False
23809,2022,Emmanuel MACRON,François FILLON,False
23810,2022,Jean-Luc MÉLENCHON,François FILLON,False
23811,2022,Marine LE PEN,Marine LE PEN,True
23812,2022,Marine LE PEN,Marine LE PEN,True
23813,2022,Emmanuel MACRON,François FILLON,False
23814,2022,Emmanuel MACRON,François FILLON,False
23815,2022,Emmanuel MACRON,François FILLON,False
23816,2022,Emmanuel MACRON,François FILLON,False
23817,2022,Emmanuel MACRON,François FILLON,False
23818,2022,Emmanuel MACRON,François FILLON,False
23819,2022,Marine LE PEN,Marine LE PEN,True
23820,2022,Marine LE PEN,Marine LE PEN,True
23821,2022,Marine LE PEN,Marine LE PEN,True
23822,2022,Marine LE PEN,Marine LE PEN,True
23823,2022,Marine LE PEN,Marine LE PEN,True
23824,2022,Emmanuel MACRON,François FILLON,False
23825,2022,Marine LE PEN,Marine LE PEN,True
23826,2022,Emmanuel MACRON,François FILLON,False
23827,2022,Emmanuel MACRON,François FILLON,False
23828,2022,Marine LE PEN,Marine LE PEN,True
23829,2022,Marine LE PEN,Marine LE PEN,True
23830,2022,Marine LE PEN,Marine LE PEN,True
23831,2022,Emmanuel MACRON,Emmanuel MACRON,True
23832,2022,Marine LE PEN,Marine LE PEN,True
23833,2022,Marine LE PEN,Marine LE PEN,True
23834,2022,Emmanuel MACRON,François FILLON,False
23835,2022,Marine LE PEN,Marine LE PEN,True
23836,2022,Marine LE PEN,Marine LE PEN,True
23837,2022,Marine LE PEN,Marine LE PEN,True
23838,2022,Emmanuel MACRON,François FILLON,False
23839,2022,Emmanuel MACRON,François FILLON,False
23840,2022,Emmanuel MACRON,François FILLON,False
23841,2022,Marine LE PEN,Marine LE PEN,True
23842,2022,Emmanuel MACRON,François FILLON,False
23843,2022,Emmanuel MACRON,François FILLON,False
23844,2022,Marine LE PEN,Marine LE PEN,True
23845,2022,Marine LE PEN,Marine LE PEN,True
23846,2022,Marine LE PEN,Marine LE PEN,True
23847,2022,Marine LE PEN,Marine LE PEN,True
23848,2022,Emmanuel MACRON,François FILLON,False
23849,2022,Emmanuel MACRON,François FILLON,False
23850,2022,Marine LE PEN,Marine LE PEN,True
23851,2022,Marine LE PEN,Marine LE PEN,True
23852,2022,Marine LE PEN,Marine LE PEN,True
23853,2022,Marine LE PEN,Marine LE PEN,True
23854,2022,Marine LE PEN,Marine LE PEN,True
23855,2022,Marine LE PEN,Marine LE PEN,True
23856,2022,Marine LE PEN,Marine LE PEN,True
23857,2022,Marine LE PEN,Marine LE PEN,True
23858,2022,Marine LE PEN,Marine LE PEN,True
23859,2022,Marine LE PEN,Marine LE PEN,True
23860,2022,Marine LE PEN,Marine LE PEN,True
23861,2022,Marine LE PEN,Marine LE PEN,True
23862,2022,Marine LE PEN,Marine LE PEN,True
23863,2022,Emmanuel MACRON,François FILLON,False
23864,2022,Emmanuel MACRON,Emmanuel MACRON,True
23865,2022,Marine LE PEN,Marine LE PEN,True
23866,2022,Marine LE PEN,Marine LE PEN,True
23867,2022,Marine LE PEN,Marine LE PEN,True
23868,2022,Emmanuel MACRON,Jean-Luc MÉLENCHON,False
23869,2022,Emmanuel MACRON,Emmanuel MACRON,True
23870,2022,Marine LE PEN,Marine LE PEN,True
23871,2022,Marine LE PEN,Marine LE PEN,True
23872,2022,Marine LE PEN,Marine LE PEN,True
23873,2022,Marine LE PEN,Marine LE PEN,True
23874,2022,Marine LE PEN,Marine LE PEN,True
23875,2022,Marine LE PEN,Marine LE PEN,True
23876,2022,Marine LE PEN,Marine LE PEN,True
23877,2022,Marine LE PEN,Marine LE PEN,True
23878,2022,Marine LE PEN,Marine LE PEN,True
23879,2022,Emmanuel MACRON,François FILLON,False
23880,2022,Marine LE PEN,Marine LE PEN,True
23881,2022,Emmanuel MACRON,François FILLON,False
23882,2022,Marine LE PEN,Marine LE PEN,True
23883,2022,Marine LE PEN,Marine LE PEN,True
23884,2022,Marine LE PEN,Marine LE PEN,True
23885,2022,Marine LE PEN,Marine LE PEN,True
23886,2022,Emmanuel MACRON,François FILLON,False
23887,2022,Marine LE PEN,Marine LE PEN,True
23888,2022,Marine LE PEN,Marine LE PEN,True
23889,2022,Marine LE PEN,Marine LE PEN,True
23890,2022,Marine LE PEN,Marine LE PEN,True
23891,2022,Marine LE PEN,Marine LE PEN,True
23892,2022,Marine LE PEN,Marine LE PEN,True
23893,2022,Emmanuel MACRON,François FILLON,False
23894,2022,Marine LE PEN,Marine LE PEN,True
23895,2022,Marine LE PEN,Marine LE PEN,True
23896,2022,Emmanuel MACRON,François FILLON,False
23897,2022,Marine LE PEN,Marine LE PEN,True
23898,2022,Marine LE PEN,Marine LE PEN,True
23899,2022,Marine LE PEN,Marine LE PEN,True
23900,2022,Emmanuel MACRON,Emmanuel MACRON,True
23901,2022,Marine LE PEN,Marine LE PEN,True
23902,2022,Emmanuel MACRON,Emmanuel MACRON,True
23903,2022,Marine LE PEN,Marine LE PEN,True
23904,2022,Marine LE PEN,Marine LE PEN,True
23905,2022,Marine LE PEN,Marine LE PEN,True
23906,2022,Marine LE PEN,Marine LE PEN,True
23907,2022,Marine LE PEN,Marine LE PEN,True
23908,2022,Marine LE PEN,Marine LE PEN,True
23909,2022,Marine LE PEN,Marine LE PEN,True
23910,2022,Marine LE PEN,Marine LE PEN,True
23911,2022,Marine LE PEN,Marine LE PEN,True
23912,2022,Emmanuel MACRON,François FILLON,False
23913,2022,Marine LE PEN,Marine LE PEN,True
23914,2022,Marine LE PEN,Marine LE PEN,True
23915,2022,Marine LE PEN,Marine LE PEN,True
23916,2022,Emmanuel MACRON,François FILLON,False
23917,2022,Marine LE PEN,Marine LE PEN,True
23918,2022,Emmanuel MACRON,François FILLON,False
23919,2022,Marine LE PEN,Marine LE PEN,True
23920,2022,Marine LE PEN,Marine LE PEN,True
23921,2022,Marine LE PEN,Marine LE PEN,True
23922,2022,Marine LE PEN,Marine LE PEN,True
23923,2022,Marine LE PEN,Marine LE PEN,True
23924,2022,Marine LE PEN,Marine LE PEN,True
23925,2022,Marine LE PEN,Marine LE PEN,True
23926,2022,Marine LE PEN,Marine LE PEN,True
23927,2022,Marine LE PEN,Marine LE PEN,True
23928,2022,Emmanuel MACRON,François FILLON,False
23929,2022,Emmanuel MACRON,François FILLON,False
23930,2022,Emmanuel MACRON,François FILLON,False
23931,2022,Emmanuel MACRON,François FILLON,False
23932,2022,Marine LE PEN,Marine LE PEN,True
23933,2022,Marine LE PEN,Marine LE PEN,True
23934,2022,Emmanuel MACRON,Jean-Luc MÉLENCHON,False
23935,2022,Marine LE PEN,Marine LE PEN,True
23936,2022,Marine LE PEN,Marine LE PEN,True
23937,2022,Marine LE PEN,Marine LE PEN,True
23938,2022,Marine LE PEN,Marine LE PEN,True
23939,2022,Emmanuel MACRON,François FILLON,False
23940,2022,Emmanuel MACRON,François FILLON,False
23941,2022,Emmanuel MACRON,François FILLON,False
23942,2022,Marine LE PEN,Marine LE PEN,True
23943,2022,Marine LE PEN,Marine LE PEN,True
23944,2022,Marine LE PEN,Marine LE PEN,True
23945,2022,Marine LE PEN,Marine LE PEN,True
23946,2022,Marine LE PEN,Marine LE PEN,True
23947,2022,Marine LE PEN,Marine LE PEN,True
23948,2022,Emmanuel MACRON,François FILLON,False
23949,2022,Marine LE PEN,Marine LE PEN,True
23950,2022,Emmanuel MACRON,François FILLON,False
23951,2022,Marine LE PEN,Marine LE PEN,True
23952,2022,Emmanuel MACRON,François FILLON,False
23953,2022,Marine LE PEN,Marine LE PEN,True
23954,2022,Marine LE PEN,Marine LE PEN,True
23955,2022,Marine LE PEN,Marine LE PEN,True
23956,2022,Marine LE PEN,Marine LE PEN,True
23957,2022,Marine LE PEN,Marine LE PEN,True
23958,2022,Marine LE PEN,Marine LE PEN,True
23959,2022,Marine LE PEN,Marine LE PEN,True
23960,2022,Marine LE PEN,Marine LE PEN,True
23961,2022,Marine LE PEN,Marine LE PEN,True
23962,2022,Marine LE PEN,Marine LE PEN,True
23963,2022,Marine LE PEN,Marine LE PEN,True
23964,2022,Marine LE PEN,Marine LE PEN,True
23965,2022,Marine LE PEN,Marine LE PEN,True
23966,2022,Marine LE PEN,Marine LE PEN,True
23967,2022,Emmanuel MACRON,François FILLON,False
23968,2022,Marine LE PEN,Marine LE PEN,True
23969,2022,Marine LE PEN,Marine LE PEN,True
23970,2022,Marine LE PEN,Marine LE PEN,True
23971,2022,Marine LE PEN,Marine LE PEN,True
23972,2022,Marine LE PEN,Marine LE PEN,True
23973,2022,Marine LE PEN,Marine LE PEN,True
23974,2022,Marine LE PEN,Marine LE PEN,True
23975,2022,Marine LE PEN,Marine LE PEN,True
23976,2022,Marine LE PEN,Marine LE PEN,True
23977,2022,Marine LE PEN,Marine LE PEN,True
23978,2022,Marine LE PEN,Marine LE PEN,True
23979,2022,Marine LE PEN,Marine LE PEN,True
23980,2022,Emmanuel MACRON,Emmanuel MACRON,True
23981,2022,Emmanuel MACRON,François FILLON,False
23982,2022,Marine LE PEN,Marine LE PEN,True
23983,2022,Marine LE PEN,Marine LE PEN,True
23984,2022,Marine LE PEN,Marine LE PEN,True
23985,2022,Marine LE PEN,Marine LE PEN,True
23986,2022,Marine LE PEN,Marine LE PEN,True
23987,2022,Marine LE PEN,Marine LE PEN,True
23988,2022,Emmanuel MACRON,François FILLON,False
23989,2022,Marine LE PEN,Marine LE PEN,True
23990,2022,Marine LE PEN,Marine LE PEN,True
23991,2022,Emmanuel MACRON,Emmanuel MACRON,True
23992,2022,Marine LE PEN,Marine LE PEN,True
23993,2022,Marine LE PEN,Marine LE PEN,True
23994,2022,Marine LE PEN,Marine LE PEN,True
23995,2022,Marine LE PEN,Marine LE PEN,True
23996,2022,Marine LE PEN,Marine LE PEN,True
23997,2022,Marine LE PEN,Marine LE PEN,True
23998,2022,Emmanuel MACRON,François FILLON,False
23999,2022,Marine LE PEN,Marine LE PEN,True
24000,2022,Marine LE PEN,Marine LE PEN,True
24001,2022,Marine LE PEN,Marine LE PEN,True
24002,2022,Emmanuel MACRON,François FILLON,False
24003,2022,Marine LE PEN,Marine LE PEN,True
24004,2022,Marine LE PEN,Marine LE PEN,True
24005,2022,Emmanuel MACRON,François FILLON,False
24006,2022,Marine LE PEN,Marine LE PEN,True
24007,2022,Marine LE PEN,Marine LE PEN,True
24008,2022,Marine LE PEN,Marine LE PEN,True
24009,2022,Marine LE PEN,Marine LE PEN,True
24010,2022,Marine LE PEN,Marine LE PEN,True
24011,2022,Marine LE PEN,Marine LE PEN,True
24012,2022,Marine LE PEN,Marine LE PEN,True
24013,2022,Marine LE PEN,Marine LE PEN,True
24014,2022,Marine LE PEN,Marine LE PEN,True
24015,2022,Marine LE PEN,Marine LE PEN,True
24016,2022,Marine LE PEN,Marine LE PEN,True
24017,2022,Marine LE PEN,Marine LE PEN,True
24018,2022,Marine LE PEN,Marine LE PEN,True
24019,2022,Emmanuel MACRON,François FILLON,False
24020,2022,Marine LE PEN,Marine LE PEN,True
24021,2022,Emmanuel MACRON,François FILLON,False
24022,2022,Marine LE PEN,Marine LE PEN,True
24023,2022,Marine LE PEN,Marine LE PEN,True
24024,2022,Marine LE PEN,Marine LE PEN,True
24025,2022,Marine LE PEN,Marine LE PEN,True
24026,2022,Marine LE PEN,Marine LE PEN,True
24027,2022,Marine LE PEN,Marine LE PEN,True
24028,2022,Marine LE PEN,Marine LE PEN,True
24029,2022,Emmanuel MACRON,François FILLON,False
24030,2022,Emmanuel MACRON,Emmanuel MACRON,True
24031,2022,Marine LE PEN,Marine LE PEN,True
24032,2022,Marine LE PEN,Marine LE PEN,True
24034,2022,Marine LE PEN,Marine LE PEN,True
24035,2022,Marine LE PEN,Marine LE PEN,True
24036,2022,Emmanuel MACRON,François FILLON,False
24037,2022,Emmanuel MACRON,Emmanuel MACRON,True
24038,2022,Marine LE PEN,Marine LE PEN,True
24039,2022,Marine LE PEN,Marine LE PEN,True
24040,2022,Marine LE PEN,Marine LE PEN,True
24041,2022,Marine LE PEN,Marine LE PEN,True
24042,2022,Emmanuel MACRON,François FILLON,False
24043,2022,Marine LE PEN,Marine LE PEN,True
24044,2022,Marine LE PEN,Marine LE PEN,True
24045,2022,Emmanuel MACRON,François FILLON,False
24046,2022,Marine LE PEN,Marine LE PEN,True
24047,2022,Marine LE PEN,Marine LE PEN,True
24048,2022,Emmanuel MACRON,François FILLON,False
24049,2022,Emmanuel MACRON,François FILLON,False
24050,2022,Marine LE PEN,Marine LE PEN,True
24051,2022,Marine LE PEN,Marine LE PEN,True
24052,2022,Marine LE PEN,Marine LE PEN,True
24053,2022,Marine LE PEN,Marine LE PEN,True
24054,2022,Marine LE PEN,Marine LE PEN,True
24055,2022,Marine LE PEN,Marine LE PEN,True
24056,2022,Emmanuel MACRON,François FILLON,False
24057,2022,Emmanuel MACRON,Emmanuel MACRON,True
24058,2022,Marine LE PEN,Marine LE PEN,True
24059,2022,Emmanuel MACRON,Emmanuel MACRON,True
24060,2022,Emmanuel MACRON,François FILLON,False
24061,2022,Emmanuel MACRON,Emmanuel MACRON,True
24062,2022,Marine LE PEN,Marine LE PEN,True
24063,2022,Emmanuel MACRON,François FILLON,False
24064,2022,Marine LE PEN,Marine LE PEN,True
24065,2022,Marine LE PEN,Marine LE PEN,True
24066,2022,Marine LE PEN,Marine LE PEN,True
24067,2022,Marine LE PEN,Marine LE PEN,True
24068,2022,Marine LE PEN,Marine LE PEN,True
24069,2022,Marine LE PEN,Marine LE PEN,True
24070,2022,Marine LE PEN,Marine LE PEN,True
24071,2022,Marine LE PEN,Marine LE PEN,True
24072,2022,Marine LE PEN,Marine LE PEN,True
24073,2022,Marine LE PEN,Marine LE PEN,True
24074,2022,Emmanuel MACRON,Emmanuel MACRON,True
24075,2022,Marine LE PEN,Marine LE PEN,True
24076,2022,Marine LE PEN,Marine LE PEN,True
24077,2022,Marine LE PEN,Marine LE PEN,True
24078,2022,Marine LE PEN,Marine LE PEN,True
24079,2022,Marine LE PEN,Marine LE PEN,True
24080,2022,Emmanuel MACRON,François FILLON,False
24081,2022,Marine LE PEN,Marine LE PEN,True
24082,2022,Marine LE PEN,Marine LE PEN,True
24083,2022,Emmanuel MACRON,Emmanuel MACRON,True
24084,2022,Marine LE PEN,Marine LE PEN,True
24085,2022,Emmanuel MACRON,Emmanuel MACRON,True
24086,2022,Marine LE PEN,Marine LE PEN,True
24087,2022,Marine LE PEN,Marine LE PEN,True
24088,2022,Marine LE PEN,Marine LE PEN,True
24089,2022,Marine LE PEN,Marine LE PEN,True
24090,2022,Marine LE PEN,Marine LE PEN,True
24091,2022,Marine LE PEN,Marine LE PEN,True
24092,2022,Marine LE PEN,Marine LE PEN,True
24093,2022,Marine LE PEN,Marine LE PEN,True
24094,2022,Marine LE PEN,Marine LE PEN,True
24095,2022,Marine LE PEN,Marine LE PEN,True
24096,2022,Marine LE PEN,Marine LE PEN,True
24097,2022,Marine LE PEN,Marine LE PEN,True
24098,2022,Marine LE PEN,Marine LE PEN,True
24099,2022,Marine LE PEN,Marine LE PEN,True
24100,2022,Emmanuel MACRON,François FILLON,False
24101,2022,Emmanuel MACRON,Emmanuel MACRON,True
24102,2022,Marine LE PEN,Marine LE PEN,True
24103,2022,Emmanuel MACRON,François FILLON,False
24104,2022,Marine LE PEN,Marine LE PEN,True
24105,2022,Marine LE PEN,Marine LE PEN,True
24106,2022,Marine LE PEN,Marine LE PEN,True
24107,2022,Marine LE PEN,Marine LE PEN,True
24108,2022,Marine LE PEN,Marine LE PEN,True
24109,2022,Marine LE PEN,Marine LE PEN,True
24110,2022,Emmanuel MACRON,François FILLON,False
24111,2022,Emmanuel MACRON,François FILLON,False
24112,2022,Marine LE PEN,Marine LE PEN,True
24113,2022,Marine LE PEN,Marine LE PEN,True
24114,2022,Marine LE PEN,Marine LE PEN,True
24115,2022,Marine LE PEN,Marine LE PEN,True
24116,2022,Marine LE PEN,Marine LE PEN,True
24117,2022,Marine LE PEN,Marine LE PEN,True
24118,2022,Marine LE PEN,Marine LE PEN,True
24119,2022,Marine LE PEN,Marine LE PEN,True
24120,2022,Marine LE PEN,Marine LE PEN,True
24121,2022,Emmanuel MACRON,François FILLON,False
24122,2022,Marine LE PEN,Marine LE PEN,True
24123,2022,Marine LE PEN,Marine LE PEN,True
24124,2022,Marine LE PEN,Marine LE PEN,True
24125,2022,Marine LE PEN,Marine LE PEN,True
24126,2022,Emmanuel MACRON,François FILLON,False
24127,2022,Marine LE PEN,Marine LE PEN,True
24128,2022,Marine LE PEN,Marine LE PEN,True
24129,2022,Marine LE PEN,Marine LE PEN,True
24130,2022,Marine LE PEN,Marine LE PEN,True
24131,2022,Emmanuel MACRON,François FILLON,False
24132,2022,Marine LE PEN,Marine LE PEN,True
24133,2022,Emmanuel MACRON,François FILLON,False
24134,2022,Emmanuel MACRON,François FILLON,False
24135,2022,Marine LE PEN,Marine LE PEN,True
24136,2022,Marine LE PEN,Marine LE PEN,True
24137,2022,Marine LE PEN,Marine LE PEN,True
24138,2022,Marine LE PEN,Marine LE PEN,True
24139,2022,Emmanuel MACRON,François FILLON,False
24140,2022,Marine LE PEN,Marine LE PEN,True
24141,2022,Marine LE PEN,Marine LE PEN,True
24142,2022,Emmanuel MACRON,Emmanuel MACRON,True
24143,2022,Emmanuel MACRON,François FILLON,False
24144,2022,Marine LE PEN,Marine LE PEN,True
24145,2022,Marine LE PEN,Marine LE PEN,True
24146,2022,Marine LE PEN,Marine LE PEN,True
24147,2022,Marine LE PEN,Marine LE PEN,True
24148,2022,Marine LE PEN,Marine LE PEN,True
24149,2022,Marine LE PEN,Marine LE PEN,True
24150,2022,Marine LE PEN,Marine LE PEN,True
24151,2022,Emmanuel MACRON,Emmanuel MACRON,True
24152,2022,Marine LE PEN,Marine LE PEN,True
24153,2022,Marine LE PEN,Marine LE PEN,True
24154,2022,Marine LE PEN,Marine LE PEN,True
24155,2022,Marine LE PEN,Marine LE PEN,True
24156,2022,Marine LE PEN,Marine LE PEN,True
24157,2022,Emmanuel MACRON,Emmanuel MACRON,True
24158,2022,Marine LE PEN,Marine LE PEN,True
24159,2022,Marine LE PEN,Marine LE PEN,True
24160,2022,Marine LE PEN,Marine LE PEN,True
24161,2022,Marine LE PEN,Marine LE PEN,True
24162,2022,Marine LE PEN,Marine LE PEN,True
24163,2022,Marine LE PEN,Marine LE PEN,True
24164,2022,Marine LE PEN,Marine LE PEN,True
24165,2022,Marine LE PEN,Marine LE PEN,True
24166,2022,Emmanuel MACRON,François FILLON,False
24167,2022,Marine LE PEN,Marine LE PEN,True
24168,2022,Marine LE PEN,Marine LE PEN,True
24169,2022,Emmanuel MACRON,Emmanuel MACRON,True
24170,2022,Marine LE PEN,Marine LE PEN,True
24171,2022,Emmanuel MACRON,François FILLON,False
24172,2022,Marine LE PEN,Marine LE PEN,True
24173,2022,Emmanuel MACRON,François FILLON,False
24174,2022,Emmanuel MACRON,François FILLON,False
24175,2022,Marine LE PEN,Marine LE PEN,True
24176,2022,Emmanuel MACRON,François FILLON,False
24177,2022,Emmanuel MACRON,François FILLON,False
24178,2022,Marine LE PEN,Marine LE PEN,True
24179,2022,Marine LE PEN,Marine LE PEN,True
24180,2022,Marine LE PEN,Marine LE PEN,True
24181,2022,Marine LE PEN,Marine LE PEN,True
24182,2022,Emmanuel MACRON,Emmanuel MACRON,True
24183,2022,Marine LE PEN,Marine LE PEN,True
24184,2022,Marine LE PEN,Marine LE PEN,True
24185,2022,Marine LE PEN,Marine LE PEN,True
24186,2022,Marine LE PEN,Marine LE PEN,True
24187,2022,Marine LE PEN,Marine LE PEN,True
24188,2022,Emmanuel MACRON,François FILLON,False
24189,2022,Emmanuel MACRON,François FILLON,False
24190,2022,Marine LE PEN,Marine LE PEN,True
24191,2022,Emmanuel MACRON,François FILLON,False
24192,2022,Marine LE PEN,Marine LE PEN,True
24193,2022,Marine LE PEN,Marine LE PEN,True
24194,2022,Emmanuel MACRON,François FILLON,False
24195,2022,Marine LE PEN,Marine LE PEN,True
24196,2022,Marine LE PEN,Marine LE PEN,True
24197,2022,Emmanuel MACRON,François FILLON,False
24198,2022,Marine LE PEN,Marine LE PEN,True
24199,2022,Marine LE PEN,Marine LE PEN,True
24200,2022,Marine LE PEN,Marine LE PEN,True
24201,2022,Marine LE PEN,Marine LE PEN,True
24202,2022,Marine LE PEN,Marine LE PEN,True
24203,2022,Marine LE PEN,Marine LE PEN,True
24204,2022,Marine LE PEN,Marine LE PEN,True
24205,2022,Marine LE PEN,Marine LE PEN,True
24206,2022,Marine LE PEN,Marine LE PEN,True
24207,2022,Marine LE PEN,Marine LE PEN,True
24208,2022,Marine LE PEN,Marine LE PEN,True
24209,2022,Emmanuel MACRON,Emmanuel MACRON,True
24210,2022,Marine LE PEN,Marine LE PEN,True
24211,2022,Emmanuel MACRON,François FILLON,False
24212,2022,Marine LE PEN,Marine LE PEN,True
24213,2022,Marine LE PEN,Marine LE PEN,True
24214,2022,Marine LE PEN,Marine LE PEN,True
24215,2022,Marine LE PEN,Marine LE PEN,True
24216,2022,Marine LE PEN,Marine LE PEN,True
24217,2022,Marine LE PEN,Marine LE PEN,True
24218,2022,Marine LE PEN,Marine LE PEN,True
24219,2022,Marine LE PEN,Marine LE PEN,True
24220,2022,Marine LE PEN,Marine LE PEN,True
24221,2022,Marine LE PEN,Marine LE PEN,True
24222,2022,Marine LE PEN,Marine LE PEN,True
24223,2022,Marine LE PEN,Marine LE PEN,True
24224,2022,Marine LE PEN,Marine LE PEN,True
24225,2022,Marine LE PEN,Marine LE PEN,True
24226,2022,Marine LE PEN,Marine LE PEN,True
24227,2022,Marine LE PEN,Marine LE PEN,True
24228,2022,Marine LE PEN,Marine LE PEN,True
24229,2022,Marine LE PEN,Marine LE PEN,True
24230,2022,Marine LE PEN,Marine LE PEN,True
24231,2022,Marine LE PEN,Marine LE PEN,True
24232,2022,Marine LE PEN,Marine LE PEN,True
24233,2022,Emmanuel MACRON,François FILLON,False
24234,2022,Marine LE PEN,Marine LE PEN,True
24235,2022,Emmanuel MACRON,François FILLON,False
24236,2022,Emmanuel MACRON,François FILLON,False
24237,2022,Marine LE PEN,Marine LE PEN,True
24238,2022,Marine LE PEN,Marine LE PEN,True
24239,2022,Marine LE PEN,Marine LE PEN,True
24240,2022,Marine LE PEN,Marine LE PEN,True
24241,2022,Emmanuel MACRON,François FILLON,False
24242,2022,Marine LE PEN,Marine LE PEN,True
24243,2022,Marine LE PEN,Marine LE PEN,True
24244,2022,Marine LE PEN,Marine LE PEN,True
24245,2022,Marine LE PEN,Marine LE PEN,True
24246,2022,Marine LE PEN,Marine LE PEN,True
24247,2022,Marine LE PEN,Marine LE PEN,True
24248,2022,Emmanuel MACRON,François FILLON,False
24249,2022,Marine LE PEN,Marine LE PEN,True
24250,2022,Marine LE PEN,Marine LE PEN,True
24251,2022,Emmanuel MACRON,François FILLON,False
24252,2022,Marine LE PEN,Marine LE PEN,True
24253,2022,Marine LE PEN,Marine LE PEN,True
24254,2022,Marine LE PEN,Marine LE PEN,True
24255,2022,Marine LE PEN,Marine LE PEN,True
24256,2022,Emmanuel MACRON,François FILLON,False
24257,2022,Marine LE PEN,Marine LE PEN,True
24258,2022,Marine LE PEN,Marine LE PEN,True
24259,2022,Emmanuel MACRON,François FILLON,False
24260,2022,Marine LE PEN,Marine LE PEN,True
24261,2022,Marine LE PEN,Marine LE PEN,True
24262,2022,Marine LE PEN,Marine LE PEN,True
24263,2022,Marine LE PEN,Marine LE PEN,True
24264,2022,Emmanuel MACRON,François FILLON,False
24265,2022,Marine LE PEN,Marine LE PEN,True
24266,2022,Marine LE PEN,Marine LE PEN,True
24267,2022,Emmanuel MACRON,Emmanuel MACRON,True
24268,2022,Marine LE PEN,Marine LE PEN,True
24269,2022,Marine LE PEN,Marine LE PEN,True
24270,2022,Marine LE PEN,Marine LE PEN,True
24271,2022,Marine LE PEN,Marine LE PEN,True
24272,2022,Marine LE PEN,Marine LE PEN,True
24273,2022,Marine LE PEN,Marine LE PEN,True
24274,2022,Marine LE PEN,Marine LE PEN,True
24275,2022,Emmanuel MACRON,François FILLON,False
24276,2022,Marine LE PEN,Marine LE PEN,True
24277,2022,Marine LE PEN,Marine LE PEN,True
24278,2022,Emmanuel MACRON,François FILLON,False
24279,2022,Marine LE PEN,Marine LE PEN,True
24280,2022,Marine LE PEN,Marine LE PEN,True
24281,2022,Emmanuel MACRON,François FILLON,False
24282,2022,Marine LE PEN,Marine LE PEN,True
24283,2022,Marine LE PEN,Marine LE PEN,True
24284,2022,Marine LE PEN,Marine LE PEN,True
24285,2022,Emmanuel MACRON,François FILLON,False
24286,2022,Marine LE PEN,Marine LE PEN,True
24287,2022,Emmanuel MACRON,François FILLON,False
24288,2022,Marine LE PEN,Marine LE PEN,True
24289,2022,Marine LE PEN,Marine LE PEN,True
24290,2022,Marine LE PEN,Marine LE PEN,True
24291,2022,Marine LE PEN,Marine LE PEN,True
24292,2022,Marine LE PEN,Marine LE PEN,True
24293,2022,Emmanuel MACRON,François FILLON,False
24294,2022,Marine LE PEN,Marine LE PEN,True
24295,2022,Marine LE PEN,Marine LE PEN,True
24296,2022,Marine LE PEN,Marine LE PEN,True
24297,2022,Marine LE PEN,Marine LE PEN,True
24298,2022,Marine LE PEN,Marine LE PEN,True
24299,2022,Marine LE PEN,Marine LE PEN,True
24300,2022,Marine LE PEN,Marine LE PEN,True
24301,2022,Marine LE PEN,Marine LE PEN,True
24302,2022,Marine LE PEN,Marine LE PEN,True
24303,2022,Marine LE PEN,Marine LE PEN,True
24304,2022,Emmanuel MACRON,François FILLON,False
24305,2022,Emmanuel MACRON,Emmanuel MACRON,True
24306,2022,Emmanuel MACRON,François FILLON,False
24307,2022,Marine LE PEN,Marine LE PEN,True
24309,2022,Marine LE PEN,Marine LE PEN,True
24310,2022,Marine LE PEN,Marine LE PEN,True
24311,2022,Marine LE PEN,Marine LE PEN,True
24312,2022,Marine LE PEN,Marine LE PEN,True
24313,2022,Emmanuel MACRON,François FILLON,False
24314,2022,Marine LE PEN,Marine LE PEN,True
24315,2022,Marine LE PEN,Marine LE PEN,True
24316,2022,Marine LE PEN,Marine LE PEN,True
24317,2022,Emmanuel MACRON,François FILLON,False
24318,2022,Marine LE PEN,Marine LE PEN,True
24319,2022,Marine LE PEN,Marine LE PEN,True
24320,2022,Marine LE PEN,Marine LE PEN,True
24321,2022,Marine LE PEN,Marine LE PEN,True
24322,2022,Marine LE PEN,Marine LE PEN,True
24323,2022,Marine LE PEN,Marine LE PEN,True
24324,2022,Marine LE PEN,Marine LE PEN,True
24325,2022,Marine LE PEN,Marine LE PEN,True
24326,2022,Marine LE PEN,Marine LE PEN,True
24327,2022,Marine LE PEN,Marine LE PEN,True
24328,2022,Marine LE PEN,Marine LE PEN,True
24329,2022,Marine LE PEN,Marine LE PEN,True
24330,2022,Marine LE PEN,Marine LE PEN,True
24331,2022,Marine LE PEN,Marine LE PEN,True
24332,2022,Marine LE PEN,Marine LE PEN,True
24333,2022,Marine LE PEN,Marine LE PEN,True
24334,2022,Marine LE PEN,Marine LE PEN,True
24335,2022,Marine LE PEN,Marine LE PEN,True
24336,2022,Emmanuel MACRON,François FILLON,False
24337,2022,Marine LE PEN,Marine LE PEN,True
24338,2022,Marine LE PEN,Marine LE PEN,True
24339,2022,Marine LE PEN,Marine LE PEN,True
24340,2022,Marine LE PEN,Marine LE PEN,True
24341,2022,Emmanuel MACRON,François FILLON,False
24342,2022,Marine LE PEN,Marine LE PEN,True
24343,2022,Emmanuel MACRON,Emmanuel MACRON,True
24344,2022,Marine LE PEN,Marine LE PEN,True
24345,2022,Marine LE PEN,Marine LE PEN,True
24346,2022,Marine LE PEN,Marine LE PEN,True
24347,2022,Marine LE PEN,Marine LE PEN,True
24348,2022,Marine LE PEN,Marine LE PEN,True
24349,2022,Emmanuel MACRON,François FILLON,False
24350,2022,Marine LE PEN,Marine LE PEN,True
24351,2022,Marine LE PEN,Marine LE PEN,True
24352,2022,Marine LE PEN,Marine LE PEN,True
24353,2022,Marine LE PEN,Marine LE PEN,True
24354,2022,Marine LE PEN,Marine LE PEN,True
24355,2022,Marine LE PEN,Marine LE PEN,True
24356,2022,Marine LE PEN,Marine LE PEN,True
24357,2022,Marine LE PEN,Marine LE PEN,True
24358,2022,Emmanuel MACRON,François FILLON,False
24359,2022,Emmanuel MACRON,François FILLON,False
24360,2022,Emmanuel MACRON,François FILLON,False
24361,2022,Marine LE PEN,Marine LE PEN,True
24362,2022,Marine LE PEN,Marine LE PEN,True
24363,2022,Emmanuel MACRON,Emmanuel MACRON,True
24364,2022,Marine LE PEN,Marine LE PEN,True
24365,2022,Emmanuel MACRON,François FILLON,False
24366,2022,Marine LE PEN,Marine LE PEN,True
24367,2022,Marine LE PEN,Marine LE PEN,True
24368,2022,Emmanuel MACRON,François FILLON,False
24369,2022,Marine LE PEN,Marine LE PEN,True
24370,2022,Marine LE PEN,Marine LE PEN,True
24371,2022,Emmanuel MACRON,Emmanuel MACRON,True
24372,2022,Marine LE PEN,Marine LE PEN,True
24373,2022,Marine LE PEN,Marine LE PEN,True
24374,2022,Marine LE PEN,Marine LE PEN,True
24375,2022,Emmanuel MACRON,François FILLON,False
24376,2022,Marine LE PEN,Marine LE PEN,True
24377,2022,Marine LE PEN,Marine LE PEN,True
24378,2022,Marine LE PEN,Marine LE PEN,True
24379,2022,Emmanuel MACRON,François FILLON,False
24380,2022,Marine LE PEN,Marine LE PEN,True
24381,2022,Marine LE PEN,Marine LE PEN,True
24382,2022,Marine LE PEN,Marine LE PEN,True
24383,2022,Marine LE PEN,Marine LE PEN,True
24384,2022,Marine LE PEN,Marine LE PEN,True
24385,2022,Emmanuel MACRON,Emmanuel MACRON,True
24386,2022,Marine LE PEN,Marine LE PEN,True
24387,2022,Marine LE PEN,Marine LE PEN,True
24388,2022,Marine LE PEN,Marine LE PEN,True
24389,2022,Marine LE PEN,Marine LE PEN,True
24390,2022,Marine LE PEN,Marine LE PEN,True
24391,2022,Emmanuel MACRON,François FILLON,False
24392,2022,Marine LE PEN,Marine LE PEN,True
24393,2022,Emmanuel MACRON,François FILLON,False
24394,2022,Marine LE PEN,Marine LE PEN,True
24395,2022,Marine LE PEN,Marine LE PEN,True
24396,2022,Marine LE PEN,Marine LE PEN,True
24397,2022,Marine LE PEN,Marine LE PEN,True
24398,2022,Emmanuel MACRON,François FILLON,False
24399,2022,Emmanuel MACRON,François FILLON,False
24400,2022,Marine LE PEN,Marine LE PEN,True
24401,2022,Emmanuel MACRON,François FILLON,False
24402,2022,Emmanuel MACRON,Emmanuel MACRON,True
24403,2022,Marine LE PEN,Marine LE PEN,True
24404,2022,Marine LE PEN,Marine LE PEN,True
24405,2022,Marine LE PEN,Marine LE PEN,True
24406,2022,Marine LE PEN,Marine LE PEN,True
24407,2022,Marine LE PEN,Marine LE PEN,True
24408,2022,Marine LE PEN,Marine LE PEN,True
24409,2022,Emmanuel MACRON,François FILLON,False
24410,2022,Marine LE PEN,Marine LE PEN,True
24411,2022,Marine LE PEN,Marine LE PEN,True
24412,2022,Emmanuel MACRON,François FILLON,False
24413,2022,Emmanuel MACRON,François FILLON,False
24414,2022,Marine LE PEN,Marine LE PEN,True
24415,2022,Marine LE PEN,Marine LE PEN,True
24416,2022,Marine LE PEN,Marine LE PEN,True
24417,2022,Emmanuel MACRON,Emmanuel MACRON,True
24418,2022,Marine LE PEN,Marine LE PEN,True
24419,2022,Marine LE PEN,Marine LE PEN,True
24420,2022,Emmanuel MACRON,François FILLON,False
24421,2022,Marine LE PEN,Marine LE PEN,True
24422,2022,Emmanuel MACRON,Emmanuel MACRON,True
24423,2022,Marine LE PEN,Marine LE PEN,True
24424,2022,Marine LE PEN,Marine LE PEN,True
24425,2022,Marine LE PEN,Marine LE PEN,True
24426,2022,Marine LE PEN,Marine LE PEN,True
24427,2022,Marine LE PEN,Marine LE PEN,True
24428,2022,Emmanuel MACRON,François FILLON,False
24429,2022,Marine LE PEN,Marine LE PEN,True
24430,2022,Marine LE PEN,Marine LE PEN,True
24431,2022,Marine LE PEN,Marine LE PEN,True
24432,2022,Marine LE PEN,Marine LE PEN,True
24433,2022,Marine LE PEN,Marine LE PEN,True
24434,2022,Marine LE PEN,Marine LE PEN,True
24435,2022,Marine LE PEN,Marine LE PEN,True
24436,2022,Marine LE PEN,Marine LE PEN,True
24437,2022,Marine LE PEN,Marine LE PEN,True
24438,2022,Marine LE PEN,Marine LE PEN,True
24439,2022,Marine LE PEN,Marine LE PEN,True
24440,2022,Marine LE PEN,Marine LE PEN,True
24441,2022,Marine LE PEN,Marine LE PEN,True
24442,2022,Emmanuel MACRON,François FILLON,False
24443,2022,Emmanuel MACRON,François FILLON,False
24444,2022,Marine LE PEN,Marine LE PEN,True
24445,2022,Marine LE PEN,Marine LE PEN,True
24446,2022,Marine LE PEN,Marine LE PEN,True
24447,2022,Marine LE PEN,Marine LE PEN,True
24448,2022,Marine LE PEN,Marine LE PEN,True
24449,2022,Emmanuel MACRON,François FILLON,False
24450,2022,Marine LE PEN,Marine LE PEN,True
24451,2022,Marine LE PEN,Marine LE PEN,True
24452,2022,Emmanuel MACRON,François FILLON,False
24453,2022,Marine LE PEN,Marine LE PEN,True
24454,2022,Marine LE PEN,Marine LE PEN,True
24455,2022,Marine LE PEN,Marine LE PEN,True
24456,2022,Marine LE PEN,Marine LE PEN,True
24457,2022,Marine LE PEN,Marine LE PEN,True
24458,2022,Marine LE PEN,Marine LE PEN,True
24459,2022,Marine LE PEN,Marine LE PEN,True
24460,2022,Marine LE PEN,Marine LE PEN,True
24461,2022,Marine LE PEN,Marine LE PEN,True
24462,2022,Marine LE PEN,Marine LE PEN,True
24463,2022,Marine LE PEN,Marine LE PEN,True
24464,2022,Marine LE PEN,Marine LE PEN,True
24465,2022,Marine LE PEN,Marine LE PEN,True
24466,2022,Emmanuel MACRON,François FILLON,False
24467,2022,Emmanuel MACRON,François FILLON,False
24468,2022,Marine LE PEN,Marine LE PEN,True
24469,2022,Marine LE PEN,Marine LE PEN,True
24470,2022,Emmanuel MACRON,François FILLON,False
24471,2022,Emmanuel MACRON,François FILLON,False
24472,2022,Emmanuel MACRON,François FILLON,False
24473,2022,Marine LE PEN,Marine LE PEN,True
24474,2022,Marine LE PEN,Marine LE PEN,True
24475,2022,Marine LE PEN,Marine LE PEN,True
24476,2022,Marine LE PEN,Marine LE PEN,True
24477,2022,Marine LE PEN,Marine LE PEN,True
24478,2022,Marine LE PEN,Marine LE PEN,True
24479,2022,Marine LE PEN,Marine LE PEN,True
24480,2022,Marine LE PEN,Marine LE PEN,True
24481,2022,Marine LE PEN,Marine LE PEN,True
24482,2022,Marine LE PEN,Marine LE PEN,True
24483,2022,Emmanuel MACRON,François FILLON,False
24484,2022,Marine LE PEN,Marine LE PEN,True
24485,2022,Marine LE PEN,Marine LE PEN,True
24486,2022,Marine LE PEN,Marine LE PEN,True
24487,2022,Emmanuel MACRON,François FILLON,False
24488,2022,Marine LE PEN,Marine LE PEN,True
24489,2022,Marine LE PEN,Marine LE PEN,True
24490,2022,Marine LE PEN,Marine LE PEN,True
24491,2022,Marine LE PEN,Marine LE PEN,True
24492,2022,Emmanuel MACRON,François FILLON,False
24493,2022,Marine LE PEN,Marine LE PEN,True
24494,2022,Marine LE PEN,Marine LE PEN,True
24495,2022,Marine LE PEN,Marine LE PEN,True
24496,2022,Emmanuel MACRON,François FILLON,False
24497,2022,Marine LE PEN,Marine LE PEN,True
24498,2022,Marine LE PEN,Marine LE PEN,True
24499,2022,Emmanuel MACRON,François FILLON,False
24500,2022,Marine LE PEN,Marine LE PEN,True
24501,2022,Emmanuel MACRON,François FILLON,False
24502,2022,Marine LE PEN,Marine LE PEN,True
24503,2022,Marine LE PEN,Marine LE PEN,True
24504,2022,Marine LE PEN,Marine LE PEN,True
24505,2022,Emmanuel MACRON,Emmanuel MACRON,True
24506,2022,Marine LE PEN,Marine LE PEN,True
24507,2022,Marine LE PEN,Marine LE PEN,True
24508,2022,Marine LE PEN,Marine LE PEN,True
24509,2022,Marine LE PEN,Marine LE PEN,True
24510,2022,Emmanuel MACRON,François FILLON,False
24511,2022,Marine LE PEN,Marine LE PEN,True
24512,2022,Marine LE PEN,Marine LE PEN,True
24513,2022,Marine LE PEN,Marine LE PEN,True
24514,2022,Marine LE PEN,Marine LE PEN,True
24515,2022,Emmanuel MACRON,François FILLON,False
24516,2022,Marine LE PEN,Marine LE PEN,True
24517,2022,Marine LE PEN,Marine LE PEN,True
24518,2022,Emmanuel MACRON,Emmanuel MACRON,True
24519,2022,Marine LE PEN,Marine LE PEN,True
24520,2022,Marine LE PEN,Marine LE PEN,True
24521,2022,Marine LE PEN,Marine LE PEN,True
24522,2022,Marine LE PEN,Marine LE PEN,True
24523,2022,Emmanuel MACRON,Emmanuel MACRON,True
24524,2022,Marine LE PEN,Marine LE PEN,True
24525,2022,Emmanuel MACRON,François FILLON,False
24526,2022,Marine LE PEN,Marine LE PEN,True
24527,2022,Marine LE PEN,Marine LE PEN,True
24528,2022,Marine LE PEN,Marine LE PEN,True
24529,2022,Marine LE PEN,Marine LE PEN,True
24530,2022,Marine LE PEN,Marine LE PEN,True
24531,2022,Marine LE PEN,Marine LE PEN,True
24532,2022,Marine LE PEN,Marine LE PEN,True
24533,2022,Marine LE PEN,Marine LE PEN,True
24534,2022,Emmanuel MACRON,François FILLON,False
24535,2022,Marine LE PEN,Marine LE PEN,True
24536,2022,Marine LE PEN,Marine LE PEN,True
24537,2022,Jean-Luc MÉLENCHON,François FILLON,False
24538,2022,Marine LE PEN,Marine LE PEN,True
24539,2022,Marine LE PEN,Marine LE PEN,True
24540,2022,Marine LE PEN,Marine LE PEN,True
24541,2022,Marine LE PEN,Marine LE PEN,True
24542,2022,Marine LE PEN,Marine LE PEN,True
24543,2022,Marine LE PEN,Marine LE PEN,True
24544,2022,Marine LE PEN,Marine LE PEN,True
24545,2022,Marine LE PEN,Marine LE PEN,True
24546,2022,Marine LE PEN,Marine LE PEN,True
24547,2022,Emmanuel MACRON,Emmanuel MACRON,True
24548,2022,Marine LE PEN,Marine LE PEN,True
24549,2022,Marine LE PEN,Marine LE PEN,True
24550,2022,Marine LE PEN,Marine LE PEN,True
24551,2022,Marine LE PEN,Marine LE PEN,True
24552,2022,Marine LE PEN,Marine LE PEN,True
24553,2022,Emmanuel MACRON,François FILLON,False
24554,2022,Emmanuel MACRON,François FILLON,False
24555,2022,Emmanuel MACRON,Emmanuel MACRON,True
24556,2022,Marine LE PEN,Marine LE PEN,True
24557,2022,Marine LE PEN,Marine LE PEN,True
24558,2022,Marine LE PEN,Marine LE PEN,True
24559,2022,Marine LE PEN,Marine LE PEN,True
24560,2022,Marine LE PEN,Marine LE PEN,True
24561,2022,Marine LE PEN,Marine LE PEN,True
24562,2022,Emmanuel MACRON,François FILLON,False
24563,2022,Emmanuel MACRON,Emmanuel MACRON,True
24564,2022,Emmanuel MACRON,Emmanuel MACRON,True
24565,2022,Marine LE PEN,Marine LE PEN,True
24566,2022,Marine LE PEN,Marine LE PEN,True
24567,2022,Marine LE PEN,Marine LE PEN,True
24568,2022,Emmanuel MACRON,Jean-Luc MÉLENCHON,False
24569,2022,Marine LE PEN,Marine LE PEN,True
24570,2022,Marine LE PEN,Marine LE PEN,True
24571,2022,Marine LE PEN,Marine LE PEN,True
24572,2022,Marine LE PEN,Marine LE PEN,True
24573,2022,Marine LE PEN,Marine LE PEN,True
24574,2022,Marine LE PEN,Marine LE PEN,True
24575,2022,Marine LE PEN,Marine LE PEN,True
24576,2022,Emmanuel MACRON,Jean-Luc MÉLENCHON,False
24577,2022,Marine LE PEN,Marine LE PEN,True
24578,2022,Marine LE PEN,Marine LE PEN,True
24579,2022,Marine LE PEN,Marine LE PEN,True
24580,2022,Emmanuel MACRON,François FILLON,False
24581,2022,Marine LE PEN,Marine LE PEN,True
24582,2022,Marine LE PEN,Marine LE PEN,True
24583,2022,Marine LE PEN,Marine LE PEN,True
24584,2022,Marine LE PEN,Marine LE PEN,True
24585,2022,Marine LE PEN,Marine LE PEN,True
24586,2022,Marine LE PEN,Marine LE PEN,True
24587,2022,Emmanuel MACRON,François FILLON,False
24588,2022,Marine LE PEN,Marine LE PEN,True
24589,2022,Marine LE PEN,Marine LE PEN,True
24590,2022,Marine LE PEN,Marine LE PEN,True
24591,2022,Marine LE PEN,Marine LE PEN,True
24592,2022,Marine LE PEN,Marine LE PEN,True
24593,2022,Marine LE PEN,Marine LE PEN,True
24594,2022,Marine LE PEN,Marine LE PEN,True
24595,2022,Marine LE PEN,Marine LE PEN,True
24596,2022,Marine LE PEN,Marine LE PEN,True
24597,2022,Marine LE PEN,Marine LE PEN,True
24598,2022,Marine LE PEN,Marine LE PEN,True
24599,2022,Marine LE PEN,Marine LE PEN,True
24600,2022,Marine LE PEN,Marine LE PEN,True
24601,2022,Emmanuel MACRON,François FILLON,False
24602,2022,Emmanuel MACRON,François FILLON,False
24603,2022,Marine LE PEN,Marine LE PEN,True
24604,2022,Marine LE PEN,Marine LE PEN,True
24605,2022,Marine LE PEN,Marine LE PEN,True
24606,2022,Marine LE PEN,Marine LE PEN,True
24607,2022,Emmanuel MACRON,François FILLON,False
24608,2022,Marine LE PEN,Marine LE PEN,True
24609,2022,Marine LE PEN,Marine LE PEN,True
24610,2022,Emmanuel MACRON,François FILLON,False
24611,2022,Marine LE PEN,Marine LE PEN,True
24612,2022,Marine LE PEN,Marine LE PEN,True
24613,2022,Marine LE PEN,Marine LE PEN,True
24614,2022,Marine LE PEN,Marine LE PEN,True
24615,2022,Marine LE PEN,Marine LE PEN,True
24616,2022,Marine LE PEN,Marine LE PEN,True
24617,2022,Emmanuel MACRON,François FILLON,False
24618,2022,Marine LE PEN,Marine LE PEN,True
24619,2022,Marine LE PEN,Marine LE PEN,True
24620,2022,Emmanuel MACRON,Emmanuel MACRON,True
24621,2022,Marine LE PEN,Marine LE PEN,True
24622,2022,Marine LE PEN,Marine LE PEN,True
24623,2022,Marine LE PEN,Marine LE PEN,True
24624,2022,Marine LE PEN,Marine LE PEN,True
24625,2022,Emmanuel MACRON,François FILLON,False
24626,2022,Marine LE PEN,Marine LE PEN,True
24627,2022,Marine LE PEN,Marine LE PEN,True
24628,2022,Marine LE PEN,Marine LE PEN,True
24629,2022,Emmanuel MACRON,Emmanuel MACRON,True
24630,2022,Marine LE PEN,Marine LE PEN,True
24631,2022,Emmanuel MACRON,François FILLON,False
24632,2022,Marine LE PEN,Marine LE PEN,True
24633,2022,Marine LE PEN,Marine LE PEN,True
24634,2022,Emmanuel MACRON,François FILLON,False
24635,2022,Marine LE PEN,Marine LE PEN,True
24636,2022,Emmanuel MACRON,Emmanuel MACRON,True
24637,2022,Marine LE PEN,Marine LE PEN,True
24638,2022,Emmanuel MACRON,François FILLON,False
24639,2022,Marine LE PEN,Marine LE PEN,True
24640,2022,Marine LE PEN,Marine LE PEN,True
24641,2022,Marine LE PEN,Marine LE PEN,True
24642,2022,Emmanuel MACRON,Emmanuel MACRON,True
24643,2022,Emmanuel MACRON,François FILLON,False
24644,2022,Marine LE PEN,Marine LE PEN,True
24645,2022,Marine LE PEN,Marine LE PEN,True
24646,2022,Emmanuel MACRON,François FILLON,False
24647,2022,Marine LE PEN,Marine LE PEN,True
24648,2022,Marine LE PEN,Marine LE PEN,True
24649,2022,Marine LE PEN,Marine LE PEN,True
24650,2022,Marine LE PEN,Marine LE PEN,True
24651,2022,Marine LE PEN,Marine LE PEN,True
24652,2022,Marine LE PEN,Marine LE PEN,True
24653,2022,Marine LE PEN,Marine LE PEN,True
24654,2022,Marine LE PEN,Marine LE PEN,True
24655,2022,Emmanuel MACRON,François FILLON,False
24656,2022,Marine LE PEN,Marine LE PEN,True
24657,2022,Marine LE PEN,Marine LE PEN,True
24658,2022,Marine LE PEN,Marine LE PEN,True
24659,2022,Emmanuel MACRON,Emmanuel MACRON,True
24660,2022,Marine LE PEN,Marine LE PEN,True
24661,2022,Marine LE PEN,Marine LE PEN,True
24662,2022,Marine LE PEN,Marine LE PEN,True
24663,2022,Marine LE PEN,Marine LE PEN,True
24664,2022,Emmanuel MACRON,François FILLON,False
24665,2022,Marine LE PEN,Marine LE PEN,True
24666,2022,Marine LE PEN,Marine LE PEN,True
24667,2022,Emmanuel MACRON,François FILLON,False
24668,2022,Marine LE PEN,Marine LE PEN,True
24669,2022,Marine LE PEN,Marine LE PEN,True
24670,2022,Marine LE PEN,Marine LE PEN,True
24671,2022,Marine LE PEN,Marine LE PEN,True
24672,2022,Marine LE PEN,Marine LE PEN,True
24673,2022,Marine LE PEN,Marine LE PEN,True
24674,2022,Marine LE PEN,Marine LE PEN,True
24675,2022,Marine LE PEN,Marine LE PEN,True
24676,2022,Marine LE PEN,Marine LE PEN,True
24677,2022,Marine LE PEN,Marine LE PEN,True
24679,2022,Emmanuel MACRON,Emmanuel MACRON,True
24680,2022,Emmanuel MACRON,Emmanuel MACRON,True
24681,2022,Marine LE PEN,Marine LE PEN,True
24682,2022,Marine LE PEN,Marine LE PEN,True
24683,2022,Marine LE PEN,Marine LE PEN,True
24684,2022,Marine LE PEN,Marine LE PEN,True
24685,2022,Marine LE PEN,Marine LE PEN,True
24686,2022,Marine LE PEN,Marine LE PEN,True
24687,2022,Marine LE PEN,Marine LE PEN,True
24688,2022,Emmanuel MACRON,François FILLON,False
24689,2022,Marine LE PEN,Marine LE PEN,True
24690,2022,Emmanuel MACRON,François FILLON,False
24691,2022,Marine LE PEN,Marine LE PEN,True
24692,2022,Marine LE PEN,Marine LE PEN,True
24693,2022,Marine LE PEN,Marine LE PEN,True
24694,2022,Marine LE PEN,Marine LE PEN,True
24695,2022,Marine LE PEN,Marine LE PEN,True
24696,2022,Emmanuel MACRON,Emmanuel MACRON,True
24697,2022,Marine LE PEN,Marine LE PEN,True
24698,2022,Marine LE PEN,Marine LE PEN,True
24699,2022,Emmanuel MACRON,Emmanuel MACRON,True
24700,2022,Marine LE PEN,Marine LE PEN,True
24701,2022,Marine LE PEN,Marine LE PEN,True
24702,2022,Emmanuel MACRON,Jean-Luc MÉLENCHON,False
24703,2022,Marine LE PEN,Marine LE PEN,True
24704,2022,Marine LE PEN,Marine LE PEN,True
24705,2022,Marine LE PEN,Marine LE PEN,True
24706,2022,Marine LE PEN,Marine LE PEN,True
24707,2022,Emmanuel MACRON,Emmanuel MACRON,True
24708,2022,Emmanuel MACRON,Emmanuel MACRON,True
24709,2022,Marine LE PEN,Marine LE PEN,True
24710,2022,Marine LE PEN,Marine LE PEN,True
24711,2022,Marine LE PEN,Marine LE PEN,True
24712,2022,Marine LE PEN,Marine LE PEN,True
24713,2022,Marine LE PEN,Marine LE PEN,True
24714,2022,Emmanuel MACRON,Emmanuel MACRON,True
24715,2022,Marine LE PEN,Marine LE PEN,True
24716,2022,Marine LE PEN,Marine LE PEN,True
24717,2022,Emmanuel MACRON,Emmanuel MACRON,True
24718,2022,Marine LE PEN,Marine LE PEN,True
24719,2022,Marine LE PEN,Marine LE PEN,True
24720,2022,Emmanuel MACRON,François FILLON,False
24721,2022,Emmanuel MACRON,Emmanuel MACRON,True
24722,2022,Marine LE PEN,Marine LE PEN,True
24723,2022,Marine LE PEN,Marine LE PEN,True
24724,2022,Marine LE PEN,Marine LE PEN,True
24725,2022,Jean-Luc MÉLENCHON,François FILLON,False
24726,2022,Emmanuel MACRON,François FILLON,False
24727,2022,Jean-Luc MÉLENCHON,François FILLON,False
24728,2022,Marine LE PEN,Marine LE PEN,True
24729,2022,Marine LE PEN,Marine LE PEN,True
24730,2022,Emmanuel MACRON,Emmanuel MACRON,True
24731,2022,Marine LE PEN,Marine LE PEN,True
24732,2022,Emmanuel MACRON,Emmanuel MACRON,True
24733,2022,Marine LE PEN,Marine LE PEN,True
24734,2022,Marine LE PEN,Marine LE PEN,True
24735,2022,Marine LE PEN,Marine LE PEN,True
24736,2022,Marine LE PEN,Marine LE PEN,True
24737,2022,Emmanuel MACRON,François FILLON,False
24738,2022,Marine LE PEN,Marine LE PEN,True
24739,2022,Marine LE PEN,Marine LE PEN,True
24740,2022,Jean-Luc MÉLENCHON,François FILLON,False
24741,2022,Emmanuel MACRON,François FILLON,False
24742,2022,Emmanuel MACRON,Jean-Luc MÉLENCHON,False
24743,2022,Emmanuel MACRON,Emmanuel MACRON,True
24744,2022,Emmanuel MACRON,Jean-Luc MÉLENCHON,False
24745,2022,Emmanuel MACRON,François FILLON,False
24746,2022,Marine LE PEN,Marine LE PEN,True
24747,2022,Marine LE PEN,Marine LE PEN,True
24748,2022,Marine LE PEN,Marine LE PEN,True
24749,2022,Emmanuel MACRON,Emmanuel MACRON,True
24750,2022,Marine LE PEN,Marine LE PEN,True
24751,2022,Marine LE PEN,Marine LE PEN,True
24752,2022,Marine LE PEN,Marine LE PEN,True
24753,2022,Marine LE PEN,Marine LE PEN,True
24754,2022,Emmanuel MACRON,François FILLON,False
24755,2022,Emmanuel MACRON,François FILLON,False
24756,2022,Marine LE PEN,Marine LE PEN,True
24757,2022,Jean-Luc MÉLENCHON,Emmanuel MACRON,False
24758,2022,Jean-Luc MÉLENCHON,François FILLON,False
24759,2022,Emmanuel MACRON,Emmanuel MACRON,True
24760,2022,Jean-Luc MÉLENCHON,François FILLON,False
24761,2022,Jean-Luc MÉLENCHON,Jean-Luc MÉLENCHON,True
24762,2022,Marine LE PEN,Marine LE PEN,True
24763,2022,Jean-Luc MÉLENCHON,François FILLON,False
24764,2022,Emmanuel MACRON,Emmanuel MACRON,True
24765,2022,Marine LE PEN,Marine LE PEN,True
24766,2022,Emmanuel MACRON,Emmanuel MACRON,True
24767,2022,Marine LE PEN,Marine LE PEN,True
24768,2022,Emmanuel MACRON,François FILLON,False
24769,2022,Marine LE PEN,Marine LE PEN,True
24770,2022,Marine LE PEN,Marine LE PEN,True
24771,2022,Marine LE PEN,Marine LE PEN,True
24772,2022,Marine LE PEN,Marine LE PEN,True
24773,2022,Jean-Luc MÉLENCHON,François FILLON,False
24774,2022,Marine LE PEN,Marine LE PEN,True
24775,2022,Emmanuel MACRON,François FILLON,False
24776,2022,Emmanuel MACRON,François FILLON,False
24777,2022,Marine LE PEN,Marine LE PEN,True
24778,2022,Marine LE PEN,Marine LE PEN,True
24779,2022,Marine LE PEN,Marine LE PEN,True
24780,2022,Emmanuel MACRON,Emmanuel MACRON,True
24781,2022,Marine LE PEN,Marine LE PEN,True
24782,2022,Emmanuel MACRON,Jean-Luc MÉLENCHON,False
24783,2022,Marine LE PEN,Marine LE PEN,True
24784,2022,Marine LE PEN,Marine LE PEN,True
24785,2022,Emmanuel MACRON,Emmanuel MACRON,True
24786,2022,Emmanuel MACRON,Emmanuel MACRON,True
24787,2022,Emmanuel MACRON,Emmanuel MACRON,True
24788,2022,Marine LE PEN,Marine LE PEN,True
24789,2022,Jean-Luc MÉLENCHON,François FILLON,False
24790,2022,Jean-Luc MÉLENCHON,François FILLON,False
24791,2022,Emmanuel MACRON,Emmanuel MACRON,True
24792,2022,Marine LE PEN,Marine LE PEN,True
24793,2022,Marine LE PEN,Marine LE PEN,True
24795,2022,Emmanuel MACRON,François FILLON,False
24796,2022,Marine LE PEN,Marine LE PEN,True
24797,2022,Marine LE PEN,Marine LE PEN,True
24798,2022,Emmanuel MACRON,François FILLON,False
24799,2022,Emmanuel MACRON,Emmanuel MACRON,True
24800,2022,Emmanuel MACRON,Emmanuel MACRON,True
24801,2022,Marine LE PEN,Marine LE PEN,True
24802,2022,Emmanuel MACRON,François FILLON,False
24803,2022,Marine LE PEN,Marine LE PEN,True
24804,2022,Marine LE PEN,Marine LE PEN,True
24805,2022,Emmanuel MACRON,Emmanuel MACRON,True
24806,2022,Emmanuel MACRON,Emmanuel MACRON,True
24807,2022,Marine LE PEN,Marine LE PEN,True
24808,2022,Emmanuel MACRON,Emmanuel MACRON,True
24809,2022,Marine LE PEN,Marine LE PEN,True
24810,2022,Marine LE PEN,Marine LE PEN,True
24811,2022,Marine LE PEN,Marine LE PEN,True
24812,2022,Emmanuel MACRON,Emmanuel MACRON,True
24813,2022,Jean LASSALLE,Jean-Luc MÉLENCHON,False
24814,2022,Emmanuel MACRON,François FILLON,False
24815,2022,Emmanuel MACRON,Emmanuel MACRON,True
24816,2022,Marine LE PEN,Marine LE PEN,True
24817,2022,Marine LE PEN,Marine LE PEN,True
24818,2022,Jean-Luc MÉLENCHON,François FILLON,False
24819,2022,Emmanuel MACRON,Emmanuel MACRON,True
24820,2022,Emmanuel MACRON,Jean-Luc MÉLENCHON,False
24821,2022,Marine LE PEN,Marine LE PEN,True
24822,2022,Marine LE PEN,Marine LE PEN,True
24823,2022,Emmanuel MACRON,Emmanuel MACRON,True
24824,2022,Emmanuel MACRON,Emmanuel MACRON,True
24825,2022,Marine LE PEN,Marine LE PEN,True
24826,2022,Marine LE PEN,Marine LE PEN,True
24827,2022,Marine LE PEN,Marine LE PEN,True
24828,2022,Emmanuel MACRON,Emmanuel MACRON,True
24829,2022,Jean-Luc MÉLENCHON,Emmanuel MACRON,False
24830,2022,Marine LE PEN,Marine LE PEN,True
24831,2022,Marine LE PEN,Marine LE PEN,True
24832,2022,Marine LE PEN,Marine LE PEN,True
24833,2022,Marine LE PEN,Marine LE PEN,True
24834,2022,Emmanuel MACRON,François FILLON,False
24835,2022,Emmanuel MACRON,François FILLON,False
24836,2022,Emmanuel MACRON,Emmanuel MACRON,True
24837,2022,Marine LE PEN,Marine LE PEN,True
24838,2022,Marine LE PEN,Marine LE PEN,True
24839,2022,Emmanuel MACRON,François FILLON,False
24840,2022,Emmanuel MACRON,Emmanuel MACRON,True
24841,2022,Marine LE PEN,Marine LE PEN,True
24842,2022,Emmanuel MACRON,Emmanuel MACRON,True
24844,2022,Marine LE PEN,Marine LE PEN,True
24845,2022,Marine LE PEN,Marine LE PEN,True
24846,2022,Marine LE PEN,Marine LE PEN,True
24847,2022,Marine LE PEN,Marine LE PEN,True
24848,2022,Jean-Luc MÉLENCHON,François FILLON,False
24850,2022,Marine LE PEN,Marine LE PEN,True
24851,2022,Emmanuel MACRON,Emmanuel MACRON,True
24852,2022,Jean-Luc MÉLENCHON,François FILLON,False
24853,2022,Marine LE PEN,Marine LE PEN,True
24854,2022,Marine LE PEN,Marine LE PEN,True
24855,2022,Marine LE PEN,Marine LE PEN,True
24856,2022,Marine LE PEN,Marine LE PEN,True
24857,2022,Emmanuel MACRON,Emmanuel MACRON,True
24858,2022,Emmanuel MACRON,François FILLON,False
24859,2022,Marine LE PEN,Marine LE PEN,True
24860,2022,Emmanuel MACRON,François FILLON,False
24861,2022,Jean-Luc MÉLENCHON,François FILLON,False
24862,2022,Jean-Luc MÉLENCHON,Emmanuel MACRON,False
24863,2022,Emmanuel MACRON,François FILLON,False
24864,2022,Emmanuel MACRON,Emmanuel MACRON,True
24865,2022,Emmanuel MACRON,Emmanuel MACRON,True
24866,2022,Emmanuel MACRON,Emmanuel MACRON,True
24867,2022,Marine LE PEN,Marine LE PEN,True
24868,2022,Marine LE PEN,Marine LE PEN,True
24869,2022,Marine LE PEN,Marine LE PEN,True
24870,2022,Emmanuel MACRON,François FILLON,False
24871,2022,Marine LE PEN,Marine LE PEN,True
24872,2022,Jean-Luc MÉLENCHON,Jean-Luc MÉLENCHON,True
24873,2022,Emmanuel MACRON,François FILLON,False
24874,2022,Jean-Luc MÉLENCHON,François FILLON,False
24875,2022,Marine LE PEN,Marine LE PEN,True
24876,2022,Emmanuel MACRON,Emmanuel MACRON,True
24877,2022,Marine LE PEN,Marine LE PEN,True
24878,2022,Emmanuel MACRON,François FILLON,False
24879,2022,Marine LE PEN,Marine LE PEN,True
24880,2022,Marine LE PEN,Marine LE PEN,True
24881,2022,Marine LE PEN,Marine LE PEN,True
24882,2022,Emmanuel MACRON,François FILLON,False
24883,2022,Emmanuel MACRON,Emmanuel MACRON,True
24884,2022,Marine LE PEN,Marine LE PEN,True
24885,2022,Emmanuel MACRON,Jean-Luc MÉLENCHON,False
24886,2022,Emmanuel MACRON,François FILLON,False
24887,2022,Emmanuel MACRON,François FILLON,False
24888,2022,Marine LE PEN,Marine LE PEN,True
24889,2022,Jean-Luc MÉLENCHON,François FILLON,False
24890,2022,Emmanuel MACRON,Jean-Luc MÉLENCHON,False
24891,2022,Emmanuel MACRON,François FILLON,False
24892,2022,Emmanuel MACRON,François FILLON,False
24893,2022,Jean-Luc MÉLENCHON,François FILLON,False
24894,2022,Emmanuel MACRON,Emmanuel MACRON,True
24895,2022,Marine LE PEN,Marine LE PEN,True
24896,2022,Marine LE PEN,Marine LE PEN,True
24897,2022,Emmanuel MACRON,Emmanuel MACRON,True
24898,2022,Marine LE PEN,Marine LE PEN,True
24899,2022,Emmanuel MACRON,François FILLON,False
24900,2022,Jean-Luc MÉLENCHON,François FILLON,False
24901,2022,Marine LE PEN,Marine LE PEN,True
24902,2022,Emmanuel MACRON,François FILLON,False
24903,2022,Marine LE PEN,Marine LE PEN,True
24904,2022,Emmanuel MACRON,François FILLON,False
24905,2022,Marine LE PEN,Marine LE PEN,True
24906,2022,Emmanuel MACRON,François FILLON,False
24907,2022,Emmanuel MACRON,François FILLON,False
24908,2022,Emmanuel MACRON,François FILLON,False
24909,2022,Emmanuel MACRON,Emmanuel MACRON,True
24910,2022,Marine LE PEN,Marine LE PEN,True
24911,2022,Marine LE PEN,Marine LE PEN,True
24912,2022,Marine LE PEN,Marine LE PEN,True
24913,2022,Emmanuel MACRON,Jean-Luc MÉLENCHON,False
24914,2022,Marine LE PEN,Marine LE PEN,True
24915,2022,Marine LE PEN,Marine LE PEN,True
24916,2022,Marine LE PEN,Marine LE PEN,True
24917,2022,Marine LE PEN,Marine LE PEN,True
24918,2022,Emmanuel MACRON,Jean-Luc MÉLENCHON,False
24919,2022,Emmanuel MACRON,Emmanuel MACRON,True
24920,2022,Marine LE PEN,Marine LE PEN,True
24921,2022,Jean-Luc MÉLENCHON,François FILLON,False
24922,2022,Marine LE PEN,Marine LE PEN,True
24923,2022,Marine LE PEN,Marine LE PEN,True
24924,2022,Jean-Luc MÉLENCHON,François FILLON,False
24925,2022,Marine LE PEN,Marine LE PEN,True
24926,2022,Marine LE PEN,Marine LE PEN,True
24927,2022,Marine LE PEN,Marine LE PEN,True
24928,2022,Emmanuel MACRON,Emmanuel MACRON,True
24929,2022,Marine LE PEN,Marine LE PEN,True
24930,2022,Emmanuel MACRON,Emmanuel MACRON,True
24931,2022,Marine LE PEN,Marine LE PEN,True
24932,2022,Jean-Luc MÉLENCHON,Jean-Luc MÉLENCHON,True
24933,2022,Marine LE PEN,Marine LE PEN,True
24934,2022,Jean-Luc MÉLENCHON,Emmanuel MACRON,False
24935,2022,Marine LE PEN,Marine LE PEN,True
24936,2022,Marine LE PEN,Marine LE PEN,True
24937,2022,Marine LE PEN,Marine LE PEN,True
24938,2022,Emmanuel MACRON,François FILLON,False
24939,2022,Marine LE PEN,Marine LE PEN,True
24940,2022,Marine LE PEN,Marine LE PEN,True
24941,2022,Emmanuel MACRON,Emmanuel MACRON,True
24942,2022,Emmanuel MACRON,Emmanuel MACRON,True
24943,2022,Marine LE PEN,Marine LE PEN,True
24944,2022,Marine LE PEN,Marine LE PEN,True
24945,2022,Marine LE PEN,Marine LE PEN,True
24946,2022,Marine LE PEN,Marine LE PEN,True
24947,2022,Marine LE PEN,Marine LE PEN,True
24948,2022,Marine LE PEN,Marine LE PEN,True
24949,2022,Jean-Luc MÉLENCHON,Emmanuel MACRON,False
24950,2022,Jean-Luc MÉLENCHON,Emmanuel MACRON,False
24951,2022,Emmanuel MACRON,François FILLON,False
24952,2022,Emmanuel MACRON,François FILLON,False
24953,2022,Marine LE PEN,Marine LE PEN,True
24954,2022,Jean-Luc MÉLENCHON,Emmanuel MACRON,False
24955,2022,Emmanuel MACRON,François FILLON,False
24956,2022,Emmanuel MACRON,François FILLON,False
24957,2022,Marine LE PEN,Marine LE PEN,True
24958,2022,Marine LE PEN,Marine LE PEN,True
24959,2022,Marine LE PEN,Marine LE PEN,True
24960,2022,Emmanuel MACRON,Emmanuel MACRON,True
24961,2022,Marine LE PEN,Marine LE PEN,True
24962,2022,Emmanuel MACRON,Emmanuel MACRON,True
24963,2022,Emmanuel MACRON,Emmanuel MACRON,True
24964,2022,Marine LE PEN,Marine LE PEN,True
24965,2022,Marine LE PEN,Marine LE PEN,True
24966,2022,Jean-Luc MÉLENCHON,François FILLON,False
24967,2022,Marine LE PEN,Marine LE PEN,True
24968,2022,Marine LE PEN,Marine LE PEN,True
24969,2022,Emmanuel MACRON,Emmanuel MACRON,True
24970,2022,Marine LE PEN,Marine LE PEN,True
24971,2022,Marine LE PEN,Marine LE PEN,True
24972,2022,Emmanuel MACRON,Emmanuel MACRON,True
24973,2022,Marine LE PEN,Marine LE PEN,True
24974,2022,Jean-Luc MÉLENCHON,François FILLON,False
24975,2022,Emmanuel MACRON,Jean-Luc MÉLENCHON,False
24976,2022,Emmanuel MACRON,Emmanuel MACRON,True
24977,2022,Emmanuel MACRON,Emmanuel MACRON,True
24978,2022,Emmanuel MACRON,Emmanuel MACRON,True
24979,2022,Marine LE PEN,Marine LE PEN,True
24980,2022,Marine LE PEN,Marine LE PEN,True
24981,2022,Marine LE PEN,Marine LE PEN,True
24982,2022,Marine LE PEN,Marine LE PEN,True
24983,2022,Emmanuel MACRON,François FILLON,False
24984,2022,Marine LE PEN,Marine LE PEN,True
24985,2022,Marine LE PEN,Marine LE PEN,True
24986,2022,Emmanuel MACRON,Emmanuel MACRON,True
24987,2022,Emmanuel MACRON,Emmanuel MACRON,True
24988,2022,Emmanuel MACRON,François FILLON,False
24989,2022,Emmanuel MACRON,François FILLON,False
24990,2022,Emmanuel MACRON,Emmanuel MACRON,True
24991,2022,Marine LE PEN,Marine LE PEN,True
24992,2022,Emmanuel MACRON,Emmanuel MACRON,True
24993,2022,Emmanuel MACRON,François FILLON,False
24994,2022,Emmanuel MACRON,Jean-Luc MÉLENCHON,False
24995,2022,Emmanuel MACRON,François FILLON,False
24996,2022,Emmanuel MACRON,Emmanuel MACRON,True
24997,2022,Marine LE PEN,Marine LE PEN,True
24998,2022,Emmanuel MACRON,Emmanuel MACRON,True
24999,2022,Emmanuel MACRON,François FILLON,False
25000,2022,Emmanuel MACRON,François FILLON,False
25001,2022,Emmanuel MACRON,François FILLON,False
25002,2022,Jean-Luc MÉLENCHON,François FILLON,False
25003,2022,Emmanuel MACRON,François FILLON,False
25004,2022,Emmanuel MACRON,François FILLON,False
25005,2022,Marine LE PEN,Marine LE PEN,True
25006,2022,Marine LE PEN,Marine LE PEN,True
25007,2022,Marine LE PEN,Marine LE PEN,True
25008,2022,Marine LE PEN,Marine LE PEN,True
25009,2022,Marine LE PEN,Marine LE PEN,True
25010,2022,Jean-Luc MÉLENCHON,Emmanuel MACRON,False
25011,2022,Emmanuel MACRON,François FILLON,False
25012,2022,Jean LASSALLE,François FILLON,False
25013,2022,Marine LE PEN,Marine LE PEN,True
25014,2022,Emmanuel MACRON,Emmanuel MACRON,True
25015,2022,Marine LE PEN,Marine LE PEN,True
25016,2022,Emmanuel MACRON,Emmanuel MACRON,True
25018,2022,Emmanuel MACRON,François FILLON,False
25019,2022,Emmanuel MACRON,François FILLON,False
25020,2022,Emmanuel MACRON,Emmanuel MACRON,True
25021,2022,Emmanuel MACRON,Emmanuel MACRON,True
25022,2022,Emmanuel MACRON,Emmanuel MACRON,True
25023,2022,Marine LE PEN,Marine LE PEN,True
25024,2022,Emmanuel MACRON,François FILLON,False
25025,2022,Marine LE PEN,Marine LE PEN,True
25026,2022,Marine LE PEN,Marine LE PEN,True
25027,2022,Marine LE PEN,Marine LE PEN,True
25028,2022,Jean-Luc MÉLENCHON,François FILLON,False
25029,2022,Emmanuel MACRON,Emmanuel MACRON,True
25030,2022,Marine LE PEN,Marine LE PEN,True
25031,2022,Marine LE PEN,Marine LE PEN,True
25032,2022,Marine LE PEN,Marine LE PEN,True
25033,2022,Emmanuel MACRON,François FILLON,False
25034,2022,Emmanuel MACRON,Emmanuel MACRON,True
25035,2022,Emmanuel MACRON,Emmanuel MACRON,True
25036,2022,Emmanuel MACRON,François FILLON,False
25037,2022,Jean-Luc MÉLENCHON,François FILLON,False
25038,2022,Emmanuel MACRON,Jean-Luc MÉLENCHON,False
25039,2022,Emmanuel MACRON,François FILLON,False
25040,2022,Emmanuel MACRON,Emmanuel MACRON,True
25041,2022,Marine LE PEN,Marine LE PEN,True
25042,2022,Emmanuel MACRON,Jean-Luc MÉLENCHON,False
25043,2022,Marine LE PEN,Marine LE PEN,True
25044,2022,Marine LE PEN,Marine LE PEN,True
25045,2022,Marine LE PEN,Marine LE PEN,True
25046,2022,Marine LE PEN,Marine LE PEN,True
25047,2022,Marine LE PEN,Marine LE PEN,True
25048,2022,Marine LE PEN,Marine LE PEN,True
25049,2022,Emmanuel MACRON,François FILLON,False
25050,2022,Marine LE PEN,Marine LE PEN,True
25051,2022,Marine LE PEN,Marine LE PEN,True
25052,2022,Emmanuel MACRON,François FILLON,False
25053,2022,Marine LE PEN,Marine LE PEN,True
25054,2022,Emmanuel MACRON,François FILLON,False
25055,2022,Jean-Luc MÉLENCHON,François FILLON,False
25056,2022,Marine LE PEN,Marine LE PEN,True
25057,2022,Emmanuel MACRON,François FILLON,False
25058,2022,Emmanuel MACRON,Emmanuel MACRON,True
25059,2022,Emmanuel MACRON,François FILLON,False
25060,2022,Marine LE PEN,Marine LE PEN,True
25061,2022,Emmanuel MACRON,Jean-Luc MÉLENCHON,False
25062,2022,Marine LE PEN,Marine LE PEN,True
25063,2022,Marine LE PEN,Marine LE PEN,True
25064,2022,Emmanuel MACRON,François FILLON,False
25065,2022,Jean-Luc MÉLENCHON,Emmanuel MACRON,False
25066,2022,Emmanuel MACRON,François FILLON,False
25067,2022,Marine LE PEN,Marine LE PEN,True
25068,2022,Marine LE PEN,Marine LE PEN,True
25069,2022,Marine LE PEN,Marine LE PEN,True
25070,2022,Emmanuel MACRON,Jean-Luc MÉLENCHON,False
25071,2022,Emmanuel MACRON,François FILLON,False
25072,2022,Jean LASSALLE,Jean-Luc MÉLENCHON,False
25073,2022,Emmanuel MACRON,François FILLON,False
25074,2022,Emmanuel MACRON,François FILLON,False
25075,2022,Marine LE PEN,Marine LE PEN,True
25076,2022,Marine LE PEN,Marine LE PEN,True
25077,2022,Jean-Luc MÉLENCHON,François FILLON,False
25078,2022,Marine LE PEN,Marine LE PEN,True
25079,2022,Jean-Luc MÉLENCHON,François FILLON,False
25080,2022,Marine LE PEN,Marine LE PEN,True
25081,2022,Marine LE PEN,Marine LE PEN,True
25082,2022,Emmanuel MACRON,François FILLON,False
25083,2022,Emmanuel MACRON,François FILLON,False
25084,2022,Emmanuel MACRON,Emmanuel MACRON,True
25085,2022,Emmanuel MACRON,François FILLON,False
25086,2022,Marine LE PEN,Marine LE PEN,True
25087,2022,Marine LE PEN,Marine LE PEN,True
25088,2022,Marine LE PEN,Marine LE PEN,True
25089,2022,Marine LE PEN,Marine LE PEN,True
25090,2022,Emmanuel MACRON,Emmanuel MACRON,True
25091,2022,Marine LE PEN,Marine LE PEN,True
25092,2022,Emmanuel MACRON,François FILLON,False
25093,2022,Marine LE PEN,Marine LE PEN,True
25094,2022,Emmanuel MACRON,François FILLON,False
25095,2022,Marine LE PEN,Marine LE PEN,True
25096,2022,Marine LE PEN,Marine LE PEN,True
25097,2022,Marine LE PEN,Marine LE PEN,True
25098,2022,Jean-Luc MÉLENCHON,François FILLON,False
25099,2022,Marine LE PEN,Marine LE PEN,True
25100,2022,Marine LE PEN,Marine LE PEN,True
25101,2022,Jean-Luc MÉLENCHON,Jean-Luc MÉLENCHON,True
25102,2022,Emmanuel MACRON,François FILLON,False
25103,2022,Jean-Luc MÉLENCHON,François FILLON,False
25104,2022,Marine LE PEN,Marine LE PEN,True
25105,2022,Emmanuel MACRON,Emmanuel MACRON,True
25106,2022,Emmanuel MACRON,François FILLON,False
25107,2022,Emmanuel MACRON,François FILLON,False
25108,2022,Emmanuel MACRON,Emmanuel MACRON,True
25109,2022,Emmanuel MACRON,Emmanuel MACRON,True
25110,2022,Emmanuel MACRON,Jean-Luc MÉLENCHON,False
25111,2022,Emmanuel MACRON,François FILLON,False
25112,2022,Marine LE PEN,Marine LE PEN,True
25113,2022,Emmanuel MACRON,François FILLON,False
25114,2022,Jean-Luc MÉLENCHON,François FILLON,False
25115,2022,Marine LE PEN,Marine LE PEN,True
25116,2022,Emmanuel MACRON,François FILLON,False
25117,2022,Jean-Luc MÉLENCHON,François FILLON,False
25118,2022,Marine LE PEN,Marine LE PEN,True
25119,2022,Marine LE PEN,Marine LE PEN,True
25120,2022,Marine LE PEN,Marine LE PEN,True
25121,2022,Marine LE PEN,Marine LE PEN,True
25122,2022,Marine LE PEN,Marine LE PEN,True
25123,2022,Marine LE PEN,Marine LE PEN,True
25124,2022,Emmanuel MACRON,François FILLON,False
25125,2022,Emmanuel MACRON,François FILLON,False
25126,2022,Marine LE PEN,Marine LE PEN,True
25127,2022,Jean-Luc MÉLENCHON,François FILLON,False
25128,2022,Marine LE PEN,Marine LE PEN,True
25129,2022,Emmanuel MACRON,Emmanuel MACRON,True
25130,2022,Marine LE PEN,Marine LE PEN,True
25131,2022,Marine LE PEN,Marine LE PEN,True
25132,2022,Marine LE PEN,Marine LE PEN,True
25133,2022,Emmanuel MACRON,François FILLON,False
25134,2022,Emmanuel MACRON,François FILLON,False
25135,2022,Marine LE PEN,Marine LE PEN,True
25136,2022,Marine LE PEN,Marine LE PEN,True
25137,2022,Emmanuel MACRON,Emmanuel MACRON,True
25138,2022,Emmanuel MACRON,François FILLON,False
25139,2022,Emmanuel MACRON,François FILLON,False
25140,2022,Marine LE PEN,Marine LE PEN,True
25141,2022,Marine LE PEN,Marine LE PEN,True
25142,2022,Jean-Luc MÉLENCHON,Emmanuel MACRON,False
25143,2022,Marine LE PEN,Marine LE PEN,True
25144,2022,Marine LE PEN,Marine LE PEN,True
25145,2022,Emmanuel MACRON,François FILLON,False
25146,2022,Marine LE PEN,Marine LE PEN,True
25147,2022,Marine LE PEN,Marine LE PEN,True
25148,2022,Marine LE PEN,Marine LE PEN,True
25149,2022,Emmanuel MACRON,François FILLON,False
25150,2022,Marine LE PEN,Marine LE PEN,True
25151,2022,Emmanuel MACRON,François FILLON,False
25152,2022,Emmanuel MACRON,François FILLON,False
25153,2022,Jean-Luc MÉLENCHON,François FILLON,False
25154,2022,Emmanuel MACRON,Jean-Luc MÉLENCHON,False
25155,2022,Emmanuel MACRON,François FILLON,False
25156,2022,Emmanuel MACRON,François FILLON,False
25157,2022,Marine LE PEN,Marine LE PEN,True
25158,2022,Emmanuel MACRON,Emmanuel MACRON,True
25159,2022,Jean-Luc MÉLENCHON,François FILLON,False
25160,2022,Marine LE PEN,Marine LE PEN,True
25161,2022,Emmanuel MACRON,François FILLON,False
25162,2022,Emmanuel MACRON,François FILLON,False
25163,2022,Marine LE PEN,Marine LE PEN,True
25164,2022,Emmanuel MACRON,François FILLON,False
25165,2022,Marine LE PEN,Marine LE PEN,True
25166,2022,Marine LE PEN,Marine LE PEN,True
25167,2022,Emmanuel MACRON,Emmanuel MACRON,True
25168,2022,Marine LE PEN,Marine LE PEN,True
25169,2022,Emmanuel MACRON,Emmanuel MACRON,True
25170,2022,Marine LE PEN,Marine LE PEN,True
25171,2022,Marine LE PEN,Marine LE PEN,True
25172,2022,Emmanuel MACRON,Jean-Luc MÉLENCHON,False
25173,2022,Marine LE PEN,Marine LE PEN,True
25174,2022,Jean-Luc MÉLENCHON,François FILLON,False
25175,2022,Marine LE PEN,Marine LE PEN,True
25176,2022,Marine LE PEN,Marine LE PEN,True
25177,2022,Marine LE PEN,Marine LE PEN,True
25178,2022,Marine LE PEN,Marine LE PEN,True
25179,2022,Marine LE PEN,Marine LE PEN,True
25180,2022,Marine LE PEN,Marine LE PEN,True
25181,2022,Marine LE PEN,Marine LE PEN,True
25182,2022,Emmanuel MACRON,Emmanuel MACRON,True
25183,2022,Marine LE PEN,Marine LE PEN,True
25184,2022,Emmanuel MACRON,Emmanuel MACRON,True
25185,2022,Emmanuel MACRON,François FILLON,False
25186,2022,Emmanuel MACRON,Jean-Luc MÉLENCHON,False
25187,2022,Emmanuel MACRON,Emmanuel MACRON,True
25188,2022,Jean-Luc MÉLENCHON,François FILLON,False
25189,2022,Jean LASSALLE,Jean-Luc MÉLENCHON,False
25190,2022,Emmanuel MACRON,François FILLON,False
25191,2022,Jean-Luc MÉLENCHON,François FILLON,False
25192,2022,Jean-Luc MÉLENCHON,François FILLON,False
25193,2022,Jean LASSALLE,François FILLON,False
25194,2022,Emmanuel MACRON,Emmanuel MACRON,True
25195,2022,Emmanuel MACRON,Emmanuel MACRON,True
25196,2022,Jean LASSALLE,François FILLON,False
25197,2022,Jean LASSALLE,François FILLON,False
25198,2022,Jean LASSALLE,François FILLON,False
25199,2022,Emmanuel MACRON,François FILLON,False
25200,2022,Jean LASSALLE,François FILLON,False
25201,2022,Jean LASSALLE,François FILLON,False
25202,2022,Jean-Luc MÉLENCHON,François FILLON,False
25203,2022,Emmanuel MACRON,François FILLON,False
25204,2022,Jean LASSALLE,François FILLON,False
25205,2022,Emmanuel MACRON,François FILLON,False
25206,2022,Emmanuel MACRON,François FILLON,False
25207,2022,Emmanuel MACRON,Emmanuel MACRON,True
25208,2022,Emmanuel MACRON,Emmanuel MACRON,True
25209,2022,Jean LASSALLE,Jean-Luc MÉLENCHON,False
25210,2022,Emmanuel MACRON,François FILLON,False
25211,2022,Emmanuel MACRON,Jean-Luc MÉLENCHON,False
25212,2022,Emmanuel MACRON,François FILLON,False
25213,2022,Jean LASSALLE,François FILLON,False
25214,2022,Emmanuel MACRON,François FILLON,False
25215,2022,Jean LASSALLE,François FILLON,False
25216,2022,Jean LASSALLE,François FILLON,False
25217,2022,Emmanuel MACRON,François FILLON,False
25218,2022,Emmanuel MACRON,Emmanuel MACRON,True
25219,2022,Emmanuel MACRON,François FILLON,False
25220,2022,Emmanuel MACRON,François FILLON,False
25221,2022,Emmanuel MACRON,François FILLON,False
25222,2022,Emmanuel MACRON,François FILLON,False
25223,2022,Jean LASSALLE,François FILLON,False
25224,2022,Emmanuel MACRON,François FILLON,False
25225,2022,Marine LE PEN,Marine LE PEN,True
25226,2022,Emmanuel MACRON,François FILLON,False
25227,2022,Marine LE PEN,Marine LE PEN,True
25228,2022,Jean LASSALLE,François FILLON,False
25229,2022,Jean LASSALLE,François FILLON,False
25230,2022,Jean LASSALLE,François FILLON,False
25231,2022,Marine LE PEN,Marine LE PEN,True
25232,2022,Jean LASSALLE,François FILLON,False
25233,2022,Jean LASSALLE,François FILLON,False
25234,2022,Jean LASSALLE,François FILLON,False
25235,2022,Emmanuel MACRON,Jean-Luc MÉLENCHON,False
25236,2022,Emmanuel MACRON,François FILLON,False
25237,2022,Emmanuel MACRON,François FILLON,False
25238,2022,Jean LASSALLE,Jean-Luc MÉLENCHON,False
25239,2022,Emmanuel MACRON,François FILLON,False
25240,2022,Marine LE PEN,Marine LE PEN,True
25241,2022,Emmanuel MACRON,Emmanuel MACRON,True
25242,2022,Emmanuel MACRON,Emmanuel MACRON,True
25243,2022,Emmanuel MACRON,François FILLON,False
25244,2022,Jean-Luc MÉLENCHON,François FILLON,False
25245,2022,Emmanuel MACRON,François FILLON,False
25246,2022,Marine LE PEN,Marine LE PEN,True
25247,2022,Emmanuel MACRON,François FILLON,False
25248,2022,Emmanuel MACRON,François FILLON,False
25249,2022,Emmanuel MACRON,Emmanuel MACRON,True
25250,2022,Emmanuel MACRON,Emmanuel MACRON,True
25251,2022,Jean LASSALLE,François FILLON,False
25252,2022,Marine LE PEN,Marine LE PEN,True
25253,2022,Emmanuel MACRON,Jean-Luc MÉLENCHON,False
25254,2022,Emmanuel MACRON,François FILLON,False
25255,2022,Emmanuel MACRON,François FILLON,False
25256,2022,Emmanuel MACRON,Jean-Luc MÉLENCHON,False
25257,2022,Jean LASSALLE,François FILLON,False
25258,2022,Jean-Luc MÉLENCHON,Jean-Luc MÉLENCHON,True
25259,2022,Emmanuel MACRON,François FILLON,False
25260,2022,Emmanuel MACRON,François FILLON,False
25261,2022,Emmanuel MACRON,François FILLON,False
25262,2022,Jean LASSALLE,François FILLON,False
25263,2022,Emmanuel MACRON,François FILLON,False
25264,2022,Jean LASSALLE,Jean-Luc MÉLENCHON,False
25265,2022,Jean LASSALLE,Jean-Luc MÉLENCHON,False
25266,2022,Jean LASSALLE,Jean-Luc MÉLENCHON,False
25267,2022,Emmanuel MACRON,François FILLON,False
25268,2022,Jean-Luc MÉLENCHON,François FILLON,False
25269,2022,Jean LASSALLE,François FILLON,False
25270,2022,Jean LASSALLE,Jean-Luc MÉLENCHON,False
25271,2022,Emmanuel MACRON,François FILLON,False
25272,2022,Marine LE PEN,Marine LE PEN,True
25273,2022,Jean LASSALLE,François FILLON,False
25274,2022,Emmanuel MACRON,François FILLON,False
25275,2022,Emmanuel MACRON,François FILLON,False
25276,2022,Emmanuel MACRON,François FILLON,False
25277,2022,Marine LE PEN,Marine LE PEN,True
25278,2022,Emmanuel MACRON,François FILLON,False
25279,2022,Jean LASSALLE,Jean-Luc MÉLENCHON,False
25280,2022,Jean LASSALLE,François FILLON,False
25281,2022,Emmanuel MACRON,Emmanuel MACRON,True
25282,2022,Emmanuel MACRON,François FILLON,False
25283,2022,Emmanuel MACRON,Emmanuel MACRON,True
25284,2022,Emmanuel MACRON,François FILLON,False
25285,2022,Jean-Luc MÉLENCHON,Emmanuel MACRON,False
25286,2022,Emmanuel MACRON,François FILLON,False
25287,2022,Emmanuel MACRON,François FILLON,False
25288,2022,Jean LASSALLE,François FILLON,False
25289,2022,Marine LE PEN,Marine LE PEN,True
25290,2022,Emmanuel MACRON,François FILLON,False
25291,2022,Emmanuel MACRON,François FILLON,False
25292,2022,Jean LASSALLE,François FILLON,False
25293,2022,Marine LE PEN,Marine LE PEN,True
25294,2022,Emmanuel MACRON,François FILLON,False
25295,2022,Emmanuel MACRON,François FILLON,False
25296,2022,Emmanuel MACRON,François FILLON,False
25297,2022,Jean-Luc MÉLENCHON,François FILLON,False
25298,2022,Marine LE PEN,Marine LE PEN,True
25299,2022,Jean-Luc MÉLENCHON,François FILLON,False
25300,2022,Emmanuel MACRON,François FILLON,False
25301,2022,Emmanuel MACRON,François FILLON,False
25302,2022,Emmanuel MACRON,Emmanuel MACRON,True
25303,2022,Emmanuel MACRON,François FILLON,False
25304,2022,Marine LE PEN,Marine LE PEN,True
25305,2022,Jean LASSALLE,François FILLON,False
25306,2022,Emmanuel MACRON,Emmanuel MACRON,True
25307,2022,Emmanuel MACRON,François FILLON,False
25308,2022,Jean LASSALLE,François FILLON,False
25309,2022,Emmanuel MACRON,François FILLON,False
25310,2022,Emmanuel MACRON,Emmanuel MACRON,True
25311,2022,Jean-Luc MÉLENCHON,François FILLON,False
25312,2022,Emmanuel MACRON,Emmanuel MACRON,True
25313,2022,Emmanuel MACRON,Emmanuel MACRON,True
25314,2022,Emmanuel MACRON,Emmanuel MACRON,True
25315,2022,Jean-Luc MÉLENCHON,François FILLON,False
25316,2022,Marine LE PEN,Marine LE PEN,True
25317,2022,Jean-Luc MÉLENCHON,Jean-Luc MÉLENCHON,True
25318,2022,Emmanuel MACRON,Emmanuel MACRON,True
25319,2022,Emmanuel MACRON,François FILLON,False
25320,2022,Emmanuel MACRON,Emmanuel MACRON,True
25321,2022,Emmanuel MACRON,Emmanuel MACRON,True
25322,2022,Emmanuel MACRON,François FILLON,False
25323,2022,Emmanuel MACRON,François FILLON,False
25324,2022,Emmanuel MACRON,François FILLON,False
25325,2022,Emmanuel MACRON,François FILLON,False
25326,2022,Marine LE PEN,Marine LE PEN,True
25327,2022,Emmanuel MACRON,François FILLON,False
25328,2022,Emmanuel MACRON,François FILLON,False
25329,2022,Emmanuel MACRON,Emmanuel MACRON,True
25330,2022,Emmanuel MACRON,François FILLON,False
25331,2022,Jean LASSALLE,François FILLON,False
25332,2022,Jean-Luc MÉLENCHON,François FILLON,False
25333,2022,Emmanuel MACRON,François FILLON,False
25334,2022,Emmanuel MACRON,François FILLON,False
25335,2022,Jean-Luc MÉLENCHON,Emmanuel MACRON,False
25336,2022,Emmanuel MACRON,Jean-Luc MÉLENCHON,False
25337,2022,Jean-Luc MÉLENCHON,François FILLON,False
25338,2022,Emmanuel MACRON,François FILLON,False
25339,2022,Emmanuel MACRON,François FILLON,False
25340,2022,Jean-Luc MÉLENCHON,François FILLON,False
25341,2022,Emmanuel MACRON,Emmanuel MACRON,True
25342,2022,Emmanuel MACRON,François FILLON,False
25343,2022,Jean-Luc MÉLENCHON,François FILLON,False
25344,2022,Marine LE PEN,Marine LE PEN,True
25345,2022,Emmanuel MACRON,François FILLON,False
25346,2022,Marine LE PEN,Marine LE PEN,True
25347,2022,Marine LE PEN,Marine LE PEN,True
25348,2022,Emmanuel MACRON,Jean-Luc MÉLENCHON,False
25349,2022,Emmanuel MACRON,François FILLON,False
25350,2022,Marine LE PEN,Marine LE PEN,True
25351,2022,Emmanuel MACRON,François FILLON,False
25352,2022,Marine LE PEN,Marine LE PEN,True
25353,2022,Emmanuel MACRON,François FILLON,False
25354,2022,Emmanuel MACRON,François FILLON,False
25355,2022,Emmanuel MACRON,François FILLON,False
25356,2022,Jean LASSALLE,François FILLON,False
25357,2022,Jean-Luc MÉLENCHON,François FILLON,False
25358,2022,Emmanuel MACRON,Jean-Luc MÉLENCHON,False
25359,2022,Emmanuel MACRON,Emmanuel MACRON,True
25360,2022,Marine LE PEN,Marine LE PEN,True
25361,2022,Emmanuel MACRON,Emmanuel MACRON,True
25362,2022,Marine LE PEN,Marine LE PEN,True
25363,2022,Jean-Luc MÉLENCHON,Jean-Luc MÉLENCHON,True
25364,2022,Jean LASSALLE,François FILLON,False
25365,2022,Marine LE PEN,Marine LE PEN,True
25366,2022,Emmanuel MACRON,François FILLON,False
25367,2022,Emmanuel MACRON,Emmanuel MACRON,True
25368,2022,Emmanuel MACRON,François FILLON,False
25369,2022,Emmanuel MACRON,Emmanuel MACRON,True
25370,2022,Emmanuel MACRON,François FILLON,False
25371,2022,Jean-Luc MÉLENCHON,François FILLON,False
25372,2022,Emmanuel MACRON,François FILLON,False
25373,2022,Marine LE PEN,Marine LE PEN,True
25374,2022,Jean LASSALLE,François FILLON,False
25375,2022,Emmanuel MACRON,Emmanuel MACRON,True
25376,2022,Emmanuel MACRON,François FILLON,False
25377,2022,Emmanuel MACRON,Jean-Luc MÉLENCHON,False
25378,2022,Marine LE PEN,Marine LE PEN,True
25379,2022,Emmanuel MACRON,François FILLON,False
25380,2022,Emmanuel MACRON,François FILLON,False
25381,2022,Emmanuel MACRON,François FILLON,False
25382,2022,Emmanuel MACRON,François FILLON,False
25383,2022,Emmanuel MACRON,François FILLON,False
25384,2022,Jean LASSALLE,François FILLON,False
25385,2022,Marine LE PEN,Marine LE PEN,True
25386,2022,Marine LE PEN,Marine LE PEN,True
25387,2022,Marine LE PEN,Marine LE PEN,True
25388,2022,Emmanuel MACRON,François FILLON,False
25389,2022,Marine LE PEN,Marine LE PEN,True
25390,2022,Emmanuel MACRON,François FILLON,False
25391,2022,Emmanuel MACRON,Emmanuel MACRON,True
25392,2022,Emmanuel MACRON,François FILLON,False
25393,2022,Jean LASSALLE,Jean-Luc MÉLENCHON,False
25394,2022,Emmanuel MACRON,François FILLON,False
25395,2022,Jean LASSALLE,François FILLON,False
25396,2022,Jean LASSALLE,François FILLON,False
25397,2022,Jean-Luc MÉLENCHON,François FILLON,False
25398,2022,Emmanuel MACRON,François FILLON,False
25399,2022,Marine LE PEN,Marine LE PEN,True
25400,2022,Jean LASSALLE,François FILLON,False
25401,2022,Jean-Luc MÉLENCHON,Jean-Luc MÉLENCHON,True
25402,2022,Jean-Luc MÉLENCHON,François FILLON,False
25403,2022,Emmanuel MACRON,François FILLON,False
25404,2022,Marine LE PEN,Marine LE PEN,True
25405,2022,Marine LE PEN,Marine LE PEN,True
25406,2022,Jean LASSALLE,François FILLON,False
25407,2022,Jean LASSALLE,François FILLON,False
25408,2022,Emmanuel MACRON,François FILLON,False
25409,2022,Emmanuel MACRON,François FILLON,False
25410,2022,Emmanuel MACRON,Emmanuel MACRON,True
25411,2022,Emmanuel MACRON,François FILLON,False
25412,2022,Marine LE PEN,Marine LE PEN,True
25413,2022,Emmanuel MACRON,François FILLON,False
25414,2022,Emmanuel MACRON,François FILLON,False
25415,2022,Emmanuel MACRON,Emmanuel MACRON,True
25416,2022,Emmanuel MACRON,Emmanuel MACRON,True
25417,2022,Emmanuel MACRON,Jean-Luc MÉLENCHON,False
25418,2022,Emmanuel MACRON,François FILLON,False
25419,2022,Marine LE PEN,Marine LE PEN,True
25420,2022,Emmanuel MACRON,François FILLON,False
25421,2022,Emmanuel MACRON,François FILLON,False
25422,2022,Marine LE PEN,Marine LE PEN,True
25423,2022,Jean-Luc MÉLENCHON,François FILLON,False
25424,2022,Emmanuel MACRON,François FILLON,False
25425,2022,Emmanuel MACRON,François FILLON,False
25426,2022,Emmanuel MACRON,François FILLON,False
25427,2022,Marine LE PEN,Marine LE PEN,True
25428,2022,Marine LE PEN,Marine LE PEN,True
25429,2022,Jean-Luc MÉLENCHON,François FILLON,False
25430,2022,Marine LE PEN,Marine LE PEN,True
25431,2022,Emmanuel MACRON,François FILLON,False
25432,2022,Emmanuel MACRON,François FILLON,False
25433,2022,Emmanuel MACRON,Emmanuel MACRON,True
25434,2022,Marine LE PEN,Marine LE PEN,True
25435,2022,Jean LASSALLE,François FILLON,False
25436,2022,Jean LASSALLE,François FILLON,False
25437,2022,Jean-Luc MÉLENCHON,François FILLON,False
25438,2022,Marine LE PEN,Marine LE PEN,True
25439,2022,Emmanuel MACRON,François FILLON,False
25440,2022,Emmanuel MACRON,François FILLON,False
25441,2022,Jean LASSALLE,Jean-Luc MÉLENCHON,False
25442,2022,Jean LASSALLE,Jean-Luc MÉLENCHON,False
25443,2022,Marine LE PEN,Marine LE PEN,True
25444,2022,Emmanuel MACRON,François FILLON,False
25445,2022,Emmanuel MACRON,François FILLON,False
25446,2022,Emmanuel MACRON,François FILLON,False
25447,2022,Emmanuel MACRON,Emmanuel MACRON,True
25448,2022,Jean LASSALLE,François FILLON,False
25449,2022,Jean LASSALLE,François FILLON,False
25450,2022,Emmanuel MACRON,François FILLON,False
25451,2022,Emmanuel MACRON,François FILLON,False
25452,2022,Jean-Luc MÉLENCHON,François FILLON,False
25453,2022,Jean LASSALLE,François FILLON,False
25454,2022,Jean-Luc MÉLENCHON,François FILLON,False
25455,2022,Emmanuel MACRON,François FILLON,False
25456,2022,Emmanuel MACRON,François FILLON,False
25457,2022,Emmanuel MACRON,François FILLON,False
25458,2022,Emmanuel MACRON,François FILLON,False
25459,2022,Emmanuel MACRON,François FILLON,False
25460,2022,Emmanuel MACRON,Emmanuel MACRON,True
25461,2022,Jean LASSALLE,François FILLON,False
25462,2022,Emmanuel MACRON,François FILLON,False
25463,2022,Emmanuel MACRON,Jean-Luc MÉLENCHON,False
25464,2022,Marine LE PEN,Marine LE PEN,True
25465,2022,Emmanuel MACRON,François FILLON,False
25466,2022,Marine LE PEN,Marine LE PEN,True
25467,2022,Jean LASSALLE,François FILLON,False
25468,2022,Marine LE PEN,Marine LE PEN,True
25469,2022,Marine LE PEN,Marine LE PEN,True
25470,2022,Jean LASSALLE,François FILLON,False
25471,2022,Emmanuel MACRON,François FILLON,False
25472,2022,Marine LE PEN,Marine LE PEN,True
25473,2022,Jean LASSALLE,Jean-Luc MÉLENCHON,False
25474,2022,Jean-Luc MÉLENCHON,François FILLON,False
25475,2022,Jean-Luc MÉLENCHON,François FILLON,False
25476,2022,Marine LE PEN,Marine LE PEN,True
25477,2022,Marine LE PEN,Marine LE PEN,True
25478,2022,Emmanuel MACRON,François FILLON,False
25479,2022,Jean-Luc MÉLENCHON,François FILLON,False
25480,2022,Emmanuel MACRON,François FILLON,False
25481,2022,Marine LE PEN,Marine LE PEN,True
25482,2022,Emmanuel MACRON,François FILLON,False
25483,2022,Marine LE PEN,Marine LE PEN,True
25484,2022,Marine LE PEN,Marine LE PEN,True
25485,2022,Emmanuel MACRON,François FILLON,False
25486,2022,Jean LASSALLE,François FILLON,False
25487,2022,Emmanuel MACRON,François FILLON,False
25488,2022,Emmanuel MACRON,François FILLON,False
25489,2022,Jean LASSALLE,François FILLON,False
25490,2022,Jean LASSALLE,François FILLON,False
25491,2022,Emmanuel MACRON,Emmanuel MACRON,True
25492,2022,Emmanuel MACRON,François FILLON,False
25493,2022,Emmanuel MACRON,François FILLON,False
25494,2022,Marine LE PEN,Marine LE PEN,True
25495,2022,Emmanuel MACRON,François FILLON,False
25496,2022,Emmanuel MACRON,François FILLON,False
25497,2022,Marine LE PEN,Marine LE PEN,True
25498,2022,Jean LASSALLE,François FILLON,False
25499,2022,Marine LE PEN,Marine LE PEN,True
25500,2022,Jean-Luc MÉLENCHON,François FILLON,False
25501,2022,Jean LASSALLE,François FILLON,False
25502,2022,Emmanuel MACRON,François FILLON,False
25503,2022,Jean LASSALLE,François FILLON,False
25504,2022,Emmanuel MACRON,Emmanuel MACRON,True
25505,2022,Emmanuel MACRON,Emmanuel MACRON,True
25506,2022,Jean LASSALLE,François FILLON,False
25507,2022,Emmanuel MACRON,François FILLON,False
25508,2022,Jean-Luc MÉLENCHON,François FILLON,False
25509,2022,Emmanuel MACRON,François FILLON,False
25510,2022,Emmanuel MACRON,François FILLON,False
25511,2022,Jean LASSALLE,François FILLON,False
25512,2022,Marine LE PEN,Marine LE PEN,True
25513,2022,Emmanuel MACRON,François FILLON,False
25514,2022,Marine LE PEN,Marine LE PEN,True
25515,2022,Jean-Luc MÉLENCHON,François FILLON,False
25516,2022,Marine LE PEN,Marine LE PEN,True
25517,2022,Jean LASSALLE,François FILLON,False
25518,2022,Emmanuel MACRON,François FILLON,False
25519,2022,Emmanuel MACRON,François FILLON,False
25520,2022,Jean LASSALLE,François FILLON,False
25521,2022,Emmanuel MACRON,Jean-Luc MÉLENCHON,False
25522,2022,Emmanuel MACRON,Jean-Luc MÉLENCHON,False
25523,2022,Emmanuel MACRON,François FILLON,False
25524,2022,Emmanuel MACRON,François FILLON,False
25525,2022,Emmanuel MACRON,François FILLON,False
25526,2022,Jean LASSALLE,François FILLON,False
25527,2022,Emmanuel MACRON,François FILLON,False
25528,2022,Jean-Luc MÉLENCHON,François FILLON,False
25529,2022,Jean-Luc MÉLENCHON,François FILLON,False
25530,2022,Emmanuel MACRON,François FILLON,False
25531,2022,Emmanuel MACRON,François FILLON,False
25532,2022,Emmanuel MACRON,François FILLON,False
25533,2022,Emmanuel MACRON,François FILLON,False
25534,2022,Emmanuel MACRON,François FILLON,False
25535,2022,Jean LASSALLE,François FILLON,False
25536,2022,Marine LE PEN,Marine LE PEN,True
25537,2022,Emmanuel MACRON,François FILLON,False
25538,2022,Jean-Luc MÉLENCHON,François FILLON,False
25539,2022,Jean LASSALLE,François FILLON,False
25540,2022,Emmanuel MACRON,François FILLON,False
25541,2022,Emmanuel MACRON,Jean-Luc MÉLENCHON,False
25542,2022,Emmanuel MACRON,François FILLON,False
25543,2022,Jean LASSALLE,François FILLON,False
25544,2022,Marine LE PEN,Marine LE PEN,True
25545,2022,Emmanuel MACRON,François FILLON,False
25546,2022,Emmanuel MACRON,François FILLON,False
25547,2022,Emmanuel MACRON,François FILLON,False
25548,2022,Emmanuel MACRON,François FILLON,False
25549,2022,Marine LE PEN,Marine LE PEN,True
25550,2022,Emmanuel MACRON,François FILLON,False
25551,2022,Emmanuel MACRON,Emmanuel MACRON,True
25552,2022,Jean LASSALLE,François FILLON,False
25553,2022,Jean LASSALLE,François FILLON,False
25554,2022,Jean LASSALLE,François FILLON,False
25555,2022,Emmanuel MACRON,François FILLON,False
25556,2022,Marine LE PEN,Marine LE PEN,True
25557,2022,Emmanuel MACRON,François FILLON,False
25558,2022,Jean-Luc MÉLENCHON,François FILLON,False
25559,2022,Emmanuel MACRON,Emmanuel MACRON,True
25560,2022,Marine LE PEN,Marine LE PEN,True
25561,2022,Marine LE PEN,Marine LE PEN,True
25562,2022,Marine LE PEN,Marine LE PEN,True
25563,2022,Marine LE PEN,Marine LE PEN,True
25564,2022,Emmanuel MACRON,François FILLON,False
25565,2022,Jean LASSALLE,François FILLON,False
25566,2022,Emmanuel MACRON,Jean-Luc MÉLENCHON,False
25567,2022,Emmanuel MACRON,François FILLON,False
25568,2022,Emmanuel MACRON,Jean-Luc MÉLENCHON,False
25569,2022,Emmanuel MACRON,François FILLON,False
25570,2022,Marine LE PEN,Marine LE PEN,True
25571,2022,Marine LE PEN,Marine LE PEN,True
25572,2022,Emmanuel MACRON,François FILLON,False
25573,2022,Emmanuel MACRON,Emmanuel MACRON,True
25574,2022,Marine LE PEN,Marine LE PEN,True
25575,2022,Marine LE PEN,Marine LE PEN,True
25576,2022,Jean LASSALLE,Jean-Luc MÉLENCHON,False
25577,2022,Emmanuel MACRON,François FILLON,False
25578,2022,Emmanuel MACRON,François FILLON,False
25579,2022,Jean-Luc MÉLENCHON,François FILLON,False
25580,2022,Emmanuel MACRON,François FILLON,False
25581,2022,Emmanuel MACRON,François FILLON,False
25582,2022,Emmanuel MACRON,François FILLON,False
25583,2022,Marine LE PEN,Marine LE PEN,True
25584,2022,Emmanuel MACRON,François FILLON,False
25585,2022,Jean LASSALLE,Jean-Luc MÉLENCHON,False
25586,2022,Emmanuel MACRON,Emmanuel MACRON,True
25587,2022,Marine LE PEN,Marine LE PEN,True
25588,2022,Emmanuel MACRON,Emmanuel MACRON,True
25589,2022,Emmanuel MACRON,François FILLON,False
25590,2022,Emmanuel MACRON,François FILLON,False
25591,2022,Marine LE PEN,Marine LE PEN,True
25592,2022,Emmanuel MACRON,Emmanuel MACRON,True
25593,2022,Jean LASSALLE,François FILLON,False
25594,2022,Emmanuel MACRON,François FILLON,False
25595,2022,Jean-Luc MÉLENCHON,François FILLON,False
25596,2022,Jean LASSALLE,Jean-Luc MÉLENCHON,False
25597,2022,Jean LASSALLE,François FILLON,False
25598,2022,Emmanuel MACRON,François FILLON,False
25599,2022,Marine LE PEN,Marine LE PEN,True
25600,2022,Jean LASSALLE,Jean-Luc MÉLENCHON,False
25601,2022,Emmanuel MACRON,Jean-Luc MÉLENCHON,False
25602,2022,Emmanuel MACRON,Jean-Luc MÉLENCHON,False
25603,2022,Emmanuel MACRON,Emmanuel MACRON,True
25604,2022,Marine LE PEN,Marine LE PEN,True
25605,2022,Jean-Luc MÉLENCHON,Jean-Luc MÉLENCHON,True
25606,2022,Jean-Luc MÉLENCHON,François FILLON,False
25607,2022,Jean LASSALLE,Jean-Luc MÉLENCHON,False
25608,2022,Emmanuel MACRON,François FILLON,False
25609,2022,Jean LASSALLE,François FILLON,False
25610,2022,Jean LASSALLE,François FILLON,False
25611,2022,Emmanuel MACRON,François FILLON,False
25612,2022,Emmanuel MACRON,François FILLON,False
25613,2022,Emmanuel MACRON,François FILLON,False
25614,2022,Jean LASSALLE,François FILLON,False
25615,2022,Emmanuel MACRON,François FILLON,False
25616,2022,Emmanuel MACRON,François FILLON,False
25617,2022,Emmanuel MACRON,François FILLON,False
25618,2022,Emmanuel MACRON,Emmanuel MACRON,True
25619,2022,Marine LE PEN,Marine LE PEN,True
25620,2022,Emmanuel MACRON,Jean-Luc MÉLENCHON,False
25621,2022,Emmanuel MACRON,Emmanuel MACRON,True
25622,2022,Marine LE PEN,Marine LE PEN,True
25623,2022,Marine LE PEN,Marine LE PEN,True
25624,2022,Marine LE PEN,Marine LE PEN,True
25625,2022,Emmanuel MACRON,François FILLON,False
25626,2022,Emmanuel MACRON,François FILLON,False
25627,2022,Emmanuel MACRON,François FILLON,False
25628,2022,Marine LE PEN,Marine LE PEN,True
25629,2022,Emmanuel MACRON,François FILLON,False
25630,2022,Emmanuel MACRON,François FILLON,False
25631,2022,Marine LE PEN,Marine LE PEN,True
25632,2022,Emmanuel MACRON,François FILLON,False
25633,2022,Emmanuel MACRON,François FILLON,False
25634,2022,Marine LE PEN,Marine LE PEN,True
25635,2022,Emmanuel MACRON,François FILLON,False
25636,2022,Emmanuel MACRON,François FILLON,False
25637,2022,Emmanuel MACRON,François FILLON,False
25638,2022,Emmanuel MACRON,François FILLON,False
25639,2022,Marine LE PEN,Marine LE PEN,True
25640,2022,Emmanuel MACRON,Emmanuel MACRON,True
25641,2022,Jean LASSALLE,Jean-Luc MÉLENCHON,False
25642,2022,Emmanuel MACRON,François FILLON,False
25643,2022,Emmanuel MACRON,François FILLON,False
25644,2022,Emmanuel MACRON,François FILLON,False
25645,2022,Emmanuel MACRON,François FILLON,False
25646,2022,Jean-Luc MÉLENCHON,François FILLON,False
25647,2022,Marine LE PEN,Marine LE PEN,True
25648,2022,Emmanuel MACRON,François FILLON,False
25649,2022,Jean LASSALLE,François FILLON,False
25650,2022,Emmanuel MACRON,François FILLON,False
25651,2022,Emmanuel MACRON,Emmanuel MACRON,True
25652,2022,Jean LASSALLE,François FILLON,False
25653,2022,Jean LASSALLE,Jean-Luc MÉLENCHON,False
25654,2022,Jean-Luc MÉLENCHON,François FILLON,False
25655,2022,Emmanuel MACRON,François FILLON,False
25656,2022,Emmanuel MACRON,François FILLON,False
25657,2022,Emmanuel MACRON,François FILLON,False
25658,2022,Emmanuel MACRON,François FILLON,False
25659,2022,Marine LE PEN,Marine LE PEN,True
25660,2022,Jean LASSALLE,François FILLON,False
25661,2022,Emmanuel MACRON,Emmanuel MACRON,True
25662,2022,Jean LASSALLE,François FILLON,False
25663,2022,Jean-Luc MÉLENCHON,François FILLON,False
25664,2022,Jean LASSALLE,François FILLON,False
25665,2022,Jean LASSALLE,François FILLON,False
25666,2022,Emmanuel MACRON,François FILLON,False
25667,2022,Emmanuel MACRON,François FILLON,False
25668,2022,Emmanuel MACRON,Emmanuel MACRON,True
25669,2022,Emmanuel MACRON,Emmanuel MACRON,True
25670,2022,Emmanuel MACRON,François FILLON,False
25671,2022,Emmanuel MACRON,François FILLON,False
25672,2022,Marine LE PEN,Marine LE PEN,True
25673,2022,Emmanuel MACRON,François FILLON,False
25674,2022,Emmanuel MACRON,François FILLON,False
25675,2022,Marine LE PEN,Marine LE PEN,True
25676,2022,Emmanuel MACRON,François FILLON,False
25677,2022,Marine LE PEN,Marine LE PEN,True
25678,2022,Jean LASSALLE,François FILLON,False
25679,2022,Emmanuel MACRON,François FILLON,False
25680,2022,Emmanuel MACRON,François FILLON,False
25681,2022,Emmanuel MACRON,François FILLON,False
25682,2022,Emmanuel MACRON,Emmanuel MACRON,True
25683,2022,Emmanuel MACRON,Emmanuel MACRON,True
25684,2022,Jean LASSALLE,François FILLON,False
25685,2022,Emmanuel MACRON,François FILLON,False
25686,2022,Marine LE PEN,Marine LE PEN,True
25687,2022,Marine LE PEN,Marine LE PEN,True
25688,2022,Emmanuel MACRON,François FILLON,False
25689,2022,Jean LASSALLE,François FILLON,False
25690,2022,Emmanuel MACRON,Emmanuel MACRON,True
25691,2022,Emmanuel MACRON,François FILLON,False
25692,2022,Emmanuel MACRON,François FILLON,False
25693,2022,Emmanuel MACRON,François FILLON,False
25694,2022,Jean-Luc MÉLENCHON,François FILLON,False
25695,2022,Marine LE PEN,Marine LE PEN,True
25696,2022,Jean-Luc MÉLENCHON,François FILLON,False
25697,2022,Emmanuel MACRON,François FILLON,False
25698,2022,Emmanuel MACRON,François FILLON,False
25699,2022,Emmanuel MACRON,François FILLON,False
25700,2022,Jean LASSALLE,François FILLON,False
25701,2022,Emmanuel MACRON,François FILLON,False
25702,2022,Emmanuel MACRON,François FILLON,False
25703,2022,Marine LE PEN,Marine LE PEN,True
25704,2022,Marine LE PEN,Marine LE PEN,True
25705,2022,Jean LASSALLE,François FILLON,False
25706,2022,Emmanuel MACRON,Emmanuel MACRON,True
25707,2022,Marine LE PEN,Marine LE PEN,True
25708,2022,Emmanuel MACRON,Emmanuel MACRON,True
25709,2022,Emmanuel MACRON,François FILLON,False
25710,2022,Emmanuel MACRON,François FILLON,False
25711,2022,Jean LASSALLE,François FILLON,False
25712,2022,Emmanuel MACRON,Emmanuel MACRON,True
25713,2022,Marine LE PEN,Marine LE PEN,True
25714,2022,Jean LASSALLE,Jean-Luc MÉLENCHON,False
25715,2022,Jean LASSALLE,François FILLON,False
25716,2022,Emmanuel MACRON,François FILLON,False
25717,2022,Emmanuel MACRON,François FILLON,False
25718,2022,Emmanuel MACRON,François FILLON,False
25719,2022,Emmanuel MACRON,Emmanuel MACRON,True
25720,2022,Emmanuel MACRON,François FILLON,False
25721,2022,Emmanuel MACRON,Emmanuel MACRON,True
25722,2022,Emmanuel MACRON,François FILLON,False
25723,2022,Jean-Luc MÉLENCHON,François FILLON,False
25724,2022,Emmanuel MACRON,François FILLON,False
25725,2022,Emmanuel MACRON,Jean-Luc MÉLENCHON,False
25726,2022,Emmanuel MACRON,François FILLON,False
25727,2022,Emmanuel MACRON,François FILLON,False
25728,2022,Emmanuel MACRON,François FILLON,False
25729,2022,Emmanuel MACRON,François FILLON,False
25730,2022,Emmanuel MACRON,François FILLON,False
25731,2022,Marine LE PEN,Marine LE PEN,True
25732,2022,Emmanuel MACRON,Emmanuel MACRON,True
25733,2022,Emmanuel MACRON,Emmanuel MACRON,True
25734,2022,Emmanuel MACRON,Emmanuel MACRON,True
25735,2022,Emmanuel MACRON,Emmanuel MACRON,True
25736,2022,Emmanuel MACRON,Emmanuel MACRON,True
25737,2022,Emmanuel MACRON,Jean-Luc MÉLENCHON,False
25738,2022,Marine LE PEN,Marine LE PEN,True
25739,2022,Emmanuel MACRON,Emmanuel MACRON,True
25740,2022,Emmanuel MACRON,Emmanuel MACRON,True
25741,2022,Marine LE PEN,Marine LE PEN,True
25742,2022,Jean-Luc MÉLENCHON,Emmanuel MACRON,False
25743,2022,Marine LE PEN,Marine LE PEN,True
25744,2022,Marine LE PEN,Marine LE PEN,True
25745,2022,Marine LE PEN,Marine LE PEN,True
25746,2022,Jean-Luc MÉLENCHON,Emmanuel MACRON,False
25747,2022,Emmanuel MACRON,Emmanuel MACRON,True
25748,2022,Jean LASSALLE,Emmanuel MACRON,False
25749,2022,Emmanuel MACRON,Emmanuel MACRON,True
25750,2022,Emmanuel MACRON,Emmanuel MACRON,True
25751,2022,Emmanuel MACRON,Emmanuel MACRON,True
25752,2022,Emmanuel MACRON,Emmanuel MACRON,True
25754,2022,Emmanuel MACRON,Emmanuel MACRON,True
25755,2022,Emmanuel MACRON,Emmanuel MACRON,True
25756,2022,Emmanuel MACRON,Jean-Luc MÉLENCHON,False
25757,2022,Marine LE PEN,Marine LE PEN,True
25758,2022,Jean-Luc MÉLENCHON,Emmanuel MACRON,False
25759,2022,Emmanuel MACRON,Emmanuel MACRON,True
25760,2022,Emmanuel MACRON,Emmanuel MACRON,True
25761,2022,Marine LE PEN,Marine LE PEN,True
25762,2022,Jean-Luc MÉLENCHON,Emmanuel MACRON,False
25763,2022,Marine LE PEN,Marine LE PEN,True
25764,2022,Jean-Luc MÉLENCHON,François FILLON,False
25765,2022,Emmanuel MACRON,Emmanuel MACRON,True
25766,2022,Jean-Luc MÉLENCHON,François FILLON,False
25767,2022,Jean-Luc MÉLENCHON,Emmanuel MACRON,False
25768,2022,Marine LE PEN,Marine LE PEN,True
25769,2022,Jean-Luc MÉLENCHON,Emmanuel MACRON,False
25770,2022,Jean-Luc MÉLENCHON,Emmanuel MACRON,False
25771,2022,Jean-Luc MÉLENCHON,Emmanuel MACRON,False
25772,2022,Emmanuel MACRON,Emmanuel MACRON,True
25773,2022,Jean-Luc MÉLENCHON,Emmanuel MACRON,False
25774,2022,Jean-Luc MÉLENCHON,Emmanuel MACRON,False
25775,2022,Marine LE PEN,Marine LE PEN,True
25776,2022,Marine LE PEN,Marine LE PEN,True
25777,2022,Marine LE PEN,Marine LE PEN,True
25778,2022,Emmanuel MACRON,Emmanuel MACRON,True
25779,2022,Jean-Luc MÉLENCHON,Emmanuel MACRON,False
25780,2022,Emmanuel MACRON,Jean-Luc MÉLENCHON,False
25781,2022,Emmanuel MACRON,François FILLON,False
25782,2022,Marine LE PEN,Marine LE PEN,True
25783,2022,Emmanuel MACRON,Emmanuel MACRON,True
25784,2022,Emmanuel MACRON,Emmanuel MACRON,True
25785,2022,Emmanuel MACRON,Emmanuel MACRON,True
25786,2022,Emmanuel MACRON,Jean-Luc MÉLENCHON,False
25787,2022,Jean-Luc MÉLENCHON,Emmanuel MACRON,False
25788,2022,Jean-Luc MÉLENCHON,Jean-Luc MÉLENCHON,True
25789,2022,Marine LE PEN,Marine LE PEN,True
25790,2022,Emmanuel MACRON,Emmanuel MACRON,True
25791,2022,Emmanuel MACRON,Emmanuel MACRON,True
25792,2022,Emmanuel MACRON,Emmanuel MACRON,True
25793,2022,Emmanuel MACRON,Emmanuel MACRON,True
25794,2022,Emmanuel MACRON,Emmanuel MACRON,True
25795,2022,Marine LE PEN,Marine LE PEN,True
25796,2022,Emmanuel MACRON,Nicolas DUPONT-AIGNAN,False
25797,2022,Emmanuel MACRON,Emmanuel MACRON,True
25798,2022,Emmanuel MACRON,Emmanuel MACRON,True
25799,2022,Jean-Luc MÉLENCHON,Emmanuel MACRON,False
25800,2022,Marine LE PEN,Marine LE PEN,True
25801,2022,Marine LE PEN,Marine LE PEN,True
25802,2022,Jean LASSALLE,Emmanuel MACRON,False
25803,2022,Emmanuel MACRON,Emmanuel MACRON,True
25804,2022,Emmanuel MACRON,Emmanuel MACRON,True
25805,2022,Emmanuel MACRON,Emmanuel MACRON,True
25806,2022,Jean-Luc MÉLENCHON,Emmanuel MACRON,False
25807,2022,Marine LE PEN,Marine LE PEN,True
25808,2022,Emmanuel MACRON,Emmanuel MACRON,True
25809,2022,Jean-Luc MÉLENCHON,Emmanuel MACRON,False
25810,2022,Emmanuel MACRON,Emmanuel MACRON,True
25811,2022,Emmanuel MACRON,Emmanuel MACRON,True
25812,2022,Marine LE PEN,Marine LE PEN,True
25813,2022,Emmanuel MACRON,François FILLON,False
25814,2022,Emmanuel MACRON,Emmanuel MACRON,True
25815,2022,Jean-Luc MÉLENCHON,Emmanuel MACRON,False
25816,2022,Jean LASSALLE,Emmanuel MACRON,False
25817,2022,Emmanuel MACRON,Emmanuel MACRON,True
25819,2022,Emmanuel MACRON,Jean-Luc MÉLENCHON,False
25820,2022,Emmanuel MACRON,Emmanuel MACRON,True
25821,2022,Jean LASSALLE,Emmanuel MACRON,False
25822,2022,Jean LASSALLE,Emmanuel MACRON,False
25823,2022,Marine LE PEN,Marine LE PEN,True
25824,2022,Emmanuel MACRON,Emmanuel MACRON,True
25825,2022,Marine LE PEN,Marine LE PEN,True
25826,2022,Jean LASSALLE,Emmanuel MACRON,False
25827,2022,Jean-Luc MÉLENCHON,Emmanuel MACRON,False
25828,2022,Marine LE PEN,Marine LE PEN,True
25829,2022,Marine LE PEN,Marine LE PEN,True
25830,2022,Emmanuel MACRON,François FILLON,False
25831,2022,Marine LE PEN,Marine LE PEN,True
25832,2022,Emmanuel MACRON,Emmanuel MACRON,True
25833,2022,Emmanuel MACRON,Emmanuel MACRON,True
25834,2022,Emmanuel MACRON,Emmanuel MACRON,True
25835,2022,Emmanuel MACRON,François FILLON,False
25836,2022,Marine LE PEN,Marine LE PEN,True
25837,2022,Jean LASSALLE,François FILLON,False
25838,2022,Emmanuel MACRON,Emmanuel MACRON,True
25839,2022,Emmanuel MACRON,Jean-Luc MÉLENCHON,False
25840,2022,Jean-Luc MÉLENCHON,Emmanuel MACRON,False
25841,2022,Emmanuel MACRON,Emmanuel MACRON,True
25842,2022,Marine LE PEN,Marine LE PEN,True
25843,2022,Marine LE PEN,Marine LE PEN,True
25844,2022,Emmanuel MACRON,Emmanuel MACRON,True
25845,2022,Emmanuel MACRON,Jean-Luc MÉLENCHON,False
25846,2022,Emmanuel MACRON,François FILLON,False
25847,2022,Emmanuel MACRON,Jean-Luc MÉLENCHON,False
25848,2022,Marine LE PEN,Marine LE PEN,True
25849,2022,Emmanuel MACRON,Emmanuel MACRON,True
25851,2022,Emmanuel MACRON,Emmanuel MACRON,True
25852,2022,Emmanuel MACRON,Emmanuel MACRON,True
25853,2022,Marine LE PEN,Marine LE PEN,True
25854,2022,Marine LE PEN,Marine LE PEN,True
25855,2022,Marine LE PEN,Marine LE PEN,True
25856,2022,Emmanuel MACRON,Emmanuel MACRON,True
25857,2022,Emmanuel MACRON,Emmanuel MACRON,True
25858,2022,Marine LE PEN,Marine LE PEN,True
25859,2022,Emmanuel MACRON,Emmanuel MACRON,True
25860,2022,Jean LASSALLE,Emmanuel MACRON,False
25861,2022,Marine LE PEN,Marine LE PEN,True
25862,2022,Marine LE PEN,Marine LE PEN,True
25863,2022,Jean LASSALLE,Emmanuel MACRON,False
25864,2022,Jean-Luc MÉLENCHON,Emmanuel MACRON,False
25865,2022,Marine LE PEN,Marine LE PEN,True
25866,2022,Emmanuel MACRON,Emmanuel MACRON,True
25867,2022,Emmanuel MACRON,Emmanuel MACRON,True
25869,2022,Jean-Luc MÉLENCHON,Jean-Luc MÉLENCHON,True
25870,2022,Marine LE PEN,Marine LE PEN,True
25871,2022,Jean-Luc MÉLENCHON,Emmanuel MACRON,False
25872,2022,Emmanuel MACRON,François FILLON,False
25873,2022,Emmanuel MACRON,Emmanuel MACRON,True
25874,2022,Marine LE PEN,Marine LE PEN,True
25875,2022,Emmanuel MACRON,Emmanuel MACRON,True
25876,2022,Emmanuel MACRON,Emmanuel MACRON,True
25877,2022,Emmanuel MACRON,Emmanuel MACRON,True
25878,2022,Marine LE PEN,Marine LE PEN,True
25879,2022,Marine LE PEN,Marine LE PEN,True
25880,2022,Emmanuel MACRON,Emmanuel MACRON,True
25881,2022,Marine LE PEN,Marine LE PEN,True
25882,2022,Jean-Luc MÉLENCHON,François FILLON,False
25883,2022,Marine LE PEN,Marine LE PEN,True
25884,2022,Jean LASSALLE,Nicolas DUPONT-AIGNAN,False
25885,2022,Emmanuel MACRON,Emmanuel MACRON,True
25886,2022,Marine LE PEN,Marine LE PEN,True
25887,2022,Marine LE PEN,Marine LE PEN,True
25888,2022,Marine LE PEN,Marine LE PEN,True
25889,2022,Jean-Luc MÉLENCHON,Emmanuel MACRON,False
25890,2022,Jean-Luc MÉLENCHON,Emmanuel MACRON,False
25891,2022,Marine LE PEN,Marine LE PEN,True
25892,2022,Jean-Luc MÉLENCHON,Emmanuel MACRON,False
25893,2022,Jean-Luc MÉLENCHON,Emmanuel MACRON,False
25894,2022,Emmanuel MACRON,Emmanuel MACRON,True
25895,2022,Emmanuel MACRON,Emmanuel MACRON,True
25896,2022,Jean-Luc MÉLENCHON,Emmanuel MACRON,False
25897,2022,Jean LASSALLE,Emmanuel MACRON,False
25898,2022,Jean-Luc MÉLENCHON,Emmanuel MACRON,False
25899,2022,Jean-Luc MÉLENCHON,Emmanuel MACRON,False
25900,2022,Jean-Luc MÉLENCHON,Emmanuel MACRON,False
25901,2022,Marine LE PEN,Marine LE PEN,True
25902,2022,Marine LE PEN,Marine LE PEN,True
25903,2022,Emmanuel MACRON,Emmanuel MACRON,True
25904,2022,Emmanuel MACRON,Jean-Luc MÉLENCHON,False
25905,2022,Emmanuel MACRON,François FILLON,False
25906,2022,Jean-Luc MÉLENCHON,François FILLON,False
25907,2022,Emmanuel MACRON,François FILLON,False
25908,2022,Emmanuel MACRON,Emmanuel MACRON,True
25909,2022,Jean-Luc MÉLENCHON,François FILLON,False
25910,2022,Emmanuel MACRON,Emmanuel MACRON,True
25911,2022,Marine LE PEN,Marine LE PEN,True
25912,2022,Emmanuel MACRON,Emmanuel MACRON,True
25913,2022,Jean LASSALLE,Emmanuel MACRON,False
25914,2022,Marine LE PEN,Marine LE PEN,True
25915,2022,Jean-Luc MÉLENCHON,Emmanuel MACRON,False
25916,2022,Emmanuel MACRON,Emmanuel MACRON,True
25917,2022,Marine LE PEN,Marine LE PEN,True
25918,2022,Jean LASSALLE,Emmanuel MACRON,False
25919,2022,Emmanuel MACRON,Emmanuel MACRON,True
25920,2022,Jean LASSALLE,Emmanuel MACRON,False
25921,2022,Emmanuel MACRON,Emmanuel MACRON,True
25922,2022,Marine LE PEN,Marine LE PEN,True
25923,2022,Emmanuel MACRON,Emmanuel MACRON,True
25924,2022,Emmanuel MACRON,Emmanuel MACRON,True
25925,2022,Emmanuel MACRON,Emmanuel MACRON,True
25926,2022,Emmanuel MACRON,Emmanuel MACRON,True
25927,2022,Emmanuel MACRON,Emmanuel MACRON,True
25928,2022,Jean-Luc MÉLENCHON,Emmanuel MACRON,False
25929,2022,Jean-Luc MÉLENCHON,François FILLON,False
25930,2022,Jean LASSALLE,Emmanuel MACRON,False
25931,2022,Jean-Luc MÉLENCHON,François FILLON,False
25932,2022,Emmanuel MACRON,Emmanuel MACRON,True
25933,2022,Emmanuel MACRON,Emmanuel MACRON,True
25934,2022,Emmanuel MACRON,Emmanuel MACRON,True
25935,2022,Emmanuel MACRON,Emmanuel MACRON,True
25936,2022,Jean-Luc MÉLENCHON,François FILLON,False
25937,2022,Jean-Luc MÉLENCHON,Emmanuel MACRON,False
25938,2022,Jean-Luc MÉLENCHON,Emmanuel MACRON,False
25939,2022,Emmanuel MACRON,Emmanuel MACRON,True
25940,2022,Emmanuel MACRON,François FILLON,False
25941,2022,Marine LE PEN,Marine LE PEN,True
25942,2022,Jean-Luc MÉLENCHON,Emmanuel MACRON,False
25943,2022,Marine LE PEN,Marine LE PEN,True
25944,2022,Jean-Luc MÉLENCHON,Emmanuel MACRON,False
25945,2022,Marine LE PEN,Marine LE PEN,True
25946,2022,Marine LE PEN,Marine LE PEN,True
25947,2022,Emmanuel MACRON,Emmanuel MACRON,True
25948,2022,Jean-Luc MÉLENCHON,Emmanuel MACRON,False
25949,2022,Emmanuel MACRON,Emmanuel MACRON,True
25950,2022,Marine LE PEN,Marine LE PEN,True
25951,2022,Marine LE PEN,Marine LE PEN,True
25952,2022,Emmanuel MACRON,Emmanuel MACRON,True
25953,2022,Jean LASSALLE,Emmanuel MACRON,False
25954,2022,Marine LE PEN,Marine LE PEN,True
25955,2022,Emmanuel MACRON,Emmanuel MACRON,True
25956,2022,Emmanuel MACRON,Emmanuel MACRON,True
25957,2022,Marine LE PEN,Marine LE PEN,True
25958,2022,Marine LE PEN,Marine LE PEN,True
25959,2022,Jean-Luc MÉLENCHON,Jean-Luc MÉLENCHON,True
25960,2022,Emmanuel MACRON,Emmanuel MACRON,True
25961,2022,Emmanuel MACRON,Emmanuel MACRON,True
25962,2022,Emmanuel MACRON,Emmanuel MACRON,True
25963,2022,Emmanuel MACRON,Emmanuel MACRON,True
25964,2022,Jean-Luc MÉLENCHON,Emmanuel MACRON,False
25965,2022,Marine LE PEN,Marine LE PEN,True
25966,2022,Marine LE PEN,Marine LE PEN,True
25967,2022,Emmanuel MACRON,Jean-Luc MÉLENCHON,False
25968,2022,Marine LE PEN,Marine LE PEN,True
25969,2022,Marine LE PEN,Marine LE PEN,True
25970,2022,Marine LE PEN,Marine LE PEN,True
25971,2022,Emmanuel MACRON,Emmanuel MACRON,True
25972,2022,Emmanuel MACRON,Emmanuel MACRON,True
25973,2022,Jean LASSALLE,François FILLON,False
25974,2022,Emmanuel MACRON,Emmanuel MACRON,True
25975,2022,Emmanuel MACRON,Emmanuel MACRON,True
25976,2022,Marine LE PEN,Marine LE PEN,True
25977,2022,Emmanuel MACRON,Emmanuel MACRON,True
25978,2022,Marine LE PEN,Marine LE PEN,True
25979,2022,Emmanuel MACRON,François FILLON,False
25980,2022,Jean-Luc MÉLENCHON,Emmanuel MACRON,False
25981,2022,Emmanuel MACRON,Emmanuel MACRON,True
25982,2022,Marine LE PEN,Marine LE PEN,True
25983,2022,Emmanuel MACRON,Emmanuel MACRON,True
25984,2022,Emmanuel MACRON,Emmanuel MACRON,True
25985,2022,Jean-Luc MÉLENCHON,Emmanuel MACRON,False
25986,2022,Marine LE PEN,Marine LE PEN,True
25987,2022,Marine LE PEN,Marine LE PEN,True
25988,2022,Marine LE PEN,Marine LE PEN,True
25989,2022,Emmanuel MACRON,Emmanuel MACRON,True
25990,2022,Marine LE PEN,Marine LE PEN,True
25991,2022,Emmanuel MACRON,Emmanuel MACRON,True
25992,2022,Emmanuel MACRON,Emmanuel MACRON,True
25993,2022,Marine LE PEN,Marine LE PEN,True
25994,2022,Emmanuel MACRON,Emmanuel MACRON,True
25995,2022,Emmanuel MACRON,Jean-Luc MÉLENCHON,False
25996,2022,Jean LASSALLE,François FILLON,False
25997,2022,Marine LE PEN,Marine LE PEN,True
25998,2022,Marine LE PEN,Marine LE PEN,True
25999,2022,Jean-Luc MÉLENCHON,Emmanuel MACRON,False
26000,2022,Emmanuel MACRON,Emmanuel MACRON,True
26001,2022,Jean-Luc MÉLENCHON,François FILLON,False
26002,2022,Emmanuel MACRON,François FILLON,False
26003,2022,Jean-Luc MÉLENCHON,Emmanuel MACRON,False
26004,2022,Marine LE PEN,Marine LE PEN,True
26005,2022,Emmanuel MACRON,Emmanuel MACRON,True
26006,2022,Emmanuel MACRON,Emmanuel MACRON,True
26007,2022,Jean-Luc MÉLENCHON,Jean-Luc MÉLENCHON,True
26008,2022,Emmanuel MACRON,Emmanuel MACRON,True
26009,2022,Marine LE PEN,Marine LE PEN,True
26010,2022,Emmanuel MACRON,Emmanuel MACRON,True
26011,2022,Marine LE PEN,Marine LE PEN,True
26012,2022,Emmanuel MACRON,Emmanuel MACRON,True
26013,2022,Marine LE PEN,Marine LE PEN,True
26014,2022,Emmanuel MACRON,Emmanuel MACRON,True
26015,2022,Emmanuel MACRON,Emmanuel MACRON,True
26016,2022,Marine LE PEN,Marine LE PEN,True
26017,2022,Marine LE PEN,Marine LE PEN,True
26018,2022,Emmanuel MACRON,Emmanuel MACRON,True
26019,2022,Jean-Luc MÉLENCHON,Emmanuel MACRON,False
26020,2022,Emmanuel MACRON,Emmanuel MACRON,True
26021,2022,Marine LE PEN,Marine LE PEN,True
26022,2022,Marine LE PEN,Marine LE PEN,True
26023,2022,Marine LE PEN,Marine LE PEN,True
26024,2022,Jean-Luc MÉLENCHON,Emmanuel MACRON,False
26025,2022,Marine LE PEN,Marine LE PEN,True
26026,2022,Emmanuel MACRON,Emmanuel MACRON,True
26027,2022,Emmanuel MACRON,Emmanuel MACRON,True
26028,2022,Emmanuel MACRON,Emmanuel MACRON,True
26029,2022,Emmanuel MACRON,Emmanuel MACRON,True
26030,2022,Jean-Luc MÉLENCHON,Emmanuel MACRON,False
26031,2022,Emmanuel MACRON,Emmanuel MACRON,True
26032,2022,Jean LASSALLE,Emmanuel MACRON,False
26033,2022,Jean-Luc MÉLENCHON,Emmanuel MACRON,False
26034,2022,Emmanuel MACRON,François FILLON,False
26035,2022,Emmanuel MACRON,Emmanuel MACRON,True
26036,2022,Marine LE PEN,Marine LE PEN,True
26037,2022,Marine LE PEN,Marine LE PEN,True
26038,2022,Jean-Luc MÉLENCHON,François FILLON,False
26039,2022,Jean-Luc MÉLENCHON,Emmanuel MACRON,False
26040,2022,Emmanuel MACRON,Emmanuel MACRON,True
26041,2022,Jean-Luc MÉLENCHON,Emmanuel MACRON,False
26042,2022,Emmanuel MACRON,Emmanuel MACRON,True
26043,2022,Emmanuel MACRON,François FILLON,False
26044,2022,Marine LE PEN,Marine LE PEN,True
26045,2022,Emmanuel MACRON,Jean-Luc MÉLENCHON,False
26046,2022,Jean-Luc MÉLENCHON,Emmanuel MACRON,False
26047,2022,Emmanuel MACRON,Emmanuel MACRON,True
26048,2022,Emmanuel MACRON,Emmanuel MACRON,True
26049,2022,Marine LE PEN,Marine LE PEN,True
26050,2022,Jean-Luc MÉLENCHON,Jean-Luc MÉLENCHON,True
26051,2022,Jean LASSALLE,Emmanuel MACRON,False
26052,2022,Emmanuel MACRON,Emmanuel MACRON,True
26053,2022,Emmanuel MACRON,Emmanuel MACRON,True
26054,2022,Emmanuel MACRON,Emmanuel MACRON,True
26055,2022,Emmanuel MACRON,Emmanuel MACRON,True
26056,2022,Emmanuel MACRON,Emmanuel MACRON,True
26057,2022,Emmanuel MACRON,Emmanuel MACRON,True
26058,2022,Jean LASSALLE,Emmanuel MACRON,False
26059,2022,Jean LASSALLE,Jean-Luc MÉLENCHON,False
26060,2022,Jean-Luc MÉLENCHON,Emmanuel MACRON,False
26061,2022,Emmanuel MACRON,Emmanuel MACRON,True
26062,2022,Marine LE PEN,Marine LE PEN,True
26063,2022,Emmanuel MACRON,François FILLON,False
26064,2022,Marine LE PEN,Marine LE PEN,True
26065,2022,Emmanuel MACRON,Emmanuel MACRON,True
26066,2022,Marine LE PEN,Marine LE PEN,True
26067,2022,Marine LE PEN,Marine LE PEN,True
26068,2022,Emmanuel MACRON,Emmanuel MACRON,True
26069,2022,Jean-Luc MÉLENCHON,Emmanuel MACRON,False
26070,2022,Jean LASSALLE,Emmanuel MACRON,False
26071,2022,Jean-Luc MÉLENCHON,Jean LASSALLE,False
26072,2022,Emmanuel MACRON,Emmanuel MACRON,True
26073,2022,Jean-Luc MÉLENCHON,Emmanuel MACRON,False
26074,2022,Emmanuel MACRON,Emmanuel MACRON,True
26075,2022,Emmanuel MACRON,Emmanuel MACRON,True
26076,2022,Jean-Luc MÉLENCHON,François FILLON,False
26077,2022,Jean LASSALLE,Emmanuel MACRON,False
26078,2022,Marine LE PEN,Marine LE PEN,True
26079,2022,Jean-Luc MÉLENCHON,Emmanuel MACRON,False
26080,2022,Jean-Luc MÉLENCHON,Jean-Luc MÉLENCHON,True
26081,2022,Emmanuel MACRON,François FILLON,False
26082,2022,Emmanuel MACRON,Emmanuel MACRON,True
26083,2022,Marine LE PEN,Marine LE PEN,True
26084,2022,Jean-Luc MÉLENCHON,Emmanuel MACRON,False
26085,2022,Jean-Luc MÉLENCHON,Emmanuel MACRON,False
26086,2022,Marine LE PEN,Marine LE PEN,True
26087,2022,Marine LE PEN,Marine LE PEN,True
26088,2022,Jean LASSALLE,Emmanuel MACRON,False
26089,2022,Jean LASSALLE,Emmanuel MACRON,False
26090,2022,Marine LE PEN,Marine LE PEN,True
26091,2022,Emmanuel MACRON,Emmanuel MACRON,True
26092,2022,Emmanuel MACRON,Emmanuel MACRON,True
26093,2022,Marine LE PEN,Marine LE PEN,True
26094,2022,Emmanuel MACRON,Emmanuel MACRON,True
26095,2022,Marine LE PEN,Marine LE PEN,True
26096,2022,Marine LE PEN,Marine LE PEN,True
26097,2022,Marine LE PEN,Marine LE PEN,True
26098,2022,Marine LE PEN,Marine LE PEN,True
26099,2022,Jean-Luc MÉLENCHON,Jean-Luc MÉLENCHON,True
26100,2022,Marine LE PEN,Marine LE PEN,True
26101,2022,Marine LE PEN,Marine LE PEN,True
26102,2022,Emmanuel MACRON,Jean-Luc MÉLENCHON,False
26103,2022,Jean-Luc MÉLENCHON,François FILLON,False
26104,2022,Emmanuel MACRON,Emmanuel MACRON,True
26105,2022,Emmanuel MACRON,François FILLON,False
26106,2022,Emmanuel MACRON,Emmanuel MACRON,True
26107,2022,Marine LE PEN,Marine LE PEN,True
26108,2022,Marine LE PEN,Marine LE PEN,True
26109,2022,Emmanuel MACRON,Emmanuel MACRON,True
26110,2022,Jean-Luc MÉLENCHON,François FILLON,False
26111,2022,Emmanuel MACRON,Emmanuel MACRON,True
26112,2022,Jean-Luc MÉLENCHON,Emmanuel MACRON,False
26113,2022,Marine LE PEN,Marine LE PEN,True
26114,2022,Jean-Luc MÉLENCHON,Jean-Luc MÉLENCHON,True
26115,2022,Marine LE PEN,Marine LE PEN,True
26116,2022,Emmanuel MACRON,François FILLON,False
26117,2022,Emmanuel MACRON,Emmanuel MACRON,True
26118,2022,Emmanuel MACRON,Emmanuel MACRON,True
26119,2022,Marine LE PEN,Marine LE PEN,True
26120,2022,Jean LASSALLE,Emmanuel MACRON,False
26121,2022,Emmanuel MACRON,Emmanuel MACRON,True
26122,2022,Marine LE PEN,Marine LE PEN,True
26123,2022,Marine LE PEN,Marine LE PEN,True
26124,2022,Emmanuel MACRON,Emmanuel MACRON,True
26125,2022,Marine LE PEN,Marine LE PEN,True
26126,2022,Jean-Luc MÉLENCHON,Emmanuel MACRON,False
26127,2022,Marine LE PEN,Marine LE PEN,True
26128,2022,Marine LE PEN,Marine LE PEN,True
26129,2022,Emmanuel MACRON,Emmanuel MACRON,True
26130,2022,Marine LE PEN,Marine LE PEN,True
26131,2022,Marine LE PEN,Marine LE PEN,True
26132,2022,Jean-Luc MÉLENCHON,Emmanuel MACRON,False
26133,2022,Marine LE PEN,Marine LE PEN,True
26134,2022,Jean LASSALLE,Emmanuel MACRON,False
26135,2022,Emmanuel MACRON,François FILLON,False
26136,2022,Emmanuel MACRON,Emmanuel MACRON,True
26137,2022,Jean-Luc MÉLENCHON,François FILLON,False
26138,2022,Emmanuel MACRON,Emmanuel MACRON,True
26139,2022,Marine LE PEN,Marine LE PEN,True
26140,2022,Emmanuel MACRON,Emmanuel MACRON,True
26141,2022,Jean-Luc MÉLENCHON,Emmanuel MACRON,False
26142,2022,Marine LE PEN,Marine LE PEN,True
26143,2022,Emmanuel MACRON,Emmanuel MACRON,True
26144,2022,Emmanuel MACRON,Emmanuel MACRON,True
26145,2022,Emmanuel MACRON,Emmanuel MACRON,True
26146,2022,Emmanuel MACRON,Emmanuel MACRON,True
26147,2022,Emmanuel MACRON,Emmanuel MACRON,True
26148,2022,Marine LE PEN,Marine LE PEN,True
26149,2022,Emmanuel MACRON,François FILLON,False
26150,2022,Emmanuel MACRON,Emmanuel MACRON,True
26151,2022,Emmanuel MACRON,François FILLON,False
26152,2022,Emmanuel MACRON,Emmanuel MACRON,True
26153,2022,Marine LE PEN,Marine LE PEN,True
26154,2022,Marine LE PEN,Marine LE PEN,True
26155,2022,Jean-Luc MÉLENCHON,Emmanuel MACRON,False
26156,2022,Marine LE PEN,Marine LE PEN,True
26157,2022,Emmanuel MACRON,Emmanuel MACRON,True
26158,2022,Marine LE PEN,Marine LE PEN,True
26159,2022,Emmanuel MACRON,Emmanuel MACRON,True
26160,2022,Emmanuel MACRON,Emmanuel MACRON,True
26161,2022,Marine LE PEN,Marine LE PEN,True
26162,2022,Jean-Luc MÉLENCHON,Emmanuel MACRON,False
26163,2022,Emmanuel MACRON,Emmanuel MACRON,True
26164,2022,Marine LE PEN,Marine LE PEN,True
26165,2022,Emmanuel MACRON,Emmanuel MACRON,True
26166,2022,Marine LE PEN,Marine LE PEN,True
26167,2022,Emmanuel MACRON,Emmanuel MACRON,True
26168,2022,Emmanuel MACRON,François FILLON,False
26169,2022,Emmanuel MACRON,Emmanuel MACRON,True
26170,2022,Marine LE PEN,Marine LE PEN,True
26171,2022,Jean-Luc MÉLENCHON,Emmanuel MACRON,False
26172,2022,Emmanuel MACRON,Emmanuel MACRON,True
26173,2022,Emmanuel MACRON,François FILLON,False
26174,2022,Emmanuel MACRON,Emmanuel MACRON,True
26175,2022,Marine LE PEN,Marine LE PEN,True
26176,2022,Marine LE PEN,Marine LE PEN,True
26177,2022,Emmanuel MACRON,François FILLON,False
26178,2022,Jean-Luc MÉLENCHON,Emmanuel MACRON,False
26179,2022,Emmanuel MACRON,François FILLON,False
26180,2022,Marine LE PEN,Marine LE PEN,True
26181,2022,Marine LE PEN,Marine LE PEN,True
26182,2022,Emmanuel MACRON,Emmanuel MACRON,True
26183,2022,Jean LASSALLE,Emmanuel MACRON,False
26184,2022,Emmanuel MACRON,Emmanuel MACRON,True
26185,2022,Emmanuel MACRON,Emmanuel MACRON,True
26186,2022,Emmanuel MACRON,François FILLON,False
26187,2022,Jean-Luc MÉLENCHON,Emmanuel MACRON,False
26188,2022,Marine LE PEN,Marine LE PEN,True
26189,2022,Jean-Luc MÉLENCHON,Emmanuel MACRON,False
26190,2022,Emmanuel MACRON,Emmanuel MACRON,True
26191,2022,Emmanuel MACRON,Emmanuel MACRON,True
26192,2022,Emmanuel MACRON,Jean-Luc MÉLENCHON,False
26193,2022,Emmanuel MACRON,Emmanuel MACRON,True
26194,2022,Marine LE PEN,Marine LE PEN,True
26195,2022,Marine LE PEN,Marine LE PEN,True
26196,2022,Marine LE PEN,Marine LE PEN,True
26197,2022,Jean-Luc MÉLENCHON,Jean-Luc MÉLENCHON,True
26198,2022,Emmanuel MACRON,Emmanuel MACRON,True
26199,2022,Jean-Luc MÉLENCHON,Emmanuel MACRON,False
26200,2022,Emmanuel MACRON,Emmanuel MACRON,True
26201,2022,Emmanuel MACRON,Emmanuel MACRON,True
26202,2022,Jean-Luc MÉLENCHON,François FILLON,False
26203,2022,Marine LE PEN,Marine LE PEN,True
26204,2022,Marine LE PEN,Marine LE PEN,True
26205,2022,Emmanuel MACRON,Jean-Luc MÉLENCHON,False
26206,2022,Jean-Luc MÉLENCHON,Jean-Luc MÉLENCHON,True
26207,2022,Marine LE PEN,Marine LE PEN,True
26208,2022,Jean-Luc MÉLENCHON,Emmanuel MACRON,False
26209,2022,Marine LE PEN,Marine LE PEN,True
26210,2022,Marine LE PEN,Marine LE PEN,True
26211,2022,Marine LE PEN,Marine LE PEN,True
26212,2022,Marine LE PEN,Marine LE PEN,True
26213,2022,Marine LE PEN,Marine LE PEN,True
26214,2022,Jean-Luc MÉLENCHON,Emmanuel MACRON,False
26215,2022,Marine LE PEN,Marine LE PEN,True
26216,2022,Marine LE PEN,Marine LE PEN,True
26217,2022,Emmanuel MACRON,Jean-Luc MÉLENCHON,False
26218,2022,Marine LE PEN,Marine LE PEN,True
26219,2022,Marine LE PEN,Marine LE PEN,True
26220,2022,Marine LE PEN,Marine LE PEN,True
26221,2022,Emmanuel MACRON,Jean-Luc MÉLENCHON,False
26222,2022,Marine LE PEN,Marine LE PEN,True
26223,2022,Emmanuel MACRON,François FILLON,False
26224,2022,Marine LE PEN,Marine LE PEN,True
26225,2022,Marine LE PEN,Marine LE PEN,True
26226,2022,Marine LE PEN,Marine LE PEN,True
26227,2022,Marine LE PEN,Marine LE PEN,True
26228,2022,Marine LE PEN,Marine LE PEN,True
26229,2022,Marine LE PEN,Marine LE PEN,True
26230,2022,Marine LE PEN,Marine LE PEN,True
26231,2022,Jean-Luc MÉLENCHON,Emmanuel MACRON,False
26232,2022,Jean-Luc MÉLENCHON,Emmanuel MACRON,False
26233,2022,Marine LE PEN,Marine LE PEN,True
26234,2022,Jean-Luc MÉLENCHON,François FILLON,False
26235,2022,Jean-Luc MÉLENCHON,François FILLON,False
26236,2022,Jean-Luc MÉLENCHON,Emmanuel MACRON,False
26237,2022,Marine LE PEN,Marine LE PEN,True
26238,2022,Marine LE PEN,Marine LE PEN,True
26239,2022,Marine LE PEN,Marine LE PEN,True
26240,2022,Jean-Luc MÉLENCHON,Jean-Luc MÉLENCHON,True
26241,2022,Marine LE PEN,Marine LE PEN,True
26242,2022,Marine LE PEN,Marine LE PEN,True
26243,2022,Jean-Luc MÉLENCHON,François FILLON,False
26244,2022,Marine LE PEN,Marine LE PEN,True
26245,2022,Marine LE PEN,Marine LE PEN,True
26246,2022,Marine LE PEN,Marine LE PEN,True
26247,2022,Marine LE PEN,Marine LE PEN,True
26248,2022,Marine LE PEN,Marine LE PEN,True
26249,2022,Jean-Luc MÉLENCHON,Jean-Luc MÉLENCHON,True
26250,2022,Marine LE PEN,Marine LE PEN,True
26251,2022,Jean-Luc MÉLENCHON,Emmanuel MACRON,False
26252,2022,Marine LE PEN,Marine LE PEN,True
26253,2022,Emmanuel MACRON,Jean-Luc MÉLENCHON,False
26254,2022,Jean-Luc MÉLENCHON,Jean-Luc MÉLENCHON,True
26255,2022,Marine LE PEN,Marine LE PEN,True
26256,2022,Marine LE PEN,Marine LE PEN,True
26257,2022,Marine LE PEN,Marine LE PEN,True
26258,2022,Marine LE PEN,Marine LE PEN,True
26259,2022,Marine LE PEN,Marine LE PEN,True
26260,2022,Jean-Luc MÉLENCHON,Jean-Luc MÉLENCHON,True
26261,2022,Marine LE PEN,Marine LE PEN,True
26262,2022,Jean-Luc MÉLENCHON,Emmanuel MACRON,False
26263,2022,Marine LE PEN,Marine LE PEN,True
26264,2022,Jean-Luc MÉLENCHON,Jean-Luc MÉLENCHON,True
26265,2022,Marine LE PEN,Marine LE PEN,True
26266,2022,Jean-Luc MÉLENCHON,Jean-Luc MÉLENCHON,True
26267,2022,Emmanuel MACRON,Jean-Luc MÉLENCHON,False
26268,2022,Jean-Luc MÉLENCHON,Emmanuel MACRON,False
26269,2022,Marine LE PEN,Marine LE PEN,True
26270,2022,Marine LE PEN,Marine LE PEN,True
26271,2022,Marine LE PEN,Marine LE PEN,True
26272,2022,Emmanuel MACRON,Jean-Luc MÉLENCHON,False
26273,2022,Marine LE PEN,Marine LE PEN,True
26274,2022,Jean-Luc MÉLENCHON,Jean-Luc MÉLENCHON,True
26275,2022,Jean-Luc MÉLENCHON,Emmanuel MACRON,False
26276,2022,Jean-Luc MÉLENCHON,François FILLON,False
26277,2022,Marine LE PEN,Marine LE PEN,True
26278,2022,Jean-Luc MÉLENCHON,Emmanuel MACRON,False
26279,2022,Marine LE PEN,Marine LE PEN,True
26280,2022,Jean-Luc MÉLENCHON,Emmanuel MACRON,False
26281,2022,Marine LE PEN,Marine LE PEN,True
26282,2022,Jean-Luc MÉLENCHON,Jean-Luc MÉLENCHON,True
26283,2022,Jean-Luc MÉLENCHON,François FILLON,False
26284,2022,Marine LE PEN,Marine LE PEN,True
26285,2022,Marine LE PEN,Marine LE PEN,True
26286,2022,Jean-Luc MÉLENCHON,François FILLON,False
26287,2022,Marine LE PEN,Marine LE PEN,True
26288,2022,Marine LE PEN,Marine LE PEN,True
26289,2022,Jean-Luc MÉLENCHON,François FILLON,False
26290,2022,Jean-Luc MÉLENCHON,François FILLON,False
26291,2022,Marine LE PEN,Marine LE PEN,True
26292,2022,Marine LE PEN,Marine LE PEN,True
26293,2022,Marine LE PEN,Marine LE PEN,True
26294,2022,Jean-Luc MÉLENCHON,Jean-Luc MÉLENCHON,True
26295,2022,Marine LE PEN,Marine LE PEN,True
26296,2022,Marine LE PEN,Marine LE PEN,True
26297,2022,Marine LE PEN,Marine LE PEN,True
26298,2022,Marine LE PEN,Marine LE PEN,True
26299,2022,Jean-Luc MÉLENCHON,Jean-Luc MÉLENCHON,True
26300,2022,Marine LE PEN,Marine LE PEN,True
26301,2022,Jean-Luc MÉLENCHON,François FILLON,False
26302,2022,Marine LE PEN,Marine LE PEN,True
26303,2022,Jean-Luc MÉLENCHON,Jean-Luc MÉLENCHON,True
26304,2022,Jean-Luc MÉLENCHON,Jean-Luc MÉLENCHON,True
26305,2022,Marine LE PEN,Marine LE PEN,True
26306,2022,Marine LE PEN,Marine LE PEN,True
26307,2022,Marine LE PEN,Marine LE PEN,True
26308,2022,Jean-Luc MÉLENCHON,Emmanuel MACRON,False
26309,2022,Jean-Luc MÉLENCHON,Emmanuel MACRON,False
26310,2022,Marine LE PEN,Marine LE PEN,True
26311,2022,Emmanuel MACRON,Jean-Luc MÉLENCHON,False
26312,2022,Marine LE PEN,Marine LE PEN,True
26313,2022,Marine LE PEN,Marine LE PEN,True
26314,2022,Jean-Luc MÉLENCHON,Jean-Luc MÉLENCHON,True
26315,2022,Emmanuel MACRON,Jean-Luc MÉLENCHON,False
26316,2022,Marine LE PEN,Marine LE PEN,True
26317,2022,Jean-Luc MÉLENCHON,Jean-Luc MÉLENCHON,True
26318,2022,Jean-Luc MÉLENCHON,François FILLON,False
26319,2022,Marine LE PEN,Marine LE PEN,True
26320,2022,Jean-Luc MÉLENCHON,Jean-Luc MÉLENCHON,True
26321,2022,Jean-Luc MÉLENCHON,Jean-Luc MÉLENCHON,True
26322,2022,Emmanuel MACRON,Jean-Luc MÉLENCHON,False
26323,2022,Marine LE PEN,Marine LE PEN,True
26324,2022,Jean-Luc MÉLENCHON,Jean-Luc MÉLENCHON,True
26325,2022,Marine LE PEN,Marine LE PEN,True
26326,2022,Marine LE PEN,Marine LE PEN,True
26327,2022,Marine LE PEN,Marine LE PEN,True
26328,2022,Emmanuel MACRON,Jean-Luc MÉLENCHON,False
26329,2022,Marine LE PEN,Marine LE PEN,True
26330,2022,Marine LE PEN,Marine LE PEN,True
26331,2022,Marine LE PEN,Marine LE PEN,True
26332,2022,Marine LE PEN,Marine LE PEN,True
26333,2022,Marine LE PEN,Marine LE PEN,True
26334,2022,Marine LE PEN,Marine LE PEN,True
26335,2022,Marine LE PEN,Marine LE PEN,True
26336,2022,Marine LE PEN,Marine LE PEN,True
26337,2022,Marine LE PEN,Marine LE PEN,True
26338,2022,Emmanuel MACRON,François FILLON,False
26339,2022,Jean-Luc MÉLENCHON,François FILLON,False
26340,2022,Marine LE PEN,Marine LE PEN,True
26341,2022,Marine LE PEN,Marine LE PEN,True
26342,2022,Marine LE PEN,Marine LE PEN,True
26343,2022,Emmanuel MACRON,Jean-Luc MÉLENCHON,False
26344,2022,Marine LE PEN,Marine LE PEN,True
26345,2022,Jean-Luc MÉLENCHON,Jean-Luc MÉLENCHON,True
26346,2022,Emmanuel MACRON,Jean-Luc MÉLENCHON,False
26347,2022,Emmanuel MACRON,François FILLON,False
26348,2022,Jean-Luc MÉLENCHON,François FILLON,False
26349,2022,Emmanuel MACRON,François FILLON,False
26350,2022,Marine LE PEN,Marine LE PEN,True
26351,2022,Jean-Luc MÉLENCHON,Jean-Luc MÉLENCHON,True
26352,2022,Jean-Luc MÉLENCHON,Emmanuel MACRON,False
26353,2022,Emmanuel MACRON,François FILLON,False
26354,2022,Jean-Luc MÉLENCHON,Emmanuel MACRON,False
26355,2022,Marine LE PEN,Marine LE PEN,True
26356,2022,Marine LE PEN,Marine LE PEN,True
26357,2022,Marine LE PEN,Marine LE PEN,True
26358,2022,Marine LE PEN,Marine LE PEN,True
26359,2022,Marine LE PEN,Marine LE PEN,True
26360,2022,Marine LE PEN,Marine LE PEN,True
26361,2022,Marine LE PEN,Marine LE PEN,True
26362,2022,Marine LE PEN,Marine LE PEN,True
26363,2022,Marine LE PEN,Marine LE PEN,True
26364,2022,Marine LE PEN,Marine LE PEN,True
26365,2022,Emmanuel MACRON,Emmanuel MACRON,True
26366,2022,Marine LE PEN,Marine LE PEN,True
26367,2022,Marine LE PEN,Marine LE PEN,True
26368,2022,Marine LE PEN,Marine LE PEN,True
26369,2022,Marine LE PEN,Marine LE PEN,True
26370,2022,Marine LE PEN,Marine LE PEN,True
26371,2022,Marine LE PEN,Marine LE PEN,True
26372,2022,Marine LE PEN,Marine LE PEN,True
26373,2022,Marine LE PEN,Marine LE PEN,True
26374,2022,Emmanuel MACRON,Jean-Luc MÉLENCHON,False
26375,2022,Marine LE PEN,Marine LE PEN,True
26376,2022,Emmanuel MACRON,François FILLON,False
26377,2022,Marine LE PEN,Marine LE PEN,True
26378,2022,Emmanuel MACRON,François FILLON,False
26379,2022,Emmanuel MACRON,Emmanuel MACRON,True
26380,2022,Marine LE PEN,Marine LE PEN,True
26381,2022,Marine LE PEN,Marine LE PEN,True
26382,2022,Marine LE PEN,Marine LE PEN,True
26383,2022,Marine LE PEN,Marine LE PEN,True
26384,2022,Marine LE PEN,Marine LE PEN,True
26385,2022,Marine LE PEN,Marine LE PEN,True
26386,2022,Jean-Luc MÉLENCHON,François FILLON,False
26387,2022,Marine LE PEN,Marine LE PEN,True
26388,2022,Jean-Luc MÉLENCHON,François FILLON,False
26389,2022,Emmanuel MACRON,François FILLON,False
26390,2022,Marine LE PEN,Marine LE PEN,True
26391,2022,Marine LE PEN,Marine LE PEN,True
26392,2022,Jean LASSALLE,François FILLON,False
26393,2022,Marine LE PEN,Marine LE PEN,True
26394,2022,Jean-Luc MÉLENCHON,François FILLON,False
26395,2022,Emmanuel MACRON,François FILLON,False
26396,2022,Emmanuel MACRON,François FILLON,False
26397,2022,Marine LE PEN,Marine LE PEN,True
26398,2022,Jean-Luc MÉLENCHON,Jean-Luc MÉLENCHON,True
26399,2022,Marine LE PEN,Marine LE PEN,True
26400,2022,Marine LE PEN,Marine LE PEN,True
26401,2022,Marine LE PEN,Marine LE PEN,True
26402,2022,Marine LE PEN,Marine LE PEN,True
26403,2022,Jean-Luc MÉLENCHON,François FILLON,False
26404,2022,Marine LE PEN,Marine LE PEN,True
26405,2022,Jean-Luc MÉLENCHON,François FILLON,False
26406,2022,Marine LE PEN,Marine LE PEN,True
26407,2022,Marine LE PEN,Marine LE PEN,True
26408,2022,Marine LE PEN,Marine LE PEN,True
26409,2022,Marine LE PEN,Marine LE PEN,True
26410,2022,Marine LE PEN,Marine LE PEN,True
26411,2022,Marine LE PEN,Marine LE PEN,True
26412,2022,Emmanuel MACRON,Jean-Luc MÉLENCHON,False
26413,2022,Marine LE PEN,Marine LE PEN,True
26416,2022,Jean-Luc MÉLENCHON,Emmanuel MACRON,False
26417,2022,Marine LE PEN,Marine LE PEN,True
26418,2022,Marine LE PEN,Marine LE PEN,True
26419,2022,Marine LE PEN,Marine LE PEN,True
26420,2022,Marine LE PEN,Marine LE PEN,True
26421,2022,Marine LE PEN,Marine LE PEN,True
26422,2022,Marine LE PEN,Marine LE PEN,True
26423,2022,Marine LE PEN,Marine LE PEN,True
26424,2022,Jean-Luc MÉLENCHON,Jean-Luc MÉLENCHON,True
26425,2022,Marine LE PEN,Marine LE PEN,True
26426,2022,Marine LE PEN,Marine LE PEN,True
26427,2022,Emmanuel MACRON,Emmanuel MACRON,True
26428,2022,Emmanuel MACRON,François FILLON,False
26429,2022,Marine LE PEN,Marine LE PEN,True
26430,2022,Emmanuel MACRON,François FILLON,False
26431,2022,Marine LE PEN,Marine LE PEN,True
26432,2022,Emmanuel MACRON,François FILLON,False
26433,2022,Marine LE PEN,Marine LE PEN,True
26434,2022,Emmanuel MACRON,François FILLON,False
26435,2022,Marine LE PEN,Marine LE PEN,True
26436,2022,Marine LE PEN,Marine LE PEN,True
26437,2022,Marine LE PEN,Marine LE PEN,True
26438,2022,Emmanuel MACRON,François FILLON,False
26439,2022,Marine LE PEN,Marine LE PEN,True
26441,2022,Emmanuel MACRON,François FILLON,False
26442,2022,Marine LE PEN,Marine LE PEN,True
26443,2022,Emmanuel MACRON,François FILLON,False
26444,2022,Marine LE PEN,Marine LE PEN,True
26445,2022,Marine LE PEN,Marine LE PEN,True
26446,2022,Emmanuel MACRON,François FILLON,False
26447,2022,Marine LE PEN,Marine LE PEN,True
26448,2022,Emmanuel MACRON,François FILLON,False
26449,2022,Emmanuel MACRON,François FILLON,False
26450,2022,Emmanuel MACRON,François FILLON,False
26451,2022,Emmanuel MACRON,François FILLON,False
26452,2022,Emmanuel MACRON,François FILLON,False
26453,2022,Marine LE PEN,Marine LE PEN,True
26454,2022,Emmanuel MACRON,François FILLON,False
26455,2022,Emmanuel MACRON,François FILLON,False
26456,2022,Emmanuel MACRON,François FILLON,False
26457,2022,Emmanuel MACRON,François FILLON,False
26458,2022,Emmanuel MACRON,François FILLON,False
26459,2022,Emmanuel MACRON,François FILLON,False
26460,2022,Marine LE PEN,Marine LE PEN,True
26461,2022,Marine LE PEN,Marine LE PEN,True
26462,2022,Marine LE PEN,Marine LE PEN,True
26463,2022,Emmanuel MACRON,François FILLON,False
26464,2022,Marine LE PEN,Marine LE PEN,True
26465,2022,Jean-Luc MÉLENCHON,François FILLON,False
26466,2022,Marine LE PEN,Marine LE PEN,True
26467,2022,Emmanuel MACRON,François FILLON,False
26468,2022,Marine LE PEN,Marine LE PEN,True
26469,2022,Marine LE PEN,Marine LE PEN,True
26470,2022,Marine LE PEN,Marine LE PEN,True
26471,2022,Emmanuel MACRON,François FILLON,False
26472,2022,Emmanuel MACRON,François FILLON,False
26473,2022,Emmanuel MACRON,François FILLON,False
26474,2022,Emmanuel MACRON,François FILLON,False
26475,2022,Emmanuel MACRON,François FILLON,False
26476,2022,Emmanuel MACRON,François FILLON,False
26477,2022,Marine LE PEN,Marine LE PEN,True
26478,2022,Marine LE PEN,Marine LE PEN,True
26479,2022,Marine LE PEN,Marine LE PEN,True
26480,2022,Emmanuel MACRON,François FILLON,False
26481,2022,Marine LE PEN,Marine LE PEN,True
26482,2022,Emmanuel MACRON,François FILLON,False
26483,2022,Marine LE PEN,Marine LE PEN,True
26484,2022,Emmanuel MACRON,François FILLON,False
26485,2022,Marine LE PEN,Marine LE PEN,True
26486,2022,Emmanuel MACRON,François FILLON,False
26487,2022,Marine LE PEN,Marine LE PEN,True
26488,2022,Emmanuel MACRON,François FILLON,False
26489,2022,Marine LE PEN,Marine LE PEN,True
26490,2022,Emmanuel MACRON,François FILLON,False
26491,2022,Marine LE PEN,Marine LE PEN,True
26492,2022,Marine LE PEN,Marine LE PEN,True
26493,2022,Marine LE PEN,Marine LE PEN,True
26494,2022,Emmanuel MACRON,François FILLON,False
26495,2022,Marine LE PEN,Marine LE PEN,True
26496,2022,Marine LE PEN,Marine LE PEN,True
26497,2022,Marine LE PEN,Marine LE PEN,True
26498,2022,Emmanuel MACRON,François FILLON,False
26499,2022,Marine LE PEN,Marine LE PEN,True
26500,2022,Marine LE PEN,Marine LE PEN,True
26501,2022,Emmanuel MACRON,François FILLON,False
26502,2022,Emmanuel MACRON,François FILLON,False
26503,2022,Marine LE PEN,Marine LE PEN,True
26504,2022,Marine LE PEN,Marine LE PEN,True
26505,2022,Emmanuel MACRON,François FILLON,False
26506,2022,Emmanuel MACRON,François FILLON,False
26507,2022,Emmanuel MACRON,François FILLON,False
26508,2022,Marine LE PEN,Marine LE PEN,True
26509,2022,Marine LE PEN,Marine LE PEN,True
26510,2022,Marine LE PEN,Marine LE PEN,True
26511,2022,Marine LE PEN,Marine LE PEN,True
26512,2022,Emmanuel MACRON,François FILLON,False
26513,2022,Emmanuel MACRON,François FILLON,False
26514,2022,Marine LE PEN,Marine LE PEN,True
26515,2022,Marine LE PEN,Marine LE PEN,True
26516,2022,Emmanuel MACRON,François FILLON,False
26517,2022,Emmanuel MACRON,François FILLON,False
26518,2022,Emmanuel MACRON,François FILLON,False
26519,2022,Marine LE PEN,Marine LE PEN,True
26520,2022,Emmanuel MACRON,François FILLON,False
26521,2022,Emmanuel MACRON,François FILLON,False
26522,2022,Emmanuel MACRON,François FILLON,False
26523,2022,Emmanuel MACRON,François FILLON,False
26524,2022,Marine LE PEN,Marine LE PEN,True
26525,2022,Emmanuel MACRON,François FILLON,False
26526,2022,Marine LE PEN,Marine LE PEN,True
26527,2022,Marine LE PEN,Marine LE PEN,True
26528,2022,Marine LE PEN,Marine LE PEN,True
26529,2022,Emmanuel MACRON,François FILLON,False
26530,2022,Emmanuel MACRON,François FILLON,False
26531,2022,Marine LE PEN,Marine LE PEN,True
26532,2022,Emmanuel MACRON,François FILLON,False
26533,2022,Emmanuel MACRON,François FILLON,False
26534,2022,Marine LE PEN,Marine LE PEN,True
26535,2022,Marine LE PEN,Marine LE PEN,True
26536,2022,Emmanuel MACRON,François FILLON,False
26537,2022,Marine LE PEN,Marine LE PEN,True
26538,2022,Emmanuel MACRON,François FILLON,False
26539,2022,Emmanuel MACRON,François FILLON,False
26540,2022,Emmanuel MACRON,François FILLON,False
26541,2022,Marine LE PEN,Marine LE PEN,True
26542,2022,Marine LE PEN,Marine LE PEN,True
26543,2022,Marine LE PEN,Marine LE PEN,True
26544,2022,Emmanuel MACRON,François FILLON,False
26545,2022,Emmanuel MACRON,François FILLON,False
26546,2022,Marine LE PEN,Marine LE PEN,True
26547,2022,Emmanuel MACRON,François FILLON,False
26548,2022,Emmanuel MACRON,François FILLON,False
26549,2022,Marine LE PEN,Marine LE PEN,True
26550,2022,Emmanuel MACRON,François FILLON,False
26551,2022,Emmanuel MACRON,François FILLON,False
26552,2022,Marine LE PEN,Marine LE PEN,True
26553,2022,Marine LE PEN,Marine LE PEN,True
26554,2022,Marine LE PEN,Marine LE PEN,True
26555,2022,Emmanuel MACRON,François FILLON,False
26556,2022,Marine LE PEN,Marine LE PEN,True
26557,2022,Emmanuel MACRON,François FILLON,False
26558,2022,Emmanuel MACRON,François FILLON,False
26559,2022,Emmanuel MACRON,François FILLON,False
26560,2022,Marine LE PEN,Marine LE PEN,True
26561,2022,Marine LE PEN,Marine LE PEN,True
26562,2022,Marine LE PEN,Marine LE PEN,True
26563,2022,Emmanuel MACRON,François FILLON,False
26564,2022,Marine LE PEN,Marine LE PEN,True
26565,2022,Emmanuel MACRON,François FILLON,False
26566,2022,Marine LE PEN,Marine LE PEN,True
26567,2022,Marine LE PEN,Marine LE PEN,True
26568,2022,Marine LE PEN,Marine LE PEN,True
26569,2022,Emmanuel MACRON,François FILLON,False
26570,2022,Emmanuel MACRON,François FILLON,False
26571,2022,Emmanuel MACRON,François FILLON,False
26572,2022,Emmanuel MACRON,François FILLON,False
26573,2022,Emmanuel MACRON,François FILLON,False
26574,2022,Emmanuel MACRON,François FILLON,False
26575,2022,Marine LE PEN,Marine LE PEN,True
26576,2022,Marine LE PEN,Marine LE PEN,True
26577,2022,Marine LE PEN,Marine LE PEN,True
26578,2022,Marine LE PEN,Marine LE PEN,True
26579,2022,Marine LE PEN,Marine LE PEN,True
26580,2022,Emmanuel MACRON,François FILLON,False
26581,2022,Emmanuel MACRON,François FILLON,False
26582,2022,Emmanuel MACRON,François FILLON,False
26583,2022,Marine LE PEN,Marine LE PEN,True
26584,2022,Marine LE PEN,Marine LE PEN,True
26585,2022,Marine LE PEN,Marine LE PEN,True
26586,2022,Emmanuel MACRON,François FILLON,False
26587,2022,Marine LE PEN,Marine LE PEN,True
26588,2022,Emmanuel MACRON,François FILLON,False
26589,2022,Emmanuel MACRON,François FILLON,False
26590,2022,Marine LE PEN,Marine LE PEN,True
26591,2022,Marine LE PEN,Marine LE PEN,True
26592,2022,Marine LE PEN,Marine LE PEN,True
26593,2022,Marine LE PEN,Marine LE PEN,True
26594,2022,Marine LE PEN,Marine LE PEN,True
26595,2022,Emmanuel MACRON,François FILLON,False
26596,2022,Emmanuel MACRON,François FILLON,False
26597,2022,Emmanuel MACRON,François FILLON,False
26598,2022,Marine LE PEN,Marine LE PEN,True
26599,2022,Marine LE PEN,Marine LE PEN,True
26600,2022,Marine LE PEN,Marine LE PEN,True
26601,2022,Marine LE PEN,Marine LE PEN,True
26602,2022,Marine LE PEN,Marine LE PEN,True
26603,2022,Marine LE PEN,Marine LE PEN,True
26604,2022,Emmanuel MACRON,François FILLON,False
26605,2022,Marine LE PEN,Marine LE PEN,True
26606,2022,Marine LE PEN,Marine LE PEN,True
26607,2022,Marine LE PEN,Marine LE PEN,True
26608,2022,Marine LE PEN,Marine LE PEN,True
26609,2022,Emmanuel MACRON,François FILLON,False
26610,2022,Marine LE PEN,Marine LE PEN,True
26611,2022,Emmanuel MACRON,François FILLON,False
26612,2022,Emmanuel MACRON,François FILLON,False
26613,2022,Marine LE PEN,Marine LE PEN,True
26614,2022,Emmanuel MACRON,François FILLON,False
26615,2022,Marine LE PEN,Marine LE PEN,True
26616,2022,Emmanuel MACRON,François FILLON,False
26617,2022,Emmanuel MACRON,François FILLON,False
26618,2022,Emmanuel MACRON,François FILLON,False
26619,2022,Emmanuel MACRON,François FILLON,False
26620,2022,Marine LE PEN,Marine LE PEN,True
26621,2022,Marine LE PEN,Marine LE PEN,True
26622,2022,Marine LE PEN,Marine LE PEN,True
26623,2022,Marine LE PEN,Marine LE PEN,True
26624,2022,Emmanuel MACRON,François FILLON,False
26625,2022,Emmanuel MACRON,François FILLON,False
26626,2022,Emmanuel MACRON,François FILLON,False
26627,2022,Marine LE PEN,Marine LE PEN,True
26628,2022,Marine LE PEN,Marine LE PEN,True
26629,2022,Emmanuel MACRON,François FILLON,False
26630,2022,Emmanuel MACRON,François FILLON,False
26631,2022,Marine LE PEN,Marine LE PEN,True
26632,2022,Marine LE PEN,Marine LE PEN,True
26633,2022,Emmanuel MACRON,François FILLON,False
26634,2022,Marine LE PEN,Marine LE PEN,True
26635,2022,Emmanuel MACRON,François FILLON,False
26636,2022,Emmanuel MACRON,François FILLON,False
26637,2022,Emmanuel MACRON,François FILLON,False
26638,2022,Emmanuel MACRON,François FILLON,False
26639,2022,Marine LE PEN,Marine LE PEN,True
26640,2022,Marine LE PEN,Marine LE PEN,True
26641,2022,Marine LE PEN,Marine LE PEN,True
26642,2022,Marine LE PEN,Marine LE PEN,True
26643,2022,Marine LE PEN,Marine LE PEN,True
26644,2022,Marine LE PEN,Marine LE PEN,True
26645,2022,Emmanuel MACRON,François FILLON,False
26646,2022,Emmanuel MACRON,François FILLON,False
26647,2022,Emmanuel MACRON,François FILLON,False
26648,2022,Marine LE PEN,Marine LE PEN,True
26649,2022,Emmanuel MACRON,François FILLON,False
26650,2022,Emmanuel MACRON,François FILLON,False
26651,2022,Marine LE PEN,Marine LE PEN,True
26652,2022,Emmanuel MACRON,François FILLON,False
26653,2022,Emmanuel MACRON,François FILLON,False
26654,2022,Marine LE PEN,Marine LE PEN,True
26655,2022,Marine LE PEN,Marine LE PEN,True
26656,2022,Emmanuel MACRON,François FILLON,False
26657,2022,Emmanuel MACRON,François FILLON,False
26658,2022,Emmanuel MACRON,François FILLON,False
26659,2022,Emmanuel MACRON,François FILLON,False
26660,2022,Marine LE PEN,Marine LE PEN,True
26661,2022,Emmanuel MACRON,François FILLON,False
26662,2022,Marine LE PEN,Marine LE PEN,True
26663,2022,Marine LE PEN,Marine LE PEN,True
26664,2022,Emmanuel MACRON,François FILLON,False
26665,2022,Marine LE PEN,Marine LE PEN,True
26666,2022,Marine LE PEN,Marine LE PEN,True
26667,2022,Marine LE PEN,Marine LE PEN,True
26668,2022,Marine LE PEN,Marine LE PEN,True
26669,2022,Emmanuel MACRON,François FILLON,False
26670,2022,Emmanuel MACRON,François FILLON,False
26671,2022,Marine LE PEN,Marine LE PEN,True
26672,2022,Marine LE PEN,Marine LE PEN,True
26673,2022,Emmanuel MACRON,François FILLON,False
26674,2022,Emmanuel MACRON,François FILLON,False
26675,2022,Emmanuel MACRON,François FILLON,False
26676,2022,Marine LE PEN,Marine LE PEN,True
26677,2022,Marine LE PEN,Marine LE PEN,True
26678,2022,Emmanuel MACRON,François FILLON,False
26679,2022,Emmanuel MACRON,François FILLON,False
26680,2022,Marine LE PEN,Marine LE PEN,True
26681,2022,Marine LE PEN,Marine LE PEN,True
26682,2022,Marine LE PEN,Marine LE PEN,True
26683,2022,Marine LE PEN,Marine LE PEN,True
26684,2022,Marine LE PEN,Marine LE PEN,True
26685,2022,Marine LE PEN,Marine LE PEN,True
26686,2022,Marine LE PEN,Marine LE PEN,True
26687,2022,Marine LE PEN,Marine LE PEN,True
26688,2022,Marine LE PEN,Marine LE PEN,True
26689,2022,Emmanuel MACRON,François FILLON,False
26690,2022,Marine LE PEN,Marine LE PEN,True
26691,2022,Marine LE PEN,Marine LE PEN,True
26692,2022,Marine LE PEN,Marine LE PEN,True
26693,2022,Emmanuel MACRON,François FILLON,False
26694,2022,Marine LE PEN,Marine LE PEN,True
26695,2022,Marine LE PEN,Marine LE PEN,True
26696,2022,Marine LE PEN,Marine LE PEN,True
26697,2022,Marine LE PEN,Marine LE PEN,True
26698,2022,Marine LE PEN,Marine LE PEN,True
26699,2022,Emmanuel MACRON,François FILLON,False
26700,2022,Emmanuel MACRON,François FILLON,False
26701,2022,Emmanuel MACRON,François FILLON,False
26702,2022,Marine LE PEN,Marine LE PEN,True
26703,2022,Emmanuel MACRON,François FILLON,False
26704,2022,Emmanuel MACRON,François FILLON,False
26705,2022,Emmanuel MACRON,François FILLON,False
26706,2022,Marine LE PEN,Marine LE PEN,True
26707,2022,Marine LE PEN,Marine LE PEN,True
26708,2022,Emmanuel MACRON,François FILLON,False
26709,2022,Marine LE PEN,Marine LE PEN,True
26710,2022,Marine LE PEN,Marine LE PEN,True
26711,2022,Marine LE PEN,Marine LE PEN,True
26712,2022,Emmanuel MACRON,François FILLON,False
26713,2022,Emmanuel MACRON,François FILLON,False
26714,2022,Marine LE PEN,Marine LE PEN,True
26715,2022,Emmanuel MACRON,François FILLON,False
26716,2022,Marine LE PEN,Marine LE PEN,True
26717,2022,Marine LE PEN,Marine LE PEN,True
26718,2022,Marine LE PEN,Marine LE PEN,True
26719,2022,Emmanuel MACRON,François FILLON,False
26720,2022,Emmanuel MACRON,François FILLON,False
26721,2022,Marine LE PEN,Marine LE PEN,True
26722,2022,Emmanuel MACRON,François FILLON,False
26723,2022,Marine LE PEN,Marine LE PEN,True
26724,2022,Emmanuel MACRON,François FILLON,False
26725,2022,Marine LE PEN,Marine LE PEN,True
26726,2022,Marine LE PEN,Marine LE PEN,True
26727,2022,Emmanuel MACRON,François FILLON,False
26728,2022,Emmanuel MACRON,François FILLON,False
26729,2022,Marine LE PEN,Marine LE PEN,True
26730,2022,Emmanuel MACRON,François FILLON,False
26731,2022,Marine LE PEN,Marine LE PEN,True
26732,2022,Marine LE PEN,Marine LE PEN,True
26733,2022,Marine LE PEN,Marine LE PEN,True
26734,2022,Marine LE PEN,Marine LE PEN,True
26735,2022,Emmanuel MACRON,François FILLON,False
26736,2022,Emmanuel MACRON,François FILLON,False
26737,2022,Emmanuel MACRON,François FILLON,False
26738,2022,Marine LE PEN,Marine LE PEN,True
26739,2022,Marine LE PEN,Marine LE PEN,True
26740,2022,Marine LE PEN,Marine LE PEN,True
26741,2022,Marine LE PEN,Marine LE PEN,True
26742,2022,Marine LE PEN,Marine LE PEN,True
26743,2022,Emmanuel MACRON,François FILLON,False
26744,2022,Emmanuel MACRON,François FILLON,False
26745,2022,Marine LE PEN,Marine LE PEN,True
26746,2022,Marine LE PEN,Marine LE PEN,True
26747,2022,Marine LE PEN,Marine LE PEN,True
26748,2022,Emmanuel MACRON,François FILLON,False
26749,2022,Marine LE PEN,Marine LE PEN,True
26750,2022,Emmanuel MACRON,François FILLON,False
26751,2022,Emmanuel MACRON,François FILLON,False
26752,2022,Marine LE PEN,Marine LE PEN,True
26753,2022,Emmanuel MACRON,François FILLON,False
26754,2022,Emmanuel MACRON,François FILLON,False
26755,2022,Marine LE PEN,Marine LE PEN,True
26756,2022,Marine LE PEN,Marine LE PEN,True
26757,2022,Marine LE PEN,Marine LE PEN,True
26758,2022,Emmanuel MACRON,François FILLON,False
26759,2022,Marine LE PEN,Marine LE PEN,True
26760,2022,Emmanuel MACRON,François FILLON,False
26761,2022,Emmanuel MACRON,François FILLON,False
26762,2022,Emmanuel MACRON,François FILLON,False
26763,2022,Emmanuel MACRON,François FILLON,False
26764,2022,Emmanuel MACRON,François FILLON,False
26765,2022,Emmanuel MACRON,François FILLON,False
26766,2022,Emmanuel MACRON,François FILLON,False
26767,2022,Emmanuel MACRON,François FILLON,False
26768,2022,Marine LE PEN,Marine LE PEN,True
26769,2022,Marine LE PEN,Marine LE PEN,True
26770,2022,Marine LE PEN,Marine LE PEN,True
26771,2022,Marine LE PEN,Marine LE PEN,True
26772,2022,Marine LE PEN,Marine LE PEN,True
26773,2022,Emmanuel MACRON,François FILLON,False
26774,2022,Marine LE PEN,Marine LE PEN,True
26775,2022,Emmanuel MACRON,François FILLON,False
26776,2022,Marine LE PEN,Marine LE PEN,True
26777,2022,Emmanuel MACRON,François FILLON,False
26778,2022,Marine LE PEN,Marine LE PEN,True
26779,2022,Emmanuel MACRON,François FILLON,False
26780,2022,Emmanuel MACRON,François FILLON,False
26781,2022,Emmanuel MACRON,François FILLON,False
26782,2022,Marine LE PEN,Marine LE PEN,True
26783,2022,Marine LE PEN,Marine LE PEN,True
26784,2022,Emmanuel MACRON,François FILLON,False
26785,2022,Marine LE PEN,Marine LE PEN,True
26786,2022,Emmanuel MACRON,François FILLON,False
26787,2022,Marine LE PEN,Marine LE PEN,True
26788,2022,Marine LE PEN,Marine LE PEN,True
26789,2022,Emmanuel MACRON,François FILLON,False
26790,2022,Marine LE PEN,Marine LE PEN,True
26791,2022,Marine LE PEN,Marine LE PEN,True
26792,2022,Marine LE PEN,Marine LE PEN,True
26793,2022,Marine LE PEN,Marine LE PEN,True
26794,2022,Emmanuel MACRON,François FILLON,False
26795,2022,Marine LE PEN,Marine LE PEN,True
26797,2022,Emmanuel MACRON,François FILLON,False
26798,2022,Marine LE PEN,Marine LE PEN,True
26799,2022,Marine LE PEN,Marine LE PEN,True
26800,2022,Emmanuel MACRON,François FILLON,False
26801,2022,Marine LE PEN,Marine LE PEN,True
26802,2022,Marine LE PEN,Marine LE PEN,True
26803,2022,Marine LE PEN,Marine LE PEN,True
26804,2022,Emmanuel MACRON,François FILLON,False
26805,2022,Emmanuel MACRON,François FILLON,False
26806,2022,Marine LE PEN,Marine LE PEN,True
26807,2022,Marine LE PEN,Marine LE PEN,True
26808,2022,Marine LE PEN,Marine LE PEN,True
26809,2022,Marine LE PEN,Marine LE PEN,True
26810,2022,Marine LE PEN,Marine LE PEN,True
26811,2022,Emmanuel MACRON,François FILLON,False
26812,2022,Marine LE PEN,Marine LE PEN,True
26813,2022,Marine LE PEN,Marine LE PEN,True
26814,2022,Marine LE PEN,Marine LE PEN,True
26815,2022,Marine LE PEN,Marine LE PEN,True
26816,2022,Emmanuel MACRON,François FILLON,False
26817,2022,Marine LE PEN,Marine LE PEN,True
26818,2022,Emmanuel MACRON,François FILLON,False
26819,2022,Marine LE PEN,Marine LE PEN,True
26820,2022,Marine LE PEN,Marine LE PEN,True
26821,2022,Emmanuel MACRON,François FILLON,False
26822,2022,Marine LE PEN,Marine LE PEN,True
26823,2022,Emmanuel MACRON,François FILLON,False
26824,2022,Emmanuel MACRON,François FILLON,False
26825,2022,Marine LE PEN,Marine LE PEN,True
26826,2022,Marine LE PEN,Marine LE PEN,True
26827,2022,Marine LE PEN,Marine LE PEN,True
26828,2022,Marine LE PEN,Marine LE PEN,True
26829,2022,Emmanuel MACRON,François FILLON,False
26830,2022,Emmanuel MACRON,François FILLON,False
26831,2022,Emmanuel MACRON,François FILLON,False
26832,2022,Marine LE PEN,Marine LE PEN,True
26833,2022,Emmanuel MACRON,François FILLON,False
26834,2022,Emmanuel MACRON,François FILLON,False
26835,2022,Emmanuel MACRON,François FILLON,False
26836,2022,Emmanuel MACRON,François FILLON,False
26837,2022,Emmanuel MACRON,François FILLON,False
26838,2022,Jean-Luc MÉLENCHON,François FILLON,False
26839,2022,Marine LE PEN,Marine LE PEN,True
26840,2022,Marine LE PEN,Marine LE PEN,True
26841,2022,Marine LE PEN,Marine LE PEN,True
26842,2022,Emmanuel MACRON,François FILLON,False
26843,2022,Emmanuel MACRON,François FILLON,False
26844,2022,Emmanuel MACRON,François FILLON,False
26845,2022,Marine LE PEN,Marine LE PEN,True
26846,2022,Marine LE PEN,Marine LE PEN,True
26847,2022,Marine LE PEN,Marine LE PEN,True
26848,2022,Marine LE PEN,Marine LE PEN,True
26849,2022,Marine LE PEN,Marine LE PEN,True
26850,2022,Marine LE PEN,Marine LE PEN,True
26851,2022,Emmanuel MACRON,François FILLON,False
26852,2022,Emmanuel MACRON,François FILLON,False
26853,2022,Marine LE PEN,Marine LE PEN,True
26854,2022,Marine LE PEN,Marine LE PEN,True
26855,2022,Marine LE PEN,Marine LE PEN,True
26856,2022,Emmanuel MACRON,François FILLON,False
26857,2022,Marine LE PEN,Marine LE PEN,True
26858,2022,Marine LE PEN,Marine LE PEN,True
26859,2022,Marine LE PEN,Marine LE PEN,True
26860,2022,Emmanuel MACRON,François FILLON,False
26861,2022,Marine LE PEN,Marine LE PEN,True
26862,2022,Marine LE PEN,Marine LE PEN,True
26863,2022,Marine LE PEN,Marine LE PEN,True
26864,2022,Emmanuel MACRON,François FILLON,False
26865,2022,Marine LE PEN,Marine LE PEN,True
26866,2022,Marine LE PEN,Marine LE PEN,True
26867,2022,Marine LE PEN,Marine LE PEN,True
26868,2022,Marine LE PEN,Marine LE PEN,True
26869,2022,Marine LE PEN,Marine LE PEN,True
26870,2022,Emmanuel MACRON,François FILLON,False
26871,2022,Jean-Luc MÉLENCHON,François FILLON,False
26872,2022,Marine LE PEN,Marine LE PEN,True
26873,2022,Marine LE PEN,Marine LE PEN,True
26874,2022,Emmanuel MACRON,François FILLON,False
26875,2022,Marine LE PEN,Marine LE PEN,True
26876,2022,Marine LE PEN,Marine LE PEN,True
26877,2022,Marine LE PEN,Marine LE PEN,True
26878,2022,Emmanuel MACRON,François FILLON,False
26879,2022,Emmanuel MACRON,François FILLON,False
26880,2022,Emmanuel MACRON,François FILLON,False
26881,2022,Emmanuel MACRON,François FILLON,False
26882,2022,Emmanuel MACRON,François FILLON,False
26883,2022,Marine LE PEN,Marine LE PEN,True
26884,2022,Emmanuel MACRON,François FILLON,False
26885,2022,Marine LE PEN,Marine LE PEN,True
26886,2022,Marine LE PEN,Marine LE PEN,True
26887,2022,Marine LE PEN,Marine LE PEN,True
26888,2022,Marine LE PEN,Marine LE PEN,True
26889,2022,Marine LE PEN,Marine LE PEN,True
26890,2022,Marine LE PEN,Marine LE PEN,True
26891,2022,Marine LE PEN,Marine LE PEN,True
26892,2022,Marine LE PEN,Marine LE PEN,True
26893,2022,Emmanuel MACRON,François FILLON,False
26894,2022,Emmanuel MACRON,François FILLON,False
26895,2022,Emmanuel MACRON,François FILLON,False
26896,2022,Marine LE PEN,Marine LE PEN,True
26897,2022,Marine LE PEN,Marine LE PEN,True
26898,2022,Emmanuel MACRON,François FILLON,False
26899,2022,Emmanuel MACRON,François FILLON,False
26900,2022,Marine LE PEN,Marine LE PEN,True
26901,2022,Marine LE PEN,Marine LE PEN,True
26902,2022,Emmanuel MACRON,François FILLON,False
26903,2022,Emmanuel MACRON,François FILLON,False
26904,2022,Emmanuel MACRON,François FILLON,False
26905,2022,Emmanuel MACRON,François FILLON,False
26906,2022,Marine LE PEN,Marine LE PEN,True
26907,2022,Marine LE PEN,Marine LE PEN,True
26908,2022,Marine LE PEN,Marine LE PEN,True
26909,2022,Marine LE PEN,Marine LE PEN,True
26910,2022,Marine LE PEN,Marine LE PEN,True
26911,2022,Emmanuel MACRON,François FILLON,False
26912,2022,Marine LE PEN,Marine LE PEN,True
26913,2022,Marine LE PEN,Marine LE PEN,True
26914,2022,Marine LE PEN,Marine LE PEN,True
26915,2022,Emmanuel MACRON,François FILLON,False
26916,2022,Marine LE PEN,Marine LE PEN,True
26917,2022,Jean-Luc MÉLENCHON,François FILLON,False
26918,2022,Emmanuel MACRON,François FILLON,False
26919,2022,Emmanuel MACRON,François FILLON,False
26920,2022,Marine LE PEN,Marine LE PEN,True
26921,2022,Marine LE PEN,Marine LE PEN,True
26922,2022,Marine LE PEN,Marine LE PEN,True
26923,2022,Marine LE PEN,Marine LE PEN,True
26924,2022,Emmanuel MACRON,François FILLON,False
26925,2022,Marine LE PEN,Marine LE PEN,True
26926,2022,Marine LE PEN,Marine LE PEN,True
26927,2022,Marine LE PEN,Marine LE PEN,True
26928,2022,Marine LE PEN,Marine LE PEN,True
26929,2022,Emmanuel MACRON,François FILLON,False
26930,2022,Marine LE PEN,Marine LE PEN,True
26931,2022,Marine LE PEN,Marine LE PEN,True
26932,2022,Marine LE PEN,Marine LE PEN,True
26933,2022,Emmanuel MACRON,François FILLON,False
26934,2022,Marine LE PEN,Marine LE PEN,True
26935,2022,Emmanuel MACRON,François FILLON,False
26936,2022,Marine LE PEN,Marine LE PEN,True
26937,2022,Marine LE PEN,Marine LE PEN,True
26938,2022,Emmanuel MACRON,François FILLON,False
26939,2022,Emmanuel MACRON,François FILLON,False
26940,2022,Emmanuel MACRON,François FILLON,False
26941,2022,Emmanuel MACRON,François FILLON,False
26942,2022,Marine LE PEN,Marine LE PEN,True
26943,2022,Marine LE PEN,Marine LE PEN,True
26945,2022,Marine LE PEN,Marine LE PEN,True
26946,2022,Marine LE PEN,Marine LE PEN,True
26947,2022,Emmanuel MACRON,François FILLON,False
26948,2022,Emmanuel MACRON,François FILLON,False
26949,2022,Emmanuel MACRON,François FILLON,False
26950,2022,Emmanuel MACRON,François FILLON,False
26951,2022,Marine LE PEN,Marine LE PEN,True
26952,2022,Marine LE PEN,Marine LE PEN,True
26953,2022,Marine LE PEN,Marine LE PEN,True
26954,2022,Marine LE PEN,Marine LE PEN,True
26955,2022,Emmanuel MACRON,François FILLON,False
26956,2022,Marine LE PEN,Marine LE PEN,True
26957,2022,Jean-Luc MÉLENCHON,François FILLON,False
26958,2022,Emmanuel MACRON,François FILLON,False
26959,2022,Marine LE PEN,Marine LE PEN,True
26960,2022,Marine LE PEN,Marine LE PEN,True
26961,2022,Marine LE PEN,Marine LE PEN,True
26962,2022,Marine LE PEN,Marine LE PEN,True
26963,2022,Marine LE PEN,Marine LE PEN,True
26964,2022,Emmanuel MACRON,François FILLON,False
26965,2022,Marine LE PEN,Marine LE PEN,True
26966,2022,Emmanuel MACRON,François FILLON,False
26967,2022,Emmanuel MACRON,François FILLON,False
26968,2022,Marine LE PEN,Marine LE PEN,True
26969,2022,Emmanuel MACRON,François FILLON,False
26970,2022,Emmanuel MACRON,François FILLON,False
26971,2022,Marine LE PEN,Marine LE PEN,True
26972,2022,Emmanuel MACRON,François FILLON,False
26973,2022,Marine LE PEN,Marine LE PEN,True
26974,2022,Emmanuel MACRON,François FILLON,False
26975,2022,Marine LE PEN,Marine LE PEN,True
26976,2022,Emmanuel MACRON,François FILLON,False
26977,2022,Emmanuel MACRON,François FILLON,False
26978,2022,Marine LE PEN,Marine LE PEN,True
26979,2022,Marine LE PEN,Marine LE PEN,True
26980,2022,Marine LE PEN,Marine LE PEN,True
26981,2022,Marine LE PEN,Marine LE PEN,True
26982,2022,Marine LE PEN,Marine LE PEN,True
26983,2022,Marine LE PEN,Marine LE PEN,True
26984,2022,Emmanuel MACRON,François FILLON,False
26985,2022,Marine LE PEN,Marine LE PEN,True
26986,2022,Marine LE PEN,Marine LE PEN,True
26987,2022,Marine LE PEN,Marine LE PEN,True
26988,2022,Marine LE PEN,Marine LE PEN,True
26989,2022,Marine LE PEN,Marine LE PEN,True
26990,2022,Emmanuel MACRON,François FILLON,False
26991,2022,Marine LE PEN,Marine LE PEN,True
26992,2022,Marine LE PEN,Marine LE PEN,True
26993,2022,Emmanuel MACRON,François FILLON,False
26994,2022,Emmanuel MACRON,François FILLON,False
26995,2022,Emmanuel MACRON,François FILLON,False
26996,2022,Marine LE PEN,Marine LE PEN,True
26997,2022,Marine LE PEN,Marine LE PEN,True
26998,2022,Marine LE PEN,Marine LE PEN,True
26999,2022,Marine LE PEN,Marine LE PEN,True
27000,2022,Emmanuel MACRON,François FILLON,False
27001,2022,Emmanuel MACRON,François FILLON,False
27002,2022,Marine LE PEN,Marine LE PEN,True
27003,2022,Marine LE PEN,Marine LE PEN,True
27004,2022,Marine LE PEN,Marine LE PEN,True
27005,2022,Emmanuel MACRON,François FILLON,False
27006,2022,Marine LE PEN,Marine LE PEN,True
27007,2022,Marine LE PEN,Marine LE PEN,True
27008,2022,Marine LE PEN,Marine LE PEN,True
27009,2022,Marine LE PEN,Marine LE PEN,True
27010,2022,Emmanuel MACRON,François FILLON,False
27011,2022,Marine LE PEN,Marine LE PEN,True
27012,2022,Marine LE PEN,Marine LE PEN,True
27013,2022,Marine LE PEN,Marine LE PEN,True
27014,2022,Marine LE PEN,Marine LE PEN,True
27015,2022,Emmanuel MACRON,François FILLON,False
27016,2022,Emmanuel MACRON,François FILLON,False
27017,2022,Marine LE PEN,Marine LE PEN,True
27018,2022,Emmanuel MACRON,François FILLON,False
27019,2022,Marine LE PEN,Marine LE PEN,True
27020,2022,Marine LE PEN,Marine LE PEN,True
27021,2022,Emmanuel MACRON,François FILLON,False
27022,2022,Emmanuel MACRON,François FILLON,False
27023,2022,Marine LE PEN,Marine LE PEN,True
27024,2022,Marine LE PEN,Marine LE PEN,True
27025,2022,Marine LE PEN,Marine LE PEN,True
27026,2022,Emmanuel MACRON,François FILLON,False
27027,2022,Marine LE PEN,Marine LE PEN,True
27028,2022,Emmanuel MACRON,François FILLON,False
27029,2022,Marine LE PEN,Marine LE PEN,True
27030,2022,Emmanuel MACRON,François FILLON,False
27031,2022,Emmanuel MACRON,François FILLON,False
27032,2022,Emmanuel MACRON,François FILLON,False
27033,2022,Emmanuel MACRON,François FILLON,False
27034,2022,Emmanuel MACRON,François FILLON,False
27035,2022,Emmanuel MACRON,François FILLON,False
27036,2022,Marine LE PEN,Marine LE PEN,True
27037,2022,Marine LE PEN,Marine LE PEN,True
27038,2022,Marine LE PEN,Marine LE PEN,True
27039,2022,Emmanuel MACRON,François FILLON,False
27040,2022,Marine LE PEN,Marine LE PEN,True
27041,2022,Emmanuel MACRON,François FILLON,False
27042,2022,Marine LE PEN,Marine LE PEN,True
27043,2022,Emmanuel MACRON,François FILLON,False
27044,2022,Marine LE PEN,Marine LE PEN,True
27045,2022,Emmanuel MACRON,François FILLON,False
27046,2022,Emmanuel MACRON,François FILLON,False
27047,2022,Marine LE PEN,Marine LE PEN,True
27048,2022,Emmanuel MACRON,François FILLON,False
27049,2022,Marine LE PEN,Marine LE PEN,True
27050,2022,Marine LE PEN,Marine LE PEN,True
27051,2022,Marine LE PEN,Marine LE PEN,True
27052,2022,Marine LE PEN,Marine LE PEN,True
27053,2022,Marine LE PEN,Marine LE PEN,True
27054,2022,Emmanuel MACRON,François FILLON,False
27055,2022,Emmanuel MACRON,François FILLON,False
27056,2022,Emmanuel MACRON,François FILLON,False
27057,2022,Emmanuel MACRON,François FILLON,False
27058,2022,Emmanuel MACRON,François FILLON,False
27059,2022,Emmanuel MACRON,François FILLON,False
27060,2022,Marine LE PEN,Marine LE PEN,True
27061,2022,Emmanuel MACRON,François FILLON,False
27062,2022,Marine LE PEN,Marine LE PEN,True
27063,2022,Emmanuel MACRON,François FILLON,False
27064,2022,Emmanuel MACRON,François FILLON,False
27065,2022,Emmanuel MACRON,François FILLON,False
27066,2022,Emmanuel MACRON,François FILLON,False
27067,2022,Marine LE PEN,Marine LE PEN,True
27068,2022,Marine LE PEN,Marine LE PEN,True
27069,2022,Marine LE PEN,Marine LE PEN,True
27070,2022,Emmanuel MACRON,François FILLON,False
27071,2022,Emmanuel MACRON,François FILLON,False
27072,2022,Marine LE PEN,Marine LE PEN,True
27073,2022,Marine LE PEN,Marine LE PEN,True
27074,2022,Marine LE PEN,Marine LE PEN,True
27075,2022,Marine LE PEN,Marine LE PEN,True
27076,2022,Marine LE PEN,Marine LE PEN,True
27077,2022,Emmanuel MACRON,François FILLON,False
27078,2022,Emmanuel MACRON,François FILLON,False
27079,2022,Emmanuel MACRON,François FILLON,False
27080,2022,Marine LE PEN,Marine LE PEN,True
27081,2022,Emmanuel MACRON,François FILLON,False
27082,2022,Marine LE PEN,Marine LE PEN,True
27083,2022,Emmanuel MACRON,François FILLON,False
27084,2022,Marine LE PEN,Marine LE PEN,True
27085,2022,Emmanuel MACRON,François FILLON,False
27086,2022,Emmanuel MACRON,François FILLON,False
27087,2022,Marine LE PEN,Marine LE PEN,True
27088,2022,Emmanuel MACRON,François FILLON,False
27089,2022,Emmanuel MACRON,François FILLON,False
27090,2022,Jean-Luc MÉLENCHON,François FILLON,False
27091,2022,Emmanuel MACRON,François FILLON,False
27092,2022,Marine LE PEN,Marine LE PEN,True
27093,2022,Emmanuel MACRON,François FILLON,False
27094,2022,Emmanuel MACRON,François FILLON,False
27095,2022,Marine LE PEN,Marine LE PEN,True
27096,2022,Emmanuel MACRON,François FILLON,False
27097,2022,Emmanuel MACRON,François FILLON,False
27098,2022,Emmanuel MACRON,François FILLON,False
27099,2022,Emmanuel MACRON,François FILLON,False
27100,2022,Marine LE PEN,Marine LE PEN,True
27101,2022,Marine LE PEN,Marine LE PEN,True
27102,2022,Marine LE PEN,Marine LE PEN,True
27103,2022,Marine LE PEN,Marine LE PEN,True
27104,2022,Marine LE PEN,Marine LE PEN,True
27105,2022,Emmanuel MACRON,François FILLON,False
27106,2022,Marine LE PEN,Marine LE PEN,True
27107,2022,Emmanuel MACRON,François FILLON,False
27108,2022,Emmanuel MACRON,François FILLON,False
27109,2022,Marine LE PEN,Marine LE PEN,True
27110,2022,Emmanuel MACRON,François FILLON,False
27111,2022,Marine LE PEN,Marine LE PEN,True
27112,2022,Marine LE PEN,Marine LE PEN,True
27113,2022,Marine LE PEN,Marine LE PEN,True
27114,2022,Marine LE PEN,Marine LE PEN,True
27115,2022,Emmanuel MACRON,François FILLON,False
27116,2022,Emmanuel MACRON,François FILLON,False
27117,2022,Emmanuel MACRON,François FILLON,False
27118,2022,Emmanuel MACRON,François FILLON,False
27119,2022,Marine LE PEN,Marine LE PEN,True
27120,2022,Marine LE PEN,Marine LE PEN,True
27121,2022,Emmanuel MACRON,François FILLON,False
27122,2022,Emmanuel MACRON,François FILLON,False
27123,2022,Marine LE PEN,Marine LE PEN,True
27124,2022,Marine LE PEN,Marine LE PEN,True
27125,2022,Emmanuel MACRON,François FILLON,False
27126,2022,Marine LE PEN,Marine LE PEN,True
27127,2022,Marine LE PEN,Marine LE PEN,True
27128,2022,Marine LE PEN,Marine LE PEN,True
27129,2022,Emmanuel MACRON,François FILLON,False
27130,2022,Emmanuel MACRON,François FILLON,False
27131,2022,Marine LE PEN,Marine LE PEN,True
27132,2022,Emmanuel MACRON,François FILLON,False
27133,2022,Marine LE PEN,Marine LE PEN,True
27134,2022,Marine LE PEN,Marine LE PEN,True
27135,2022,Marine LE PEN,Marine LE PEN,True
27136,2022,Marine LE PEN,Marine LE PEN,True
27137,2022,Marine LE PEN,Marine LE PEN,True
27138,2022,Marine LE PEN,Marine LE PEN,True
27139,2022,Marine LE PEN,Marine LE PEN,True
27140,2022,Emmanuel MACRON,François FILLON,False
27141,2022,Emmanuel MACRON,François FILLON,False
27142,2022,Emmanuel MACRON,François FILLON,False
27143,2022,Emmanuel MACRON,François FILLON,False
27144,2022,Marine LE PEN,Marine LE PEN,True
27145,2022,Marine LE PEN,Marine LE PEN,True
27146,2022,Marine LE PEN,Marine LE PEN,True
27147,2022,Marine LE PEN,Marine LE PEN,True
27148,2022,Marine LE PEN,Marine LE PEN,True
27149,2022,Marine LE PEN,Marine LE PEN,True
27150,2022,Emmanuel MACRON,François FILLON,False
27151,2022,Marine LE PEN,Marine LE PEN,True
27152,2022,Emmanuel MACRON,François FILLON,False
27153,2022,Marine LE PEN,Marine LE PEN,True
27154,2022,Marine LE PEN,Marine LE PEN,True
27155,2022,Emmanuel MACRON,François FILLON,False
27156,2022,Marine LE PEN,Marine LE PEN,True
27157,2022,Jean-Luc MÉLENCHON,Jean-Luc MÉLENCHON,True
27158,2022,Marine LE PEN,Marine LE PEN,True
27159,2022,Emmanuel MACRON,François FILLON,False
27160,2022,Emmanuel MACRON,François FILLON,False
27161,2022,Marine LE PEN,Marine LE PEN,True
27162,2022,Emmanuel MACRON,François FILLON,False
27163,2022,Marine LE PEN,Marine LE PEN,True
27164,2022,Marine LE PEN,Marine LE PEN,True
27165,2022,Emmanuel MACRON,François FILLON,False
27166,2022,Emmanuel MACRON,François FILLON,False
27167,2022,Marine LE PEN,Marine LE PEN,True
27168,2022,Emmanuel MACRON,François FILLON,False
27169,2022,Emmanuel MACRON,François FILLON,False
27170,2022,Emmanuel MACRON,François FILLON,False
27171,2022,Marine LE PEN,Marine LE PEN,True
27172,2022,Emmanuel MACRON,François FILLON,False
27173,2022,Marine LE PEN,Marine LE PEN,True
27174,2022,Emmanuel MACRON,François FILLON,False
27175,2022,Emmanuel MACRON,François FILLON,False
27176,2022,Emmanuel MACRON,François FILLON,False
27177,2022,Marine LE PEN,Marine LE PEN,True
27178,2022,Marine LE PEN,Marine LE PEN,True
27179,2022,Emmanuel MACRON,François FILLON,False
27180,2022,Emmanuel MACRON,François FILLON,False
27181,2022,Emmanuel MACRON,François FILLON,False
27182,2022,Emmanuel MACRON,François FILLON,False
27183,2022,Marine LE PEN,Marine LE PEN,True
27184,2022,Marine LE PEN,Marine LE PEN,True
27185,2022,Emmanuel MACRON,François FILLON,False
27186,2022,Emmanuel MACRON,François FILLON,False
27187,2022,Emmanuel MACRON,François FILLON,False
27188,2022,Marine LE PEN,Marine LE PEN,True
27189,2022,Marine LE PEN,Marine LE PEN,True
27190,2022,Marine LE PEN,Marine LE PEN,True
27191,2022,Marine LE PEN,Marine LE PEN,True
27192,2022,Emmanuel MACRON,François FILLON,False
27193,2022,Marine LE PEN,Marine LE PEN,True
27194,2022,Emmanuel MACRON,François FILLON,False
27195,2022,Emmanuel MACRON,François FILLON,False
27196,2022,Marine LE PEN,Marine LE PEN,True
27197,2022,Marine LE PEN,Marine LE PEN,True
27198,2022,Marine LE PEN,Marine LE PEN,True
27199,2022,Marine LE PEN,Marine LE PEN,True
27200,2022,Emmanuel MACRON,François FILLON,False
27201,2022,Marine LE PEN,Marine LE PEN,True
27202,2022,Emmanuel MACRON,François FILLON,False
27203,2022,Marine LE PEN,Marine LE PEN,True
27204,2022,Marine LE PEN,Marine LE PEN,True
27205,2022,Marine LE PEN,Marine LE PEN,True
27206,2022,Emmanuel MACRON,François FILLON,False
27207,2022,Emmanuel MACRON,François FILLON,False
27208,2022,Emmanuel MACRON,Jean-Luc MÉLENCHON,False
27209,2022,Emmanuel MACRON,François FILLON,False
27210,2022,Emmanuel MACRON,François FILLON,False
27211,2022,Emmanuel MACRON,François FILLON,False
27212,2022,Marine LE PEN,Marine LE PEN,True
27213,2022,Marine LE PEN,Marine LE PEN,True
27214,2022,Marine LE PEN,Marine LE PEN,True
27215,2022,Marine LE PEN,Marine LE PEN,True
27216,2022,Emmanuel MACRON,François FILLON,False
27217,2022,Marine LE PEN,Marine LE PEN,True
27218,2022,Marine LE PEN,Marine LE PEN,True
27219,2022,Marine LE PEN,Marine LE PEN,True
27220,2022,Marine LE PEN,Marine LE PEN,True
27221,2022,Marine LE PEN,Marine LE PEN,True
27222,2022,Marine LE PEN,Marine LE PEN,True
27223,2022,Emmanuel MACRON,François FILLON,False
27224,2022,Marine LE PEN,Marine LE PEN,True
27225,2022,Marine LE PEN,Marine LE PEN,True
27226,2022,Emmanuel MACRON,François FILLON,False
27227,2022,Emmanuel MACRON,François FILLON,False
27228,2022,Marine LE PEN,Marine LE PEN,True
27229,2022,Marine LE PEN,Marine LE PEN,True
27230,2022,Marine LE PEN,Marine LE PEN,True
27231,2022,Emmanuel MACRON,François FILLON,False
27232,2022,Emmanuel MACRON,François FILLON,False
27233,2022,Emmanuel MACRON,François FILLON,False
27234,2022,Marine LE PEN,Marine LE PEN,True
27235,2022,Marine LE PEN,Marine LE PEN,True
27236,2022,Marine LE PEN,Marine LE PEN,True
27237,2022,Marine LE PEN,Marine LE PEN,True
27238,2022,Marine LE PEN,Marine LE PEN,True
27239,2022,Emmanuel MACRON,François FILLON,False
27240,2022,Marine LE PEN,Marine LE PEN,True
27241,2022,Marine LE PEN,Marine LE PEN,True
27242,2022,Marine LE PEN,Marine LE PEN,True
27243,2022,Marine LE PEN,Marine LE PEN,True
27244,2022,Emmanuel MACRON,François FILLON,False
27245,2022,Marine LE PEN,Marine LE PEN,True
27246,2022,Emmanuel MACRON,François FILLON,False
27247,2022,Emmanuel MACRON,François FILLON,False
27248,2022,Marine LE PEN,Marine LE PEN,True
27249,2022,Emmanuel MACRON,François FILLON,False
27250,2022,Marine LE PEN,Marine LE PEN,True
27251,2022,Emmanuel MACRON,François FILLON,False
27252,2022,Marine LE PEN,Marine LE PEN,True
27253,2022,Marine LE PEN,Marine LE PEN,True
27254,2022,Emmanuel MACRON,François FILLON,False
27255,2022,Marine LE PEN,Marine LE PEN,True
27256,2022,Marine LE PEN,Marine LE PEN,True
27257,2022,Marine LE PEN,Marine LE PEN,True
27258,2022,Emmanuel MACRON,François FILLON,False
27259,2022,Emmanuel MACRON,François FILLON,False
27260,2022,Marine LE PEN,Marine LE PEN,True
27261,2022,Marine LE PEN,Marine LE PEN,True
27262,2022,Emmanuel MACRON,François FILLON,False
27263,2022,Marine LE PEN,Marine LE PEN,True
27264,2022,Marine LE PEN,Marine LE PEN,True
27265,2022,Emmanuel MACRON,François FILLON,False
27266,2022,Marine LE PEN,Marine LE PEN,True
27267,2022,Emmanuel MACRON,François FILLON,False
27268,2022,Emmanuel MACRON,François FILLON,False
27269,2022,Marine LE PEN,Marine LE PEN,True
27270,2022,Marine LE PEN,Marine LE PEN,True
27271,2022,Marine LE PEN,Marine LE PEN,True
27272,2022,Emmanuel MACRON,François FILLON,False
27273,2022,Marine LE PEN,Marine LE PEN,True
27274,2022,Emmanuel MACRON,François FILLON,False
27275,2022,Emmanuel MACRON,François FILLON,False
27276,2022,Marine LE PEN,Marine LE PEN,True
27277,2022,Marine LE PEN,Marine LE PEN,True
27278,2022,Marine LE PEN,Marine LE PEN,True
27279,2022,Emmanuel MACRON,François FILLON,False
27280,2022,Marine LE PEN,Marine LE PEN,True
27281,2022,Marine LE PEN,Marine LE PEN,True
27282,2022,Emmanuel MACRON,François FILLON,False
27283,2022,Marine LE PEN,Marine LE PEN,True
27284,2022,Emmanuel MACRON,François FILLON,False
27285,2022,Marine LE PEN,Marine LE PEN,True
27286,2022,Marine LE PEN,Marine LE PEN,True
27287,2022,Emmanuel MACRON,François FILLON,False
27288,2022,Marine LE PEN,Marine LE PEN,True
27289,2022,Emmanuel MACRON,François FILLON,False
27290,2022,Emmanuel MACRON,François FILLON,False
27291,2022,Marine LE PEN,Marine LE PEN,True
27292,2022,Marine LE PEN,Marine LE PEN,True
27293,2022,Emmanuel MACRON,François FILLON,False
27294,2022,Marine LE PEN,Marine LE PEN,True
27295,2022,Emmanuel MACRON,François FILLON,False
27296,2022,Marine LE PEN,Marine LE PEN,True
27297,2022,Marine LE PEN,Marine LE PEN,True
27298,2022,Emmanuel MACRON,François FILLON,False
27299,2022,Marine LE PEN,Marine LE PEN,True
27300,2022,Marine LE PEN,Marine LE PEN,True
27301,2022,Marine LE PEN,Marine LE PEN,True
27302,2022,Marine LE PEN,Marine LE PEN,True
27303,2022,Marine LE PEN,Marine LE PEN,True
27304,2022,Marine LE PEN,Marine LE PEN,True
27305,2022,Marine LE PEN,Marine LE PEN,True
27306,2022,Emmanuel MACRON,François FILLON,False
27307,2022,Emmanuel MACRON,François FILLON,False
27308,2022,Emmanuel MACRON,François FILLON,False
27309,2022,Emmanuel MACRON,François FILLON,False
27310,2022,Emmanuel MACRON,François FILLON,False
27311,2022,Marine LE PEN,Marine LE PEN,True
27312,2022,Emmanuel MACRON,François FILLON,False
27313,2022,Emmanuel MACRON,François FILLON,False
27314,2022,Emmanuel MACRON,François FILLON,False
27315,2022,Marine LE PEN,Marine LE PEN,True
27316,2022,Marine LE PEN,Marine LE PEN,True
27317,2022,Emmanuel MACRON,François FILLON,False
27318,2022,Marine LE PEN,Marine LE PEN,True
27319,2022,Emmanuel MACRON,François FILLON,False
27320,2022,Emmanuel MACRON,François FILLON,False
27321,2022,Emmanuel MACRON,François FILLON,False
27322,2022,Emmanuel MACRON,François FILLON,False
27323,2022,Emmanuel MACRON,François FILLON,False
27325,2022,Emmanuel MACRON,François FILLON,False
27326,2022,Emmanuel MACRON,François FILLON,False
27327,2022,Marine LE PEN,Marine LE PEN,True
27328,2022,Marine LE PEN,Marine LE PEN,True
27329,2022,Emmanuel MACRON,François FILLON,False
27330,2022,Emmanuel MACRON,François FILLON,False
27331,2022,Marine LE PEN,Marine LE PEN,True
27332,2022,Emmanuel MACRON,François FILLON,False
27333,2022,Emmanuel MACRON,François FILLON,False
27334,2022,Emmanuel MACRON,François FILLON,False
27335,2022,Emmanuel MACRON,François FILLON,False
27336,2022,Emmanuel MACRON,François FILLON,False
27337,2022,Jean-Luc MÉLENCHON,François FILLON,False
27338,2022,Emmanuel MACRON,François FILLON,False
27339,2022,Marine LE PEN,Marine LE PEN,True
27340,2022,Emmanuel MACRON,François FILLON,False
27341,2022,Emmanuel MACRON,François FILLON,False
27342,2022,Emmanuel MACRON,François FILLON,False
27343,2022,Emmanuel MACRON,François FILLON,False
27344,2022,Marine LE PEN,Marine LE PEN,True
27345,2022,Marine LE PEN,Marine LE PEN,True
27346,2022,Emmanuel MACRON,François FILLON,False
27347,2022,Marine LE PEN,Marine LE PEN,True
27348,2022,Emmanuel MACRON,François FILLON,False
27349,2022,Marine LE PEN,Marine LE PEN,True
27350,2022,Emmanuel MACRON,François FILLON,False
27351,2022,Emmanuel MACRON,François FILLON,False
27352,2022,Marine LE PEN,Marine LE PEN,True
27353,2022,Emmanuel MACRON,François FILLON,False
27354,2022,Emmanuel MACRON,François FILLON,False
27356,2022,Emmanuel MACRON,François FILLON,False
27357,2022,Emmanuel MACRON,François FILLON,False
27358,2022,Emmanuel MACRON,François FILLON,False
27359,2022,Emmanuel MACRON,François FILLON,False
27360,2022,Emmanuel MACRON,François FILLON,False
27361,2022,Marine LE PEN,Marine LE PEN,True
27362,2022,Emmanuel MACRON,François FILLON,False
27363,2022,Emmanuel MACRON,François FILLON,False
27364,2022,Emmanuel MACRON,François FILLON,False
27365,2022,Emmanuel MACRON,François FILLON,False
27366,2022,Emmanuel MACRON,François FILLON,False
27367,2022,Marine LE PEN,Marine LE PEN,True
27368,2022,Emmanuel MACRON,François FILLON,False
27369,2022,Emmanuel MACRON,François FILLON,False
27370,2022,Emmanuel MACRON,François FILLON,False
27371,2022,Emmanuel MACRON,François FILLON,False
27372,2022,Marine LE PEN,Marine LE PEN,True
27373,2022,Marine LE PEN,Marine LE PEN,True
27374,2022,Emmanuel MACRON,François FILLON,False
27375,2022,Emmanuel MACRON,François FILLON,False
27376,2022,Emmanuel MACRON,François FILLON,False
27377,2022,Marine LE PEN,Marine LE PEN,True
27378,2022,Emmanuel MACRON,François FILLON,False
27379,2022,Emmanuel MACRON,François FILLON,False
27381,2022,Emmanuel MACRON,François FILLON,False
27382,2022,Marine LE PEN,Marine LE PEN,True
27383,2022,Emmanuel MACRON,François FILLON,False
27384,2022,Marine LE PEN,Marine LE PEN,True
27385,2022,Emmanuel MACRON,François FILLON,False
27386,2022,Marine LE PEN,Marine LE PEN,True
27387,2022,Emmanuel MACRON,François FILLON,False
27388,2022,Emmanuel MACRON,François FILLON,False
27389,2022,Emmanuel MACRON,François FILLON,False
27390,2022,Emmanuel MACRON,François FILLON,False
27391,2022,Emmanuel MACRON,François FILLON,False
27392,2022,Emmanuel MACRON,François FILLON,False
27393,2022,Emmanuel MACRON,François FILLON,False
27394,2022,Emmanuel MACRON,François FILLON,False
27395,2022,Emmanuel MACRON,François FILLON,False
27396,2022,Emmanuel MACRON,François FILLON,False
27397,2022,Jean-Luc MÉLENCHON,François FILLON,False
27398,2022,Emmanuel MACRON,François FILLON,False
27399,2022,Emmanuel MACRON,François FILLON,False
27400,2022,Emmanuel MACRON,François FILLON,False
27401,2022,Emmanuel MACRON,François FILLON,False
27402,2022,Jean-Luc MÉLENCHON,Jean-Luc MÉLENCHON,True
27403,2022,Marine LE PEN,Marine LE PEN,True
27404,2022,Marine LE PEN,Marine LE PEN,True
27405,2022,Marine LE PEN,Marine LE PEN,True
27406,2022,Emmanuel MACRON,François FILLON,False
27408,2022,Marine LE PEN,Marine LE PEN,True
27409,2022,Emmanuel MACRON,François FILLON,False
27410,2022,Emmanuel MACRON,François FILLON,False
27411,2022,Emmanuel MACRON,François FILLON,False
27412,2022,Emmanuel MACRON,François FILLON,False
27413,2022,Marine LE PEN,Marine LE PEN,True
27414,2022,Emmanuel MACRON,François FILLON,False
27415,2022,Emmanuel MACRON,François FILLON,False
27416,2022,Emmanuel MACRON,François FILLON,False
27417,2022,Emmanuel MACRON,François FILLON,False
27418,2022,Emmanuel MACRON,François FILLON,False
27419,2022,Emmanuel MACRON,François FILLON,False
27420,2022,Emmanuel MACRON,François FILLON,False
27421,2022,Emmanuel MACRON,François FILLON,False
27422,2022,Emmanuel MACRON,François FILLON,False
27423,2022,Marine LE PEN,Marine LE PEN,True
27424,2022,Marine LE PEN,Marine LE PEN,True
27425,2022,Emmanuel MACRON,François FILLON,False
27426,2022,Emmanuel MACRON,François FILLON,False
27427,2022,Emmanuel MACRON,François FILLON,False
27428,2022,Emmanuel MACRON,François FILLON,False
27429,2022,Emmanuel MACRON,François FILLON,False
27430,2022,Emmanuel MACRON,François FILLON,False
27431,2022,Emmanuel MACRON,François FILLON,False
27432,2022,Emmanuel MACRON,François FILLON,False
27433,2022,Marine LE PEN,Marine LE PEN,True
27434,2022,Emmanuel MACRON,François FILLON,False
27435,2022,Marine LE PEN,Marine LE PEN,True
27436,2022,Emmanuel MACRON,François FILLON,False
27437,2022,Emmanuel MACRON,François FILLON,False
27438,2022,Marine LE PEN,Marine LE PEN,True
27439,2022,Emmanuel MACRON,François FILLON,False
27440,2022,Jean-Luc MÉLENCHON,François FILLON,False
27441,2022,Emmanuel MACRON,François FILLON,False
27442,2022,Emmanuel MACRON,François FILLON,False
27443,2022,Emmanuel MACRON,François FILLON,False
27444,2022,Emmanuel MACRON,François FILLON,False
27445,2022,Emmanuel MACRON,François FILLON,False
27446,2022,Emmanuel MACRON,François FILLON,False
27447,2022,Emmanuel MACRON,François FILLON,False
27449,2022,Emmanuel MACRON,François FILLON,False
27450,2022,Emmanuel MACRON,François FILLON,False
27452,2022,Marine LE PEN,Marine LE PEN,True
27453,2022,Jean-Luc MÉLENCHON,François FILLON,False
27454,2022,Emmanuel MACRON,François FILLON,False
27455,2022,Emmanuel MACRON,François FILLON,False
27456,2022,Emmanuel MACRON,François FILLON,False
27457,2022,Emmanuel MACRON,François FILLON,False
27458,2022,Emmanuel MACRON,François FILLON,False
27459,2022,Emmanuel MACRON,François FILLON,False
27460,2022,Marine LE PEN,Marine LE PEN,True
27461,2022,Marine LE PEN,Marine LE PEN,True
27462,2022,Emmanuel MACRON,François FILLON,False
27463,2022,Marine LE PEN,Marine LE PEN,True
27464,2022,Marine LE PEN,Marine LE PEN,True
27465,2022,Emmanuel MACRON,François FILLON,False
27466,2022,Emmanuel MACRON,François FILLON,False
27467,2022,Emmanuel MACRON,François FILLON,False
27468,2022,Emmanuel MACRON,François FILLON,False
27469,2022,Emmanuel MACRON,François FILLON,False
27470,2022,Marine LE PEN,Marine LE PEN,True
27471,2022,Emmanuel MACRON,François FILLON,False
27472,2022,Emmanuel MACRON,François FILLON,False
27473,2022,Emmanuel MACRON,François FILLON,False
27474,2022,Emmanuel MACRON,François FILLON,False
27475,2022,Emmanuel MACRON,François FILLON,False
27476,2022,Emmanuel MACRON,François FILLON,False
27477,2022,Emmanuel MACRON,François FILLON,False
27478,2022,Marine LE PEN,Marine LE PEN,True
27479,2022,Emmanuel MACRON,François FILLON,False
27480,2022,Emmanuel MACRON,François FILLON,False
27481,2022,Marine LE PEN,Marine LE PEN,True
27482,2022,Marine LE PEN,Marine LE PEN,True
27483,2022,Emmanuel MACRON,François FILLON,False
27484,2022,Emmanuel MACRON,François FILLON,False
27486,2022,Marine LE PEN,Marine LE PEN,True
27487,2022,Emmanuel MACRON,François FILLON,False
27488,2022,Marine LE PEN,Marine LE PEN,True
27489,2022,Emmanuel MACRON,François FILLON,False
27490,2022,Emmanuel MACRON,François FILLON,False
27491,2022,Emmanuel MACRON,François FILLON,False
27492,2022,Emmanuel MACRON,François FILLON,False
27493,2022,Emmanuel MACRON,François FILLON,False
27494,2022,Emmanuel MACRON,François FILLON,False
27495,2022,Marine LE PEN,Marine LE PEN,True
27496,2022,Emmanuel MACRON,François FILLON,False
27497,2022,Marine LE PEN,Marine LE PEN,True
27498,2022,Jean-Luc MÉLENCHON,François FILLON,False
27499,2022,Marine LE PEN,Marine LE PEN,True
27500,2022,Marine LE PEN,Marine LE PEN,True
27501,2022,Emmanuel MACRON,François FILLON,False
27502,2022,Marine LE PEN,Marine LE PEN,True
27503,2022,Emmanuel MACRON,François FILLON,False
27504,2022,Emmanuel MACRON,François FILLON,False
27505,2022,Marine LE PEN,Marine LE PEN,True
27506,2022,Emmanuel MACRON,François FILLON,False
27507,2022,Emmanuel MACRON,François FILLON,False
27508,2022,Marine LE PEN,Marine LE PEN,True
27511,2022,Emmanuel MACRON,François FILLON,False
27513,2022,Marine LE PEN,Marine LE PEN,True
27514,2022,Emmanuel MACRON,François FILLON,False
27515,2022,Emmanuel MACRON,François FILLON,False
27516,2022,Emmanuel MACRON,François FILLON,False
27517,2022,Marine LE PEN,Marine LE PEN,True
27518,2022,Emmanuel MACRON,François FILLON,False
27519,2022,Emmanuel MACRON,François FILLON,False
27522,2022,Emmanuel MACRON,François FILLON,False
27523,2022,Emmanuel MACRON,François FILLON,False
27524,2022,Emmanuel MACRON,François FILLON,False
27525,2022,Marine LE PEN,Marine LE PEN,True
27526,2022,Emmanuel MACRON,François FILLON,False
27527,2022,Emmanuel MACRON,François FILLON,False
27528,2022,Emmanuel MACRON,François FILLON,False
27529,2022,Emmanuel MACRON,François FILLON,False
27530,2022,Emmanuel MACRON,François FILLON,False
27531,2022,Marine LE PEN,Marine LE PEN,True
27532,2022,Emmanuel MACRON,François FILLON,False
27533,2022,Emmanuel MACRON,François FILLON,False
27534,2022,Marine LE PEN,Marine LE PEN,True
27535,2022,Emmanuel MACRON,François FILLON,False
27536,2022,Marine LE PEN,Marine LE PEN,True
27537,2022,Emmanuel MACRON,François FILLON,False
27538,2022,Emmanuel MACRON,François FILLON,False
27539,2022,Emmanuel MACRON,François FILLON,False
27540,2022,Emmanuel MACRON,François FILLON,False
27541,2022,Marine LE PEN,Marine LE PEN,True
27542,2022,Emmanuel MACRON,François FILLON,False
27543,2022,Emmanuel MACRON,François FILLON,False
27545,2022,Emmanuel MACRON,François FILLON,False
27546,2022,Marine LE PEN,Marine LE PEN,True
27547,2022,Marine LE PEN,Marine LE PEN,True
27548,2022,Emmanuel MACRON,François FILLON,False
27549,2022,Jean-Luc MÉLENCHON,François FILLON,False
27550,2022,Marine LE PEN,Marine LE PEN,True
27551,2022,Emmanuel MACRON,François FILLON,False
27552,2022,Jean-Luc MÉLENCHON,Jean-Luc MÉLENCHON,True
27553,2022,Emmanuel MACRON,François FILLON,False
27554,2022,Emmanuel MACRON,François FILLON,False
27555,2022,Marine LE PEN,Marine LE PEN,True
27556,2022,Jean-Luc MÉLENCHON,François FILLON,False
27557,2022,Emmanuel MACRON,François FILLON,False
27558,2022,Jean-Luc MÉLENCHON,Jean-Luc MÉLENCHON,True
27559,2022,Emmanuel MACRON,François FILLON,False
27560,2022,Emmanuel MACRON,François FILLON,False
27561,2022,Emmanuel MACRON,François FILLON,False
27562,2022,Emmanuel MACRON,François FILLON,False
27563,2022,Emmanuel MACRON,François FILLON,False
27564,2022,Emmanuel MACRON,François FILLON,False
27565,2022,Emmanuel MACRON,François FILLON,False
27566,2022,Jean-Luc MÉLENCHON,Jean-Luc MÉLENCHON,True
27567,2022,Jean-Luc MÉLENCHON,Jean-Luc MÉLENCHON,True
27568,2022,Emmanuel MACRON,François FILLON,False
27569,2022,Emmanuel MACRON,François FILLON,False
27570,2022,Emmanuel MACRON,François FILLON,False
27571,2022,Marine LE PEN,Marine LE PEN,True
27572,2022,Emmanuel MACRON,François FILLON,False
27573,2022,Jean-Luc MÉLENCHON,François FILLON,False
27574,2022,Emmanuel MACRON,François FILLON,False
27575,2022,Emmanuel MACRON,François FILLON,False
27576,2022,Marine LE PEN,Marine LE PEN,True
27577,2022,Jean-Luc MÉLENCHON,Jean-Luc MÉLENCHON,True
27578,2022,Emmanuel MACRON,François FILLON,False
27579,2022,Marine LE PEN,Marine LE PEN,True
27580,2022,Marine LE PEN,Marine LE PEN,True
27581,2022,Jean-Luc MÉLENCHON,Jean-Luc MÉLENCHON,True
27582,2022,Emmanuel MACRON,François FILLON,False
27583,2022,Emmanuel MACRON,François FILLON,False
27584,2022,Emmanuel MACRON,François FILLON,False
27585,2022,Emmanuel MACRON,François FILLON,False
27586,2022,Marine LE PEN,Marine LE PEN,True
27587,2022,Emmanuel MACRON,François FILLON,False
27588,2022,Emmanuel MACRON,François FILLON,False
27589,2022,Emmanuel MACRON,François FILLON,False
27590,2022,Marine LE PEN,Marine LE PEN,True
27591,2022,Marine LE PEN,Marine LE PEN,True
27592,2022,Marine LE PEN,Marine LE PEN,True
27593,2022,Marine LE PEN,Marine LE PEN,True
27594,2022,Marine LE PEN,Marine LE PEN,True
27595,2022,Emmanuel MACRON,François FILLON,False
27596,2022,Marine LE PEN,Marine LE PEN,True
27597,2022,Marine LE PEN,Marine LE PEN,True
27598,2022,Marine LE PEN,Marine LE PEN,True
27599,2022,Marine LE PEN,Marine LE PEN,True
27600,2022,Marine LE PEN,Marine LE PEN,True
27601,2022,Marine LE PEN,Marine LE PEN,True
27602,2022,Marine LE PEN,Marine LE PEN,True
27603,2022,Emmanuel MACRON,François FILLON,False
27604,2022,Marine LE PEN,Marine LE PEN,True
27605,2022,Marine LE PEN,Marine LE PEN,True
27606,2022,Marine LE PEN,Marine LE PEN,True
27607,2022,Marine LE PEN,Marine LE PEN,True
27608,2022,Marine LE PEN,Marine LE PEN,True
27609,2022,Marine LE PEN,Marine LE PEN,True
27610,2022,Marine LE PEN,Marine LE PEN,True
27611,2022,Marine LE PEN,Marine LE PEN,True
27612,2022,Marine LE PEN,Marine LE PEN,True
27613,2022,Marine LE PEN,Marine LE PEN,True
27614,2022,Marine LE PEN,Marine LE PEN,True
27615,2022,Marine LE PEN,Marine LE PEN,True
27616,2022,Marine LE PEN,Marine LE PEN,True
27617,2022,Marine LE PEN,Marine LE PEN,True
27618,2022,Marine LE PEN,Marine LE PEN,True
27619,2022,Marine LE PEN,Marine LE PEN,True
27620,2022,Emmanuel MACRON,François FILLON,False
27621,2022,Marine LE PEN,Marine LE PEN,True
27622,2022,Marine LE PEN,Marine LE PEN,True
27623,2022,Marine LE PEN,Marine LE PEN,True
27624,2022,Marine LE PEN,Marine LE PEN,True
27625,2022,Marine LE PEN,Marine LE PEN,True
27626,2022,Marine LE PEN,Marine LE PEN,True
27627,2022,Marine LE PEN,Marine LE PEN,True
27628,2022,Marine LE PEN,Marine LE PEN,True
27629,2022,Marine LE PEN,Marine LE PEN,True
27630,2022,Marine LE PEN,Marine LE PEN,True
27631,2022,Marine LE PEN,Marine LE PEN,True
27632,2022,Marine LE PEN,Marine LE PEN,True
27633,2022,Marine LE PEN,Marine LE PEN,True
27634,2022,Marine LE PEN,Marine LE PEN,True
27635,2022,Marine LE PEN,Marine LE PEN,True
27636,2022,Marine LE PEN,Marine LE PEN,True
27637,2022,Marine LE PEN,Marine LE PEN,True
27638,2022,Marine LE PEN,Marine LE PEN,True
27639,2022,Marine LE PEN,Marine LE PEN,True
27640,2022,Marine LE PEN,Marine LE PEN,True
27641,2022,Marine LE PEN,Marine LE PEN,True
27642,2022,Marine LE PEN,Marine LE PEN,True
27643,2022,Marine LE PEN,Marine LE PEN,True
27644,2022,Marine LE PEN,Marine LE PEN,True
27645,2022,Marine LE PEN,Marine LE PEN,True
27646,2022,Marine LE PEN,Marine LE PEN,True
27647,2022,Marine LE PEN,Marine LE PEN,True
27648,2022,Marine LE PEN,Marine LE PEN,True
27649,2022,Emmanuel MACRON,François FILLON,False
27650,2022,Emmanuel MACRON,François FILLON,False
27651,2022,Marine LE PEN,Marine LE PEN,True
27652,2022,Marine LE PEN,Marine LE PEN,True
27654,2022,Marine LE PEN,Marine LE PEN,True
27655,2022,Emmanuel MACRON,François FILLON,False
27656,2022,Marine LE PEN,Marine LE PEN,True
27657,2022,Jean-Luc MÉLENCHON,François FILLON,False
27658,2022,Marine LE PEN,Marine LE PEN,True
27659,2022,Marine LE PEN,Marine LE PEN,True
27660,2022,Marine LE PEN,Marine LE PEN,True
27661,2022,Marine LE PEN,Marine LE PEN,True
27662,2022,Marine LE PEN,Marine LE PEN,True
27663,2022,Emmanuel MACRON,François FILLON,False
27664,2022,Marine LE PEN,Marine LE PEN,True
27665,2022,Marine LE PEN,Marine LE PEN,True
27666,2022,Marine LE PEN,Marine LE PEN,True
27667,2022,Marine LE PEN,Marine LE PEN,True
27668,2022,Jean-Luc MÉLENCHON,François FILLON,False
27669,2022,Marine LE PEN,Marine LE PEN,True
27670,2022,Marine LE PEN,Marine LE PEN,True
27671,2022,Marine LE PEN,Marine LE PEN,True
27672,2022,Marine LE PEN,Marine LE PEN,True
27673,2022,Marine LE PEN,Marine LE PEN,True
27674,2022,Marine LE PEN,Marine LE PEN,True
27675,2022,Emmanuel MACRON,François FILLON,False
27676,2022,Jean-Luc MÉLENCHON,François FILLON,False
27677,2022,Marine LE PEN,Marine LE PEN,True
27678,2022,Marine LE PEN,Marine LE PEN,True
27679,2022,Marine LE PEN,Marine LE PEN,True
27680,2022,Marine LE PEN,Marine LE PEN,True
27681,2022,Marine LE PEN,Marine LE PEN,True
27682,2022,Marine LE PEN,Marine LE PEN,True
27683,2022,Marine LE PEN,Marine LE PEN,True
27684,2022,Marine LE PEN,Marine LE PEN,True
27685,2022,Marine LE PEN,Marine LE PEN,True
27686,2022,Marine LE PEN,Marine LE PEN,True
27687,2022,Marine LE PEN,Marine LE PEN,True
27688,2022,Marine LE PEN,Marine LE PEN,True
27689,2022,Marine LE PEN,Marine LE PEN,True
27690,2022,Marine LE PEN,Marine LE PEN,True
27691,2022,Marine LE PEN,Marine LE PEN,True
27692,2022,Marine LE PEN,Marine LE PEN,True
27693,2022,Emmanuel MACRON,François FILLON,False
27694,2022,Emmanuel MACRON,François FILLON,False
27695,2022,Marine LE PEN,Marine LE PEN,True
27696,2022,Marine LE PEN,Marine LE PEN,True
27697,2022,Emmanuel MACRON,François FILLON,False
27698,2022,Marine LE PEN,Marine LE PEN,True
27699,2022,Marine LE PEN,Marine LE PEN,True
27700,2022,Marine LE PEN,Marine LE PEN,True
27701,2022,Marine LE PEN,Marine LE PEN,True
27702,2022,Emmanuel MACRON,François FILLON,False
27703,2022,Emmanuel MACRON,François FILLON,False
27704,2022,Marine LE PEN,Marine LE PEN,True
27705,2022,Marine LE PEN,Marine LE PEN,True
27706,2022,Marine LE PEN,Marine LE PEN,True
27707,2022,Marine LE PEN,Marine LE PEN,True
27708,2022,Marine LE PEN,Marine LE PEN,True
27709,2022,Marine LE PEN,Marine LE PEN,True
27710,2022,Marine LE PEN,Marine LE PEN,True
27711,2022,Marine LE PEN,Marine LE PEN,True
27712,2022,Marine LE PEN,Marine LE PEN,True
27713,2022,Emmanuel MACRON,François FILLON,False
27714,2022,Marine LE PEN,Marine LE PEN,True
27715,2022,Marine LE PEN,Marine LE PEN,True
27716,2022,Emmanuel MACRON,François FILLON,False
27717,2022,Marine LE PEN,Marine LE PEN,True
27718,2022,Marine LE PEN,Marine LE PEN,True
27719,2022,Marine LE PEN,Marine LE PEN,True
27720,2022,Marine LE PEN,Marine LE PEN,True
27721,2022,Marine LE PEN,Marine LE PEN,True
27722,2022,Marine LE PEN,Marine LE PEN,True
27723,2022,Marine LE PEN,Marine LE PEN,True
27724,2022,Marine LE PEN,Marine LE PEN,True
27725,2022,Marine LE PEN,Marine LE PEN,True
27726,2022,Marine LE PEN,Marine LE PEN,True
27727,2022,Marine LE PEN,Marine LE PEN,True
27728,2022,Marine LE PEN,Marine LE PEN,True
27729,2022,Emmanuel MACRON,François FILLON,False
27730,2022,Marine LE PEN,Marine LE PEN,True
27731,2022,Marine LE PEN,Marine LE PEN,True
27732,2022,Emmanuel MACRON,François FILLON,False
27733,2022,Marine LE PEN,Marine LE PEN,True
27734,2022,Marine LE PEN,Marine LE PEN,True
27735,2022,Marine LE PEN,Marine LE PEN,True
27736,2022,Marine LE PEN,Marine LE PEN,True
27737,2022,Marine LE PEN,Marine LE PEN,True
27738,2022,Marine LE PEN,Marine LE PEN,True
27739,2022,Marine LE PEN,Marine LE PEN,True
27740,2022,Marine LE PEN,Marine LE PEN,True
27741,2022,Marine LE PEN,Marine LE PEN,True
27742,2022,Emmanuel MACRON,François FILLON,False
27743,2022,Marine LE PEN,Marine LE PEN,True
27744,2022,Marine LE PEN,Marine LE PEN,True
27745,2022,Marine LE PEN,Marine LE PEN,True
27746,2022,Emmanuel MACRON,François FILLON,False
27747,2022,Marine LE PEN,Marine LE PEN,True
27748,2022,Marine LE PEN,Marine LE PEN,True
27749,2022,Marine LE PEN,Marine LE PEN,True
27750,2022,Marine LE PEN,Marine LE PEN,True
27751,2022,Marine LE PEN,Marine LE PEN,True
27752,2022,Marine LE PEN,Marine LE PEN,True
27753,2022,Emmanuel MACRON,François FILLON,False
27754,2022,Marine LE PEN,Marine LE PEN,True
27755,2022,Marine LE PEN,Marine LE PEN,True
27756,2022,Marine LE PEN,Marine LE PEN,True
27757,2022,Marine LE PEN,Marine LE PEN,True
27758,2022,Marine LE PEN,Marine LE PEN,True
27759,2022,Marine LE PEN,Marine LE PEN,True
27760,2022,Marine LE PEN,Marine LE PEN,True
27761,2022,Marine LE PEN,Marine LE PEN,True
27762,2022,Marine LE PEN,Marine LE PEN,True
27763,2022,Marine LE PEN,Marine LE PEN,True
27764,2022,Marine LE PEN,Marine LE PEN,True
27765,2022,Emmanuel MACRON,François FILLON,False
27766,2022,Marine LE PEN,Marine LE PEN,True
27767,2022,Marine LE PEN,Marine LE PEN,True
27768,2022,Emmanuel MACRON,François FILLON,False
27769,2022,Marine LE PEN,Marine LE PEN,True
27770,2022,Emmanuel MACRON,François FILLON,False
27771,2022,Marine LE PEN,Marine LE PEN,True
27772,2022,Marine LE PEN,Marine LE PEN,True
27773,2022,Marine LE PEN,Marine LE PEN,True
27774,2022,Marine LE PEN,Marine LE PEN,True
27775,2022,Marine LE PEN,Marine LE PEN,True
27776,2022,Marine LE PEN,Marine LE PEN,True
27777,2022,Marine LE PEN,Marine LE PEN,True
27778,2022,Marine LE PEN,Marine LE PEN,True
27779,2022,Marine LE PEN,Marine LE PEN,True
27780,2022,Marine LE PEN,Marine LE PEN,True
27781,2022,Emmanuel MACRON,François FILLON,False
27782,2022,Marine LE PEN,Marine LE PEN,True
27783,2022,Marine LE PEN,Marine LE PEN,True
27784,2022,Emmanuel MACRON,François FILLON,False
27785,2022,Marine LE PEN,Marine LE PEN,True
27786,2022,Marine LE PEN,Marine LE PEN,True
27787,2022,Marine LE PEN,Marine LE PEN,True
27788,2022,Marine LE PEN,Marine LE PEN,True
27789,2022,Marine LE PEN,Marine LE PEN,True
27790,2022,Emmanuel MACRON,François FILLON,False
27791,2022,Emmanuel MACRON,François FILLON,False
27792,2022,Marine LE PEN,Marine LE PEN,True
27793,2022,Marine LE PEN,Marine LE PEN,True
27794,2022,Marine LE PEN,Marine LE PEN,True
27795,2022,Marine LE PEN,Marine LE PEN,True
27796,2022,Marine LE PEN,Marine LE PEN,True
27797,2022,Marine LE PEN,Marine LE PEN,True
27798,2022,Marine LE PEN,Marine LE PEN,True
27799,2022,Emmanuel MACRON,François FILLON,False
27800,2022,Marine LE PEN,Marine LE PEN,True
27801,2022,Marine LE PEN,Marine LE PEN,True
27802,2022,Emmanuel MACRON,François FILLON,False
27803,2022,Marine LE PEN,Marine LE PEN,True
27804,2022,Marine LE PEN,Marine LE PEN,True
27805,2022,Marine LE PEN,Marine LE PEN,True
27806,2022,Marine LE PEN,Marine LE PEN,True
27807,2022,Marine LE PEN,Marine LE PEN,True
27808,2022,Marine LE PEN,Marine LE PEN,True
27809,2022,Marine LE PEN,Marine LE PEN,True
27810,2022,Emmanuel MACRON,François FILLON,False
27811,2022,Marine LE PEN,Marine LE PEN,True
27812,2022,Marine LE PEN,Marine LE PEN,True
27813,2022,Marine LE PEN,Marine LE PEN,True
27814,2022,Emmanuel MACRON,François FILLON,False
27815,2022,Marine LE PEN,Marine LE PEN,True
27816,2022,Marine LE PEN,Marine LE PEN,True
27817,2022,Marine LE PEN,Marine LE PEN,True
27818,2022,Marine LE PEN,Marine LE PEN,True
27819,2022,Marine LE PEN,Marine LE PEN,True
27820,2022,Marine LE PEN,Marine LE PEN,True
27821,2022,Marine LE PEN,Marine LE PEN,True
27822,2022,Marine LE PEN,Marine LE PEN,True
27823,2022,Marine LE PEN,Marine LE PEN,True
27824,2022,Marine LE PEN,Marine LE PEN,True
27825,2022,Marine LE PEN,Marine LE PEN,True
27826,2022,Marine LE PEN,Marine LE PEN,True
27827,2022,Marine LE PEN,Marine LE PEN,True
27828,2022,Marine LE PEN,Marine LE PEN,True
27829,2022,Marine LE PEN,Marine LE PEN,True
27830,2022,Marine LE PEN,Marine LE PEN,True
27831,2022,Marine LE PEN,Marine LE PEN,True
27832,2022,Marine LE PEN,Marine LE PEN,True
27833,2022,Marine LE PEN,Marine LE PEN,True
27834,2022,Emmanuel MACRON,François FILLON,False
27835,2022,Marine LE PEN,Marine LE PEN,True
27836,2022,Marine LE PEN,Marine LE PEN,True
27837,2022,Marine LE PEN,Marine LE PEN,True
27838,2022,Marine LE PEN,Marine LE PEN,True
27839,2022,Marine LE PEN,Marine LE PEN,True
27840,2022,Emmanuel MACRON,François FILLON,False
27841,2022,Marine LE PEN,Marine LE PEN,True
27842,2022,Marine LE PEN,Marine LE PEN,True
27843,2022,Marine LE PEN,Marine LE PEN,True
27844,2022,Marine LE PEN,Marine LE PEN,True
27845,2022,Marine LE PEN,Marine LE PEN,True
27846,2022,Marine LE PEN,Marine LE PEN,True
27847,2022,Marine LE PEN,Marine LE PEN,True
27848,2022,Marine LE PEN,Marine LE PEN,True
27849,2022,Marine LE PEN,Marine LE PEN,True
27850,2022,Marine LE PEN,Marine LE PEN,True
27851,2022,Emmanuel MACRON,François FILLON,False
27852,2022,Marine LE PEN,Marine LE PEN,True
27853,2022,Marine LE PEN,Marine LE PEN,True
27854,2022,Marine LE PEN,Marine LE PEN,True
27855,2022,Marine LE PEN,Marine LE PEN,True
27856,2022,Emmanuel MACRON,François FILLON,False
27857,2022,Marine LE PEN,Marine LE PEN,True
27858,2022,Emmanuel MACRON,François FILLON,False
27859,2022,Marine LE PEN,Marine LE PEN,True
27860,2022,Jean-Luc MÉLENCHON,François FILLON,False
27861,2022,Marine LE PEN,Marine LE PEN,True
27862,2022,Marine LE PEN,Marine LE PEN,True
27863,2022,Marine LE PEN,Marine LE PEN,True
27864,2022,Marine LE PEN,Marine LE PEN,True
27865,2022,Marine LE PEN,Marine LE PEN,True
27866,2022,Marine LE PEN,Marine LE PEN,True
27867,2022,Marine LE PEN,Marine LE PEN,True
27868,2022,Marine LE PEN,Marine LE PEN,True
27869,2022,Emmanuel MACRON,François FILLON,False
27870,2022,Marine LE PEN,Marine LE PEN,True
27871,2022,Marine LE PEN,Marine LE PEN,True
27872,2022,Marine LE PEN,Marine LE PEN,True
27873,2022,Emmanuel MACRON,François FILLON,False
27874,2022,Marine LE PEN,Marine LE PEN,True
27875,2022,Marine LE PEN,Marine LE PEN,True
27876,2022,Marine LE PEN,Marine LE PEN,True
27877,2022,Marine LE PEN,Marine LE PEN,True
27878,2022,Marine LE PEN,Marine LE PEN,True
27879,2022,Marine LE PEN,Marine LE PEN,True
27880,2022,Marine LE PEN,Marine LE PEN,True
27881,2022,Marine LE PEN,Marine LE PEN,True
27882,2022,Marine LE PEN,Marine LE PEN,True
27883,2022,Marine LE PEN,Marine LE PEN,True
27884,2022,Marine LE PEN,Marine LE PEN,True
27885,2022,Marine LE PEN,Marine LE PEN,True
27886,2022,Marine LE PEN,Marine LE PEN,True
27887,2022,Marine LE PEN,Marine LE PEN,True
27888,2022,Marine LE PEN,Marine LE PEN,True
27889,2022,Marine LE PEN,Marine LE PEN,True
27890,2022,Marine LE PEN,Marine LE PEN,True
27891,2022,Marine LE PEN,Marine LE PEN,True
27892,2022,Marine LE PEN,Marine LE PEN,True
27893,2022,Emmanuel MACRON,François FILLON,False
27894,2022,Marine LE PEN,Marine LE PEN,True
27895,2022,Emmanuel MACRON,François FILLON,False
27896,2022,Emmanuel MACRON,François FILLON,False
27897,2022,Marine LE PEN,Marine LE PEN,True
27898,2022,Emmanuel MACRON,François FILLON,False
27899,2022,Emmanuel MACRON,François FILLON,False
27900,2022,Marine LE PEN,Marine LE PEN,True
27901,2022,Marine LE PEN,Marine LE PEN,True
27902,2022,Marine LE PEN,Marine LE PEN,True
27903,2022,Marine LE PEN,Marine LE PEN,True
27904,2022,Marine LE PEN,Marine LE PEN,True
27906,2022,Marine LE PEN,Marine LE PEN,True
27907,2022,Marine LE PEN,Marine LE PEN,True
27908,2022,Marine LE PEN,Marine LE PEN,True
27909,2022,Marine LE PEN,Marine LE PEN,True
27910,2022,Marine LE PEN,Marine LE PEN,True
27911,2022,Marine LE PEN,Marine LE PEN,True
27912,2022,Marine LE PEN,Marine LE PEN,True
27913,2022,Marine LE PEN,Marine LE PEN,True
27914,2022,Marine LE PEN,Marine LE PEN,True
27915,2022,Marine LE PEN,Marine LE PEN,True
27916,2022,Marine LE PEN,Marine LE PEN,True
27917,2022,Marine LE PEN,Marine LE PEN,True
27918,2022,Jean LASSALLE,François FILLON,False
27919,2022,Marine LE PEN,Marine LE PEN,True
27920,2022,Marine LE PEN,Marine LE PEN,True
27921,2022,Emmanuel MACRON,François FILLON,False
27922,2022,Marine LE PEN,Marine LE PEN,True
27923,2022,Marine LE PEN,Marine LE PEN,True
27924,2022,Emmanuel MACRON,François FILLON,False
27925,2022,Emmanuel MACRON,François FILLON,False
27926,2022,Marine LE PEN,Marine LE PEN,True
27927,2022,Marine LE PEN,Marine LE PEN,True
27928,2022,Emmanuel MACRON,François FILLON,False
27929,2022,Emmanuel MACRON,François FILLON,False
27930,2022,Emmanuel MACRON,François FILLON,False
27931,2022,Marine LE PEN,Marine LE PEN,True
27932,2022,Marine LE PEN,Marine LE PEN,True
27933,2022,Marine LE PEN,Marine LE PEN,True
27934,2022,Marine LE PEN,Marine LE PEN,True
27935,2022,Marine LE PEN,Marine LE PEN,True
27936,2022,Marine LE PEN,Marine LE PEN,True
27937,2022,Marine LE PEN,Marine LE PEN,True
27939,2022,Marine LE PEN,Marine LE PEN,True
27940,2022,Emmanuel MACRON,François FILLON,False
27941,2022,Marine LE PEN,Marine LE PEN,True
27942,2022,Marine LE PEN,Marine LE PEN,True
27943,2022,Marine LE PEN,Marine LE PEN,True
27944,2022,Marine LE PEN,Marine LE PEN,True
27945,2022,Marine LE PEN,Marine LE PEN,True
27946,2022,Marine LE PEN,Marine LE PEN,True
27947,2022,Marine LE PEN,Marine LE PEN,True
27948,2022,Marine LE PEN,Marine LE PEN,True
27949,2022,Marine LE PEN,Marine LE PEN,True
27950,2022,Marine LE PEN,Marine LE PEN,True
27951,2022,Marine LE PEN,Marine LE PEN,True
27952,2022,Marine LE PEN,Marine LE PEN,True
27953,2022,Marine LE PEN,Marine LE PEN,True
27954,2022,Emmanuel MACRON,François FILLON,False
27955,2022,Emmanuel MACRON,François FILLON,False
27956,2022,Marine LE PEN,Marine LE PEN,True
27957,2022,Marine LE PEN,Marine LE PEN,True
27958,2022,Marine LE PEN,Marine LE PEN,True
27959,2022,Marine LE PEN,Marine LE PEN,True
27960,2022,Marine LE PEN,Marine LE PEN,True
27961,2022,Marine LE PEN,Marine LE PEN,True
27962,2022,Marine LE PEN,Marine LE PEN,True
27963,2022,Marine LE PEN,Marine LE PEN,True
27964,2022,Marine LE PEN,Marine LE PEN,True
27965,2022,Marine LE PEN,Marine LE PEN,True
27966,2022,Marine LE PEN,Marine LE PEN,True
27967,2022,Emmanuel MACRON,François FILLON,False
27968,2022,Marine LE PEN,Marine LE PEN,True
27969,2022,Marine LE PEN,Marine LE PEN,True
27970,2022,Marine LE PEN,Marine LE PEN,True
27971,2022,Marine LE PEN,Marine LE PEN,True
27972,2022,Marine LE PEN,Marine LE PEN,True
27973,2022,Marine LE PEN,Marine LE PEN,True
27974,2022,Marine LE PEN,Marine LE PEN,True
27975,2022,Marine LE PEN,Marine LE PEN,True
27976,2022,Marine LE PEN,Marine LE PEN,True
27977,2022,Marine LE PEN,Marine LE PEN,True
27978,2022,Marine LE PEN,Marine LE PEN,True
27979,2022,Marine LE PEN,Marine LE PEN,True
27980,2022,Marine LE PEN,Marine LE PEN,True
27981,2022,Marine LE PEN,Marine LE PEN,True
27982,2022,Emmanuel MACRON,François FILLON,False
27983,2022,Marine LE PEN,Marine LE PEN,True
27984,2022,Marine LE PEN,Marine LE PEN,True
27985,2022,Marine LE PEN,Marine LE PEN,True
27986,2022,Marine LE PEN,Marine LE PEN,True
27987,2022,Marine LE PEN,Marine LE PEN,True
27988,2022,Emmanuel MACRON,François FILLON,False
27989,2022,Marine LE PEN,Marine LE PEN,True
27990,2022,Marine LE PEN,Marine LE PEN,True
27991,2022,Emmanuel MACRON,François FILLON,False
27992,2022,Marine LE PEN,Marine LE PEN,True
27993,2022,Marine LE PEN,Marine LE PEN,True
27994,2022,Emmanuel MACRON,François FILLON,False
27995,2022,Emmanuel MACRON,François FILLON,False
27996,2022,Marine LE PEN,Marine LE PEN,True
27997,2022,Marine LE PEN,Marine LE PEN,True
27998,2022,Marine LE PEN,Marine LE PEN,True
27999,2022,Marine LE PEN,Marine LE PEN,True
28000,2022,Marine LE PEN,Marine LE PEN,True
28001,2022,Marine LE PEN,Marine LE PEN,True
28002,2022,Marine LE PEN,Marine LE PEN,True
28003,2022,Marine LE PEN,Marine LE PEN,True
28004,2022,Emmanuel MACRON,François FILLON,False
28005,2022,Marine LE PEN,Marine LE PEN,True
28006,2022,Marine LE PEN,Marine LE PEN,True
28008,2022,Marine LE PEN,Marine LE PEN,True
28009,2022,Marine LE PEN,Marine LE PEN,True
28010,2022,Marine LE PEN,Marine LE PEN,True
28011,2022,Emmanuel MACRON,François FILLON,False
28012,2022,Marine LE PEN,Marine LE PEN,True
28013,2022,Marine LE PEN,Marine LE PEN,True
28014,2022,Marine LE PEN,Marine LE PEN,True
28015,2022,Marine LE PEN,Marine LE PEN,True
28016,2022,Marine LE PEN,Marine LE PEN,True
28017,2022,Emmanuel MACRON,François FILLON,False
28018,2022,Emmanuel MACRON,François FILLON,False
28019,2022,Marine LE PEN,Marine LE PEN,True
28020,2022,Marine LE PEN,Marine LE PEN,True
28021,2022,Marine LE PEN,Marine LE PEN,True
28022,2022,Marine LE PEN,Marine LE PEN,True
28023,2022,Marine LE PEN,Marine LE PEN,True
28024,2022,Marine LE PEN,Marine LE PEN,True
28025,2022,Marine LE PEN,Marine LE PEN,True
28026,2022,Marine LE PEN,Marine LE PEN,True
28027,2022,Marine LE PEN,Marine LE PEN,True
28028,2022,Marine LE PEN,Marine LE PEN,True
28029,2022,Emmanuel MACRON,François FILLON,False
28031,2022,Marine LE PEN,Marine LE PEN,True
28032,2022,Marine LE PEN,Marine LE PEN,True
28033,2022,Marine LE PEN,Marine LE PEN,True
28034,2022,Marine LE PEN,Marine LE PEN,True
28035,2022,Marine LE PEN,Marine LE PEN,True
28036,2022,Marine LE PEN,Marine LE PEN,True
28037,2022,Marine LE PEN,Marine LE PEN,True
28038,2022,Marine LE PEN,Marine LE PEN,True
28039,2022,Marine LE PEN,Marine LE PEN,True
28040,2022,Marine LE PEN,Marine LE PEN,True
28041,2022,Marine LE PEN,Marine LE PEN,True
28042,2022,Marine LE PEN,Marine LE PEN,True
28043,2022,Marine LE PEN,Marine LE PEN,True
28044,2022,Marine LE PEN,Marine LE PEN,True
28045,2022,Marine LE PEN,Marine LE PEN,True
28046,2022,Marine LE PEN,Marine LE PEN,True
28047,2022,Marine LE PEN,Marine LE PEN,True
28048,2022,Emmanuel MACRON,François FILLON,False
28049,2022,Emmanuel MACRON,François FILLON,False
28050,2022,Marine LE PEN,Marine LE PEN,True
28052,2022,Marine LE PEN,Marine LE PEN,True
28053,2022,Marine LE PEN,Marine LE PEN,True
28054,2022,Marine LE PEN,Marine LE PEN,True
28055,2022,Marine LE PEN,Marine LE PEN,True
28056,2022,Marine LE PEN,Marine LE PEN,True
28057,2022,Emmanuel MACRON,François FILLON,False
28058,2022,Marine LE PEN,Marine LE PEN,True
28059,2022,Emmanuel MACRON,François FILLON,False
28060,2022,Marine LE PEN,Marine LE PEN,True
28061,2022,Marine LE PEN,Marine LE PEN,True
28062,2022,Marine LE PEN,Marine LE PEN,True
28063,2022,Marine LE PEN,Marine LE PEN,True
28064,2022,Marine LE PEN,Marine LE PEN,True
28065,2022,Marine LE PEN,Marine LE PEN,True
28066,2022,Emmanuel MACRON,François FILLON,False
28067,2022,Marine LE PEN,Marine LE PEN,True
28068,2022,Marine LE PEN,Marine LE PEN,True
28069,2022,Marine LE PEN,Marine LE PEN,True
28070,2022,Marine LE PEN,Marine LE PEN,True
28071,2022,Emmanuel MACRON,François FILLON,False
28072,2022,Emmanuel MACRON,François FILLON,False
28073,2022,Marine LE PEN,Marine LE PEN,True
28074,2022,Marine LE PEN,Marine LE PEN,True
28075,2022,Marine LE PEN,Marine LE PEN,True
28076,2022,Marine LE PEN,Marine LE PEN,True
28077,2022,Marine LE PEN,Marine LE PEN,True
28078,2022,Marine LE PEN,Marine LE PEN,True
28079,2022,Marine LE PEN,Marine LE PEN,True
28080,2022,Emmanuel MACRON,François FILLON,False
28081,2022,Marine LE PEN,Marine LE PEN,True
28082,2022,Marine LE PEN,Marine LE PEN,True
28083,2022,Marine LE PEN,Marine LE PEN,True
28084,2022,Marine LE PEN,Marine LE PEN,True
28085,2022,Marine LE PEN,Marine LE PEN,True
28086,2022,Marine LE PEN,Marine LE PEN,True
28087,2022,Marine LE PEN,Marine LE PEN,True
28088,2022,Emmanuel MACRON,François FILLON,False
28089,2022,Marine LE PEN,Marine LE PEN,True
28090,2022,Marine LE PEN,Marine LE PEN,True
28091,2022,Marine LE PEN,Marine LE PEN,True
28092,2022,Marine LE PEN,Marine LE PEN,True
28093,2022,Marine LE PEN,Marine LE PEN,True
28094,2022,Marine LE PEN,Marine LE PEN,True
28095,2022,Marine LE PEN,Marine LE PEN,True
28096,2022,Marine LE PEN,Marine LE PEN,True
28097,2022,Marine LE PEN,Marine LE PEN,True
28098,2022,Marine LE PEN,Marine LE PEN,True
28099,2022,Emmanuel MACRON,François FILLON,False
28100,2022,Marine LE PEN,Marine LE PEN,True
28101,2022,Marine LE PEN,Marine LE PEN,True
28102,2022,Emmanuel MACRON,François FILLON,False
28103,2022,Marine LE PEN,Marine LE PEN,True
28104,2022,Marine LE PEN,Marine LE PEN,True
28105,2022,Marine LE PEN,Marine LE PEN,True
28106,2022,Marine LE PEN,Marine LE PEN,True
28107,2022,Marine LE PEN,Marine LE PEN,True
28108,2022,Emmanuel MACRON,François FILLON,False
28109,2022,Marine LE PEN,Marine LE PEN,True
28110,2022,Marine LE PEN,Marine LE PEN,True
28111,2022,Marine LE PEN,Marine LE PEN,True
28112,2022,Marine LE PEN,Marine LE PEN,True
28113,2022,Emmanuel MACRON,François FILLON,False
28114,2022,Marine LE PEN,Marine LE PEN,True
28115,2022,Marine LE PEN,Marine LE PEN,True
28116,2022,Marine LE PEN,Marine LE PEN,True
28117,2022,Marine LE PEN,Marine LE PEN,True
28118,2022,Marine LE PEN,Marine LE PEN,True
28119,2022,Marine LE PEN,Marine LE PEN,True
28120,2022,Marine LE PEN,Marine LE PEN,True
28121,2022,Marine LE PEN,Marine LE PEN,True
28122,2022,Marine LE PEN,Marine LE PEN,True
28123,2022,Marine LE PEN,Marine LE PEN,True
28124,2022,Emmanuel MACRON,François FILLON,False
28125,2022,Marine LE PEN,Marine LE PEN,True
28126,2022,Marine LE PEN,Marine LE PEN,True
28127,2022,Marine LE PEN,Marine LE PEN,True
28128,2022,Marine LE PEN,Marine LE PEN,True
28129,2022,Marine LE PEN,Marine LE PEN,True
28130,2022,Marine LE PEN,Marine LE PEN,True
28131,2022,Marine LE PEN,Marine LE PEN,True
28132,2022,Marine LE PEN,Marine LE PEN,True
28133,2022,Marine LE PEN,Marine LE PEN,True
28134,2022,Marine LE PEN,Marine LE PEN,True
28135,2022,Marine LE PEN,Marine LE PEN,True
28136,2022,Emmanuel MACRON,François FILLON,False
28137,2022,Emmanuel MACRON,François FILLON,False
28138,2022,Emmanuel MACRON,François FILLON,False
28139,2022,Emmanuel MACRON,François FILLON,False
28140,2022,Marine LE PEN,Marine LE PEN,True
28141,2022,Emmanuel MACRON,François FILLON,False
28142,2022,Marine LE PEN,Marine LE PEN,True
28143,2022,Emmanuel MACRON,François FILLON,False
28144,2022,Marine LE PEN,Marine LE PEN,True
28145,2022,Marine LE PEN,Marine LE PEN,True
28146,2022,Emmanuel MACRON,François FILLON,False
28147,2022,Marine LE PEN,Marine LE PEN,True
28148,2022,Marine LE PEN,Marine LE PEN,True
28149,2022,Emmanuel MACRON,François FILLON,False
28150,2022,Marine LE PEN,Marine LE PEN,True
28151,2022,Emmanuel MACRON,François FILLON,False
28152,2022,Marine LE PEN,Marine LE PEN,True
28153,2022,Marine LE PEN,Marine LE PEN,True
28154,2022,Marine LE PEN,Marine LE PEN,True
28155,2022,Marine LE PEN,Marine LE PEN,True
28156,2022,Marine LE PEN,Marine LE PEN,True
28157,2022,Emmanuel MACRON,François FILLON,False
28158,2022,Marine LE PEN,Marine LE PEN,True
28159,2022,Marine LE PEN,Marine LE PEN,True
28160,2022,Marine LE PEN,Marine LE PEN,True
28161,2022,Marine LE PEN,Marine LE PEN,True
28162,2022,Emmanuel MACRON,François FILLON,False
28164,2022,Emmanuel MACRON,François FILLON,False
28165,2022,Marine LE PEN,Marine LE PEN,True
28166,2022,Marine LE PEN,Marine LE PEN,True
28167,2022,Marine LE PEN,Marine LE PEN,True
28168,2022,Marine LE PEN,Marine LE PEN,True
28169,2022,Emmanuel MACRON,François FILLON,False
28170,2022,Marine LE PEN,Marine LE PEN,True
28171,2022,Jean-Luc MÉLENCHON,François FILLON,False
28172,2022,Marine LE PEN,Marine LE PEN,True
28173,2022,Marine LE PEN,Marine LE PEN,True
28174,2022,Jean-Luc MÉLENCHON,François FILLON,False
28175,2022,Marine LE PEN,Marine LE PEN,True
28176,2022,Marine LE PEN,Marine LE PEN,True
28177,2022,Marine LE PEN,Marine LE PEN,True
28178,2022,Marine LE PEN,Marine LE PEN,True
28179,2022,Emmanuel MACRON,François FILLON,False
28180,2022,Emmanuel MACRON,François FILLON,False
28181,2022,Emmanuel MACRON,François FILLON,False
28182,2022,Emmanuel MACRON,François FILLON,False
28183,2022,Emmanuel MACRON,François FILLON,False
28184,2022,Marine LE PEN,Marine LE PEN,True
28186,2022,Marine LE PEN,Marine LE PEN,True
28187,2022,Marine LE PEN,Marine LE PEN,True
28188,2022,Marine LE PEN,Marine LE PEN,True
28189,2022,Emmanuel MACRON,François FILLON,False
28190,2022,Emmanuel MACRON,François FILLON,False
28191,2022,Marine LE PEN,Marine LE PEN,True
28192,2022,Emmanuel MACRON,François FILLON,False
28193,2022,Marine LE PEN,Marine LE PEN,True
28194,2022,Marine LE PEN,Marine LE PEN,True
28195,2022,Jean-Luc MÉLENCHON,François FILLON,False
28196,2022,Emmanuel MACRON,François FILLON,False
28197,2022,Emmanuel MACRON,François FILLON,False
28198,2022,Emmanuel MACRON,François FILLON,False
28199,2022,Emmanuel MACRON,François FILLON,False
28200,2022,Emmanuel MACRON,François FILLON,False
28201,2022,Emmanuel MACRON,François FILLON,False
28202,2022,Emmanuel MACRON,François FILLON,False
28203,2022,Marine LE PEN,Marine LE PEN,True
28204,2022,Emmanuel MACRON,François FILLON,False
28205,2022,Marine LE PEN,Marine LE PEN,True
28206,2022,Emmanuel MACRON,Emmanuel MACRON,True
28207,2022,Marine LE PEN,Marine LE PEN,True
28208,2022,Emmanuel MACRON,François FILLON,False
28209,2022,Marine LE PEN,Marine LE PEN,True
28210,2022,Emmanuel MACRON,François FILLON,False
28211,2022,Jean-Luc MÉLENCHON,François FILLON,False
28212,2022,Emmanuel MACRON,François FILLON,False
28213,2022,Emmanuel MACRON,François FILLON,False
28214,2022,Emmanuel MACRON,François FILLON,False
28215,2022,Emmanuel MACRON,François FILLON,False
28216,2022,Emmanuel MACRON,François FILLON,False
28217,2022,Marine LE PEN,Marine LE PEN,True
28218,2022,Emmanuel MACRON,François FILLON,False
28219,2022,Emmanuel MACRON,François FILLON,False
28220,2022,Emmanuel MACRON,François FILLON,False
28221,2022,Emmanuel MACRON,François FILLON,False
28222,2022,Marine LE PEN,Marine LE PEN,True
28223,2022,Emmanuel MACRON,François FILLON,False
28224,2022,Emmanuel MACRON,François FILLON,False
28225,2022,Marine LE PEN,Marine LE PEN,True
28226,2022,Marine LE PEN,Marine LE PEN,True
28227,2022,Marine LE PEN,Marine LE PEN,True
28228,2022,Emmanuel MACRON,François FILLON,False
28229,2022,Emmanuel MACRON,François FILLON,False
28230,2022,Marine LE PEN,Marine LE PEN,True
28231,2022,Emmanuel MACRON,François FILLON,False
28232,2022,Emmanuel MACRON,François FILLON,False
28233,2022,Marine LE PEN,Marine LE PEN,True
28234,2022,Emmanuel MACRON,François FILLON,False
28235,2022,Emmanuel MACRON,François FILLON,False
28236,2022,Emmanuel MACRON,François FILLON,False
28237,2022,Emmanuel MACRON,François FILLON,False
28238,2022,Marine LE PEN,Marine LE PEN,True
28239,2022,Emmanuel MACRON,François FILLON,False
28240,2022,Marine LE PEN,Marine LE PEN,True
28241,2022,Jean-Luc MÉLENCHON,François FILLON,False
28242,2022,Emmanuel MACRON,François FILLON,False
28243,2022,Marine LE PEN,Marine LE PEN,True
28244,2022,Marine LE PEN,Marine LE PEN,True
28245,2022,Marine LE PEN,Marine LE PEN,True
28246,2022,Emmanuel MACRON,François FILLON,False
28247,2022,Marine LE PEN,Marine LE PEN,True
28248,2022,Marine LE PEN,Marine LE PEN,True
28249,2022,Marine LE PEN,Marine LE PEN,True
28250,2022,Emmanuel MACRON,François FILLON,False
28251,2022,Marine LE PEN,Marine LE PEN,True
28252,2022,Emmanuel MACRON,François FILLON,False
28253,2022,Emmanuel MACRON,François FILLON,False
28254,2022,Emmanuel MACRON,François FILLON,False
28255,2022,Jean-Luc MÉLENCHON,François FILLON,False
28256,2022,Emmanuel MACRON,François FILLON,False
28257,2022,Marine LE PEN,Marine LE PEN,True
28258,2022,Jean-Luc MÉLENCHON,François FILLON,False
28259,2022,Marine LE PEN,Marine LE PEN,True
28260,2022,Marine LE PEN,Marine LE PEN,True
28261,2022,Emmanuel MACRON,François FILLON,False
28262,2022,Marine LE PEN,Marine LE PEN,True
28263,2022,Emmanuel MACRON,François FILLON,False
28264,2022,Marine LE PEN,Marine LE PEN,True
28265,2022,Emmanuel MACRON,François FILLON,False
28266,2022,Marine LE PEN,Marine LE PEN,True
28267,2022,Marine LE PEN,Marine LE PEN,True
28268,2022,Emmanuel MACRON,François FILLON,False
28269,2022,Emmanuel MACRON,François FILLON,False
28270,2022,Marine LE PEN,Marine LE PEN,True
28271,2022,Marine LE PEN,Marine LE PEN,True
28272,2022,Emmanuel MACRON,François FILLON,False
28273,2022,Jean-Luc MÉLENCHON,François FILLON,False
28274,2022,Marine LE PEN,Marine LE PEN,True
28275,2022,Emmanuel MACRON,François FILLON,False
28276,2022,Emmanuel MACRON,François FILLON,False
28277,2022,Emmanuel MACRON,François FILLON,False
28278,2022,Emmanuel MACRON,François FILLON,False
28279,2022,Emmanuel MACRON,François FILLON,False
28280,2022,Emmanuel MACRON,François FILLON,False
28281,2022,Marine LE PEN,Marine LE PEN,True
28282,2022,Emmanuel MACRON,François FILLON,False
28283,2022,Jean-Luc MÉLENCHON,François FILLON,False
28284,2022,Emmanuel MACRON,François FILLON,False
28285,2022,Emmanuel MACRON,François FILLON,False
28286,2022,Jean-Luc MÉLENCHON,François FILLON,False
28287,2022,Emmanuel MACRON,François FILLON,False
28288,2022,Marine LE PEN,Marine LE PEN,True
28289,2022,Marine LE PEN,Marine LE PEN,True
28290,2022,Emmanuel MACRON,François FILLON,False
28291,2022,Emmanuel MACRON,François FILLON,False
28292,2022,Marine LE PEN,Marine LE PEN,True
28293,2022,Marine LE PEN,Marine LE PEN,True
28294,2022,Marine LE PEN,Marine LE PEN,True
28295,2022,Marine LE PEN,Marine LE PEN,True
28296,2022,Emmanuel MACRON,François FILLON,False
28297,2022,Emmanuel MACRON,François FILLON,False
28298,2022,Marine LE PEN,Marine LE PEN,True
28299,2022,Emmanuel MACRON,François FILLON,False
28300,2022,Marine LE PEN,Marine LE PEN,True
28301,2022,Emmanuel MACRON,François FILLON,False
28302,2022,Marine LE PEN,Marine LE PEN,True
28303,2022,Marine LE PEN,Marine LE PEN,True
28304,2022,Marine LE PEN,Marine LE PEN,True
28305,2022,Emmanuel MACRON,François FILLON,False
28306,2022,Emmanuel MACRON,François FILLON,False
28307,2022,Emmanuel MACRON,François FILLON,False
28308,2022,Emmanuel MACRON,François FILLON,False
28309,2022,Jean-Luc MÉLENCHON,François FILLON,False
28310,2022,Marine LE PEN,Marine LE PEN,True
28311,2022,Emmanuel MACRON,François FILLON,False
28312,2022,Marine LE PEN,Marine LE PEN,True
28313,2022,Marine LE PEN,Marine LE PEN,True
28314,2022,Emmanuel MACRON,François FILLON,False
28315,2022,Marine LE PEN,Marine LE PEN,True
28316,2022,Marine LE PEN,Marine LE PEN,True
28317,2022,Emmanuel MACRON,François FILLON,False
28318,2022,Marine LE PEN,Marine LE PEN,True
28319,2022,Emmanuel MACRON,François FILLON,False
28320,2022,Emmanuel MACRON,François FILLON,False
28321,2022,Emmanuel MACRON,François FILLON,False
28322,2022,Marine LE PEN,Marine LE PEN,True
28323,2022,Marine LE PEN,Marine LE PEN,True
28324,2022,Emmanuel MACRON,François FILLON,False
28325,2022,Emmanuel MACRON,François FILLON,False
28326,2022,Jean-Luc MÉLENCHON,François FILLON,False
28327,2022,Emmanuel MACRON,François FILLON,False
28328,2022,Emmanuel MACRON,François FILLON,False
28329,2022,Emmanuel MACRON,François FILLON,False
28330,2022,Marine LE PEN,Marine LE PEN,True
28331,2022,Marine LE PEN,Marine LE PEN,True
28332,2022,Marine LE PEN,Marine LE PEN,True
28333,2022,Emmanuel MACRON,François FILLON,False
28334,2022,Marine LE PEN,Marine LE PEN,True
28335,2022,Emmanuel MACRON,François FILLON,False
28336,2022,Marine LE PEN,Marine LE PEN,True
28337,2022,Marine LE PEN,Marine LE PEN,True
28338,2022,Marine LE PEN,Marine LE PEN,True
28339,2022,Marine LE PEN,Marine LE PEN,True
28340,2022,Emmanuel MACRON,François FILLON,False
28341,2022,Marine LE PEN,Marine LE PEN,True
28342,2022,Emmanuel MACRON,François FILLON,False
28343,2022,Marine LE PEN,Marine LE PEN,True
28344,2022,Marine LE PEN,Marine LE PEN,True
28345,2022,Emmanuel MACRON,François FILLON,False
28346,2022,Emmanuel MACRON,François FILLON,False
28347,2022,Marine LE PEN,Marine LE PEN,True
28348,2022,Emmanuel MACRON,François FILLON,False
28349,2022,Marine LE PEN,Marine LE PEN,True
28350,2022,Emmanuel MACRON,François FILLON,False
28351,2022,Emmanuel MACRON,François FILLON,False
28352,2022,Marine LE PEN,Marine LE PEN,True
28353,2022,Marine LE PEN,Marine LE PEN,True
28354,2022,Marine LE PEN,Marine LE PEN,True
28355,2022,Marine LE PEN,Marine LE PEN,True
28356,2022,Emmanuel MACRON,François FILLON,False
28357,2022,Marine LE PEN,Marine LE PEN,True
28358,2022,Marine LE PEN,Marine LE PEN,True
28359,2022,Emmanuel MACRON,François FILLON,False
28360,2022,Marine LE PEN,Marine LE PEN,True
28361,2022,Marine LE PEN,Marine LE PEN,True
28362,2022,Emmanuel MACRON,François FILLON,False
28363,2022,Marine LE PEN,Marine LE PEN,True
28364,2022,Jean-Luc MÉLENCHON,François FILLON,False
28365,2022,Emmanuel MACRON,François FILLON,False
28366,2022,Emmanuel MACRON,François FILLON,False
28367,2022,Marine LE PEN,Marine LE PEN,True
28368,2022,Marine LE PEN,Marine LE PEN,True
28369,2022,Marine LE PEN,Marine LE PEN,True
28370,2022,Marine LE PEN,Marine LE PEN,True
28371,2022,Emmanuel MACRON,François FILLON,False
28372,2022,Emmanuel MACRON,François FILLON,False
28373,2022,Marine LE PEN,Marine LE PEN,True
28374,2022,Emmanuel MACRON,François FILLON,False
28375,2022,Marine LE PEN,Marine LE PEN,True
28376,2022,Emmanuel MACRON,François FILLON,False
28377,2022,Emmanuel MACRON,François FILLON,False
28378,2022,Marine LE PEN,Marine LE PEN,True
28379,2022,Marine LE PEN,Marine LE PEN,True
28380,2022,Marine LE PEN,Marine LE PEN,True
28381,2022,Marine LE PEN,Marine LE PEN,True
28382,2022,Emmanuel MACRON,François FILLON,False
28383,2022,Emmanuel MACRON,François FILLON,False
28384,2022,Marine LE PEN,Marine LE PEN,True
28385,2022,Marine LE PEN,Marine LE PEN,True
28386,2022,Marine LE PEN,Marine LE PEN,True
28387,2022,Jean-Luc MÉLENCHON,François FILLON,False
28388,2022,Marine LE PEN,Marine LE PEN,True
28389,2022,Emmanuel MACRON,François FILLON,False
28390,2022,Emmanuel MACRON,François FILLON,False
28391,2022,Emmanuel MACRON,François FILLON,False
28392,2022,Emmanuel MACRON,François FILLON,False
28393,2022,Emmanuel MACRON,François FILLON,False
28394,2022,Jean-Luc MÉLENCHON,François FILLON,False
28395,2022,Marine LE PEN,Marine LE PEN,True
28396,2022,Emmanuel MACRON,François FILLON,False
28397,2022,Emmanuel MACRON,François FILLON,False
28398,2022,Emmanuel MACRON,François FILLON,False
28399,2022,Marine LE PEN,Marine LE PEN,True
28400,2022,Marine LE PEN,Marine LE PEN,True
28401,2022,Emmanuel MACRON,François FILLON,False
28402,2022,Marine LE PEN,Marine LE PEN,True
28403,2022,Marine LE PEN,Marine LE PEN,True
28404,2022,Marine LE PEN,Marine LE PEN,True
28405,2022,Marine LE PEN,Marine LE PEN,True
28406,2022,Emmanuel MACRON,François FILLON,False
28407,2022,Emmanuel MACRON,François FILLON,False
28408,2022,Marine LE PEN,Marine LE PEN,True
28409,2022,Emmanuel MACRON,François FILLON,False
28410,2022,Emmanuel MACRON,François FILLON,False
28411,2022,Emmanuel MACRON,François FILLON,False
28412,2022,Marine LE PEN,Marine LE PEN,True
28413,2022,Emmanuel MACRON,François FILLON,False
28414,2022,Marine LE PEN,Marine LE PEN,True
28415,2022,Emmanuel MACRON,François FILLON,False
28416,2022,Marine LE PEN,Marine LE PEN,True
28417,2022,Marine LE PEN,Marine LE PEN,True
28418,2022,Marine LE PEN,Marine LE PEN,True
28419,2022,Marine LE PEN,Marine LE PEN,True
28420,2022,Marine LE PEN,Marine LE PEN,True
28421,2022,Marine LE PEN,Marine LE PEN,True
28422,2022,Emmanuel MACRON,François FILLON,False
28423,2022,Marine LE PEN,Marine LE PEN,True
28425,2022,Marine LE PEN,Marine LE PEN,True
28426,2022,Marine LE PEN,Marine LE PEN,True
28427,2022,Emmanuel MACRON,François FILLON,False
28429,2022,Emmanuel MACRON,François FILLON,False
28430,2022,Marine LE PEN,Marine LE PEN,True
28431,2022,Marine LE PEN,Marine LE PEN,True
28432,2022,Marine LE PEN,Marine LE PEN,True
28433,2022,Marine LE PEN,Marine LE PEN,True
28434,2022,Marine LE PEN,Marine LE PEN,True
28435,2022,Marine LE PEN,Marine LE PEN,True
28436,2022,Emmanuel MACRON,François FILLON,False
28437,2022,Marine LE PEN,Marine LE PEN,True
28438,2022,Marine LE PEN,Marine LE PEN,True
28439,2022,Marine LE PEN,Marine LE PEN,True
28440,2022,Emmanuel MACRON,François FILLON,False
28441,2022,Jean-Luc MÉLENCHON,François FILLON,False
28443,2022,Jean-Luc MÉLENCHON,François FILLON,False
28444,2022,Emmanuel MACRON,François FILLON,False
28445,2022,Marine LE PEN,Marine LE PEN,True
28446,2022,Marine LE PEN,Marine LE PEN,True
28447,2022,Marine LE PEN,Marine LE PEN,True
28448,2022,Marine LE PEN,Marine LE PEN,True
28449,2022,Marine LE PEN,Marine LE PEN,True
28450,2022,Emmanuel MACRON,François FILLON,False
28451,2022,Emmanuel MACRON,François FILLON,False
28452,2022,Marine LE PEN,Marine LE PEN,True
28453,2022,Emmanuel MACRON,François FILLON,False
28454,2022,Marine LE PEN,Marine LE PEN,True
28455,2022,Marine LE PEN,Marine LE PEN,True
28456,2022,Marine LE PEN,Marine LE PEN,True
28457,2022,Emmanuel MACRON,François FILLON,False
28458,2022,Emmanuel MACRON,François FILLON,False
28459,2022,Marine LE PEN,Marine LE PEN,True
28460,2022,Marine LE PEN,Marine LE PEN,True
28461,2022,Marine LE PEN,Marine LE PEN,True
28462,2022,Emmanuel MACRON,François FILLON,False
28463,2022,Emmanuel MACRON,François FILLON,False
28464,2022,Marine LE PEN,Marine LE PEN,True
28465,2022,Emmanuel MACRON,François FILLON,False
28466,2022,Marine LE PEN,Marine LE PEN,True
28467,2022,Marine LE PEN,Marine LE PEN,True
28468,2022,Marine LE PEN,Marine LE PEN,True
28469,2022,Marine LE PEN,Marine LE PEN,True
28470,2022,Emmanuel MACRON,François FILLON,False
28471,2022,Marine LE PEN,Marine LE PEN,True
28472,2022,Marine LE PEN,Marine LE PEN,True
28473,2022,Marine LE PEN,Marine LE PEN,True
28474,2022,Emmanuel MACRON,François FILLON,False
28475,2022,Marine LE PEN,Marine LE PEN,True
28476,2022,Marine LE PEN,Marine LE PEN,True
28477,2022,Marine LE PEN,Marine LE PEN,True
28478,2022,Jean-Luc MÉLENCHON,François FILLON,False
28479,2022,Emmanuel MACRON,François FILLON,False
28480,2022,Emmanuel MACRON,François FILLON,False
28481,2022,Emmanuel MACRON,François FILLON,False
28482,2022,Marine LE PEN,Marine LE PEN,True
28483,2022,Emmanuel MACRON,François FILLON,False
28484,2022,Marine LE PEN,Marine LE PEN,True
28485,2022,Marine LE PEN,Marine LE PEN,True
28486,2022,Emmanuel MACRON,François FILLON,False
28487,2022,Marine LE PEN,Marine LE PEN,True
28488,2022,Marine LE PEN,Marine LE PEN,True
28489,2022,Emmanuel MACRON,François FILLON,False
28490,2022,Marine LE PEN,Marine LE PEN,True
28491,2022,Emmanuel MACRON,François FILLON,False
28492,2022,Marine LE PEN,Marine LE PEN,True
28493,2022,Marine LE PEN,Marine LE PEN,True
28494,2022,Emmanuel MACRON,François FILLON,False
28495,2022,Jean-Luc MÉLENCHON,François FILLON,False
28496,2022,Emmanuel MACRON,François FILLON,False
28497,2022,Emmanuel MACRON,François FILLON,False
28498,2022,Marine LE PEN,Marine LE PEN,True
28499,2022,Marine LE PEN,Marine LE PEN,True
28500,2022,Emmanuel MACRON,François FILLON,False
28501,2022,Marine LE PEN,Marine LE PEN,True
28502,2022,Marine LE PEN,Marine LE PEN,True
28503,2022,Marine LE PEN,Marine LE PEN,True
28504,2022,Emmanuel MACRON,François FILLON,False
28505,2022,Marine LE PEN,Marine LE PEN,True
28506,2022,Emmanuel MACRON,François FILLON,False
28507,2022,Marine LE PEN,Marine LE PEN,True
28508,2022,Emmanuel MACRON,François FILLON,False
28509,2022,Marine LE PEN,Marine LE PEN,True
28510,2022,Marine LE PEN,Marine LE PEN,True
28511,2022,Marine LE PEN,Marine LE PEN,True
28512,2022,Emmanuel MACRON,François FILLON,False
28513,2022,Marine LE PEN,Marine LE PEN,True
28514,2022,Emmanuel MACRON,François FILLON,False
28515,2022,Marine LE PEN,Marine LE PEN,True
28516,2022,Emmanuel MACRON,François FILLON,False
28517,2022,Marine LE PEN,Marine LE PEN,True
28518,2022,Emmanuel MACRON,François FILLON,False
28519,2022,Jean-Luc MÉLENCHON,François FILLON,False
28520,2022,Marine LE PEN,Marine LE PEN,True
28521,2022,Marine LE PEN,Marine LE PEN,True
28522,2022,Emmanuel MACRON,François FILLON,False
28523,2022,Emmanuel MACRON,François FILLON,False
28524,2022,Marine LE PEN,Marine LE PEN,True
28525,2022,Emmanuel MACRON,François FILLON,False
28526,2022,Marine LE PEN,Marine LE PEN,True
28527,2022,Emmanuel MACRON,François FILLON,False
28528,2022,Marine LE PEN,Marine LE PEN,True
28529,2022,Marine LE PEN,Marine LE PEN,True
28530,2022,Jean-Luc MÉLENCHON,François FILLON,False
28531,2022,Emmanuel MACRON,François FILLON,False
28532,2022,Emmanuel MACRON,François FILLON,False
28533,2022,Marine LE PEN,Marine LE PEN,True
28534,2022,Emmanuel MACRON,François FILLON,False
28535,2022,Marine LE PEN,Marine LE PEN,True
28536,2022,Emmanuel MACRON,François FILLON,False
28537,2022,Marine LE PEN,Marine LE PEN,True
28538,2022,Marine LE PEN,Marine LE PEN,True
28539,2022,Emmanuel MACRON,François FILLON,False
28540,2022,Emmanuel MACRON,François FILLON,False
28541,2022,Marine LE PEN,Marine LE PEN,True
28542,2022,Jean-Luc MÉLENCHON,François FILLON,False
28543,2022,Marine LE PEN,Marine LE PEN,True
28544,2022,Marine LE PEN,Marine LE PEN,True
28545,2022,Emmanuel MACRON,François FILLON,False
28546,2022,Marine LE PEN,Marine LE PEN,True
28547,2022,Emmanuel MACRON,François FILLON,False
28548,2022,Marine LE PEN,Marine LE PEN,True
28549,2022,Emmanuel MACRON,François FILLON,False
28550,2022,Jean-Luc MÉLENCHON,François FILLON,False
28551,2022,Marine LE PEN,Marine LE PEN,True
28552,2022,Marine LE PEN,Marine LE PEN,True
28553,2022,Emmanuel MACRON,François FILLON,False
28554,2022,Marine LE PEN,Marine LE PEN,True
28555,2022,Emmanuel MACRON,François FILLON,False
28556,2022,Jean-Luc MÉLENCHON,François FILLON,False
28557,2022,Emmanuel MACRON,François FILLON,False
28558,2022,Marine LE PEN,Marine LE PEN,True
28559,2022,Emmanuel MACRON,François FILLON,False
28560,2022,Marine LE PEN,Marine LE PEN,True
28561,2022,Marine LE PEN,Marine LE PEN,True
28562,2022,Emmanuel MACRON,François FILLON,False
28563,2022,Emmanuel MACRON,François FILLON,False
28564,2022,Emmanuel MACRON,François FILLON,False
28565,2022,Marine LE PEN,Marine LE PEN,True
28566,2022,Marine LE PEN,Marine LE PEN,True
28567,2022,Jean-Luc MÉLENCHON,François FILLON,False
28568,2022,Jean-Luc MÉLENCHON,François FILLON,False
28569,2022,Emmanuel MACRON,François FILLON,False
28570,2022,Marine LE PEN,Marine LE PEN,True
28571,2022,Emmanuel MACRON,François FILLON,False
28572,2022,Marine LE PEN,Marine LE PEN,True
28573,2022,Marine LE PEN,Marine LE PEN,True
28574,2022,Emmanuel MACRON,François FILLON,False
28575,2022,Emmanuel MACRON,François FILLON,False
28576,2022,Emmanuel MACRON,François FILLON,False
28577,2022,Marine LE PEN,Marine LE PEN,True
28578,2022,Marine LE PEN,Marine LE PEN,True
28579,2022,Emmanuel MACRON,François FILLON,False
28580,2022,Marine LE PEN,Marine LE PEN,True
28581,2022,Marine LE PEN,Marine LE PEN,True
28582,2022,Marine LE PEN,Marine LE PEN,True
28583,2022,Marine LE PEN,Marine LE PEN,True
28584,2022,Emmanuel MACRON,François FILLON,False
28585,2022,Emmanuel MACRON,François FILLON,False
28586,2022,Marine LE PEN,Marine LE PEN,True
28587,2022,Marine LE PEN,Marine LE PEN,True
28588,2022,Emmanuel MACRON,François FILLON,False
28589,2022,Marine LE PEN,Marine LE PEN,True
28590,2022,Emmanuel MACRON,François FILLON,False
28591,2022,Marine LE PEN,Marine LE PEN,True
28592,2022,Emmanuel MACRON,François FILLON,False
28593,2022,Marine LE PEN,Marine LE PEN,True
28594,2022,Emmanuel MACRON,François FILLON,False
28595,2022,Marine LE PEN,Marine LE PEN,True
28596,2022,Marine LE PEN,Marine LE PEN,True
28597,2022,Emmanuel MACRON,François FILLON,False
28598,2022,Marine LE PEN,Marine LE PEN,True
28599,2022,Emmanuel MACRON,François FILLON,False
28600,2022,Marine LE PEN,Marine LE PEN,True
28601,2022,Emmanuel MACRON,François FILLON,False
28602,2022,Emmanuel MACRON,François FILLON,False
28603,2022,Marine LE PEN,Marine LE PEN,True
28604,2022,Emmanuel MACRON,François FILLON,False
28605,2022,Marine LE PEN,Marine LE PEN,True
28606,2022,Emmanuel MACRON,François FILLON,False
28607,2022,Marine LE PEN,Marine LE PEN,True
28608,2022,Emmanuel MACRON,François FILLON,False
28609,2022,Marine LE PEN,Marine LE PEN,True
28610,2022,Emmanuel MACRON,François FILLON,False
28611,2022,Emmanuel MACRON,François FILLON,False
28612,2022,Emmanuel MACRON,François FILLON,False
28613,2022,Marine LE PEN,Marine LE PEN,True
28614,2022,Emmanuel MACRON,François FILLON,False
28615,2022,Jean-Luc MÉLENCHON,François FILLON,False
28616,2022,Marine LE PEN,Marine LE PEN,True
28617,2022,Marine LE PEN,Marine LE PEN,True
28618,2022,Marine LE PEN,Marine LE PEN,True
28619,2022,Emmanuel MACRON,François FILLON,False
28620,2022,Marine LE PEN,Marine LE PEN,True
28621,2022,Emmanuel MACRON,François FILLON,False
28622,2022,Marine LE PEN,Marine LE PEN,True
28623,2022,Marine LE PEN,Marine LE PEN,True
28624,2022,Emmanuel MACRON,François FILLON,False
28625,2022,Marine LE PEN,Marine LE PEN,True
28626,2022,Emmanuel MACRON,François FILLON,False
28627,2022,Marine LE PEN,Marine LE PEN,True
28628,2022,Emmanuel MACRON,François FILLON,False
28629,2022,Marine LE PEN,Marine LE PEN,True
28630,2022,Marine LE PEN,Marine LE PEN,True
28631,2022,Emmanuel MACRON,François FILLON,False
28632,2022,Marine LE PEN,Marine LE PEN,True
28633,2022,Marine LE PEN,Marine LE PEN,True
28634,2022,Emmanuel MACRON,François FILLON,False
28635,2022,Marine LE PEN,Marine LE PEN,True
28636,2022,Marine LE PEN,Marine LE PEN,True
28637,2022,Emmanuel MACRON,François FILLON,False
28638,2022,Emmanuel MACRON,François FILLON,False
28639,2022,Emmanuel MACRON,François FILLON,False
28640,2022,Marine LE PEN,Marine LE PEN,True
28641,2022,Marine LE PEN,Marine LE PEN,True
28642,2022,Emmanuel MACRON,François FILLON,False
28643,2022,Marine LE PEN,Marine LE PEN,True
28644,2022,Marine LE PEN,Marine LE PEN,True
28645,2022,Emmanuel MACRON,François FILLON,False
28646,2022,Emmanuel MACRON,François FILLON,False
28647,2022,Marine LE PEN,Marine LE PEN,True
28648,2022,Marine LE PEN,Marine LE PEN,True
28649,2022,Marine LE PEN,Marine LE PEN,True
28650,2022,Marine LE PEN,Marine LE PEN,True
28651,2022,Emmanuel MACRON,François FILLON,False
28652,2022,Jean-Luc MÉLENCHON,François FILLON,False
28653,2022,Marine LE PEN,Marine LE PEN,True
28654,2022,Emmanuel MACRON,François FILLON,False
28655,2022,Emmanuel MACRON,François FILLON,False
28656,2022,Emmanuel MACRON,François FILLON,False
28657,2022,Emmanuel MACRON,François FILLON,False
28658,2022,Jean-Luc MÉLENCHON,François FILLON,False
28659,2022,Emmanuel MACRON,François FILLON,False
28660,2022,Marine LE PEN,Marine LE PEN,True
28661,2022,Marine LE PEN,Marine LE PEN,True
28662,2022,Emmanuel MACRON,François FILLON,False
28663,2022,Jean-Luc MÉLENCHON,François FILLON,False
28664,2022,Emmanuel MACRON,François FILLON,False
28665,2022,Emmanuel MACRON,François FILLON,False
28666,2022,Emmanuel MACRON,François FILLON,False
28667,2022,Marine LE PEN,Marine LE PEN,True
28668,2022,Emmanuel MACRON,François FILLON,False
28669,2022,Marine LE PEN,Marine LE PEN,True
28670,2022,Marine LE PEN,Marine LE PEN,True
28671,2022,Emmanuel MACRON,François FILLON,False
28672,2022,Marine LE PEN,Marine LE PEN,True
28673,2022,Emmanuel MACRON,François FILLON,False
28674,2022,Marine LE PEN,Marine LE PEN,True
28675,2022,Marine LE PEN,Marine LE PEN,True
28676,2022,Marine LE PEN,Marine LE PEN,True
28677,2022,Marine LE PEN,Marine LE PEN,True
28678,2022,Emmanuel MACRON,François FILLON,False
28679,2022,Marine LE PEN,Marine LE PEN,True
28680,2022,Marine LE PEN,Marine LE PEN,True
28681,2022,Emmanuel MACRON,François FILLON,False
28682,2022,Marine LE PEN,Marine LE PEN,True
28683,2022,Marine LE PEN,Marine LE PEN,True
28684,2022,Emmanuel MACRON,François FILLON,False
28685,2022,Emmanuel MACRON,François FILLON,False
28686,2022,Marine LE PEN,Marine LE PEN,True
28687,2022,Marine LE PEN,Marine LE PEN,True
28688,2022,Marine LE PEN,Marine LE PEN,True
28689,2022,Marine LE PEN,Marine LE PEN,True
28690,2022,Emmanuel MACRON,François FILLON,False
28691,2022,Jean-Luc MÉLENCHON,François FILLON,False
28692,2022,Emmanuel MACRON,François FILLON,False
28693,2022,Emmanuel MACRON,François FILLON,False
28694,2022,Marine LE PEN,Marine LE PEN,True
28695,2022,Emmanuel MACRON,François FILLON,False
28696,2022,Emmanuel MACRON,François FILLON,False
28697,2022,Marine LE PEN,Marine LE PEN,True
28698,2022,Emmanuel MACRON,François FILLON,False
28699,2022,Marine LE PEN,Marine LE PEN,True
28700,2022,Emmanuel MACRON,François FILLON,False
28701,2022,Emmanuel MACRON,François FILLON,False
28702,2022,Marine LE PEN,Marine LE PEN,True
28703,2022,Marine LE PEN,Marine LE PEN,True
28704,2022,Emmanuel MACRON,François FILLON,False
28705,2022,Emmanuel MACRON,François FILLON,False
28706,2022,Marine LE PEN,Marine LE PEN,True
28707,2022,Emmanuel MACRON,François FILLON,False
28708,2022,Marine LE PEN,Marine LE PEN,True
28709,2022,Emmanuel MACRON,François FILLON,False
28710,2022,Marine LE PEN,Marine LE PEN,True
28711,2022,Marine LE PEN,Marine LE PEN,True
28712,2022,Marine LE PEN,Marine LE PEN,True
28713,2022,Marine LE PEN,Marine LE PEN,True
28714,2022,Marine LE PEN,Marine LE PEN,True
28715,2022,Emmanuel MACRON,François FILLON,False
28716,2022,Marine LE PEN,Marine LE PEN,True
28717,2022,Marine LE PEN,Marine LE PEN,True
28718,2022,Marine LE PEN,Marine LE PEN,True
28719,2022,Marine LE PEN,Marine LE PEN,True
28720,2022,Marine LE PEN,Marine LE PEN,True
28721,2022,Marine LE PEN,Marine LE PEN,True
28722,2022,Emmanuel MACRON,François FILLON,False
28723,2022,Marine LE PEN,Marine LE PEN,True
28724,2022,Marine LE PEN,Marine LE PEN,True
28725,2022,Marine LE PEN,Marine LE PEN,True
28726,2022,Marine LE PEN,Marine LE PEN,True
28727,2022,Marine LE PEN,Marine LE PEN,True
28728,2022,Marine LE PEN,Marine LE PEN,True
28729,2022,Marine LE PEN,Marine LE PEN,True
28731,2022,Emmanuel MACRON,François FILLON,False
28732,2022,Marine LE PEN,Marine LE PEN,True
28733,2022,Marine LE PEN,Marine LE PEN,True
28734,2022,Marine LE PEN,Marine LE PEN,True
28735,2022,Marine LE PEN,Marine LE PEN,True
28736,2022,Marine LE PEN,Marine LE PEN,True
28737,2022,Marine LE PEN,Marine LE PEN,True
28738,2022,Marine LE PEN,Marine LE PEN,True
28739,2022,Marine LE PEN,Marine LE PEN,True
28740,2022,Emmanuel MACRON,François FILLON,False
28741,2022,Marine LE PEN,Marine LE PEN,True
28742,2022,Marine LE PEN,Marine LE PEN,True
28743,2022,Marine LE PEN,Marine LE PEN,True
28744,2022,Marine LE PEN,Marine LE PEN,True
28745,2022,Marine LE PEN,Marine LE PEN,True
28746,2022,Marine LE PEN,Marine LE PEN,True
28747,2022,Marine LE PEN,Marine LE PEN,True
28748,2022,Marine LE PEN,Marine LE PEN,True
28749,2022,Marine LE PEN,Marine LE PEN,True
28750,2022,Marine LE PEN,Marine LE PEN,True
28751,2022,Marine LE PEN,Marine LE PEN,True
28752,2022,Emmanuel MACRON,François FILLON,False
28753,2022,Marine LE PEN,Marine LE PEN,True
28754,2022,Emmanuel MACRON,François FILLON,False
28755,2022,Marine LE PEN,Marine LE PEN,True
28756,2022,Marine LE PEN,Marine LE PEN,True
28757,2022,Marine LE PEN,Marine LE PEN,True
28758,2022,Marine LE PEN,Marine LE PEN,True
28759,2022,Marine LE PEN,Marine LE PEN,True
28760,2022,Emmanuel MACRON,François FILLON,False
28761,2022,Emmanuel MACRON,François FILLON,False
28762,2022,Marine LE PEN,Marine LE PEN,True
28763,2022,Emmanuel MACRON,François FILLON,False
28764,2022,Emmanuel MACRON,François FILLON,False
28765,2022,Emmanuel MACRON,François FILLON,False
28766,2022,Marine LE PEN,Marine LE PEN,True
28767,2022,Emmanuel MACRON,François FILLON,False
28768,2022,Marine LE PEN,Marine LE PEN,True
28769,2022,Marine LE PEN,Marine LE PEN,True
28770,2022,Marine LE PEN,Marine LE PEN,True
28771,2022,Marine LE PEN,Marine LE PEN,True
28772,2022,Marine LE PEN,Marine LE PEN,True
28773,2022,Emmanuel MACRON,François FILLON,False
28774,2022,Emmanuel MACRON,François FILLON,False
28776,2022,Marine LE PEN,Marine LE PEN,True
28777,2022,Emmanuel MACRON,François FILLON,False
28778,2022,Marine LE PEN,Marine LE PEN,True
28779,2022,Emmanuel MACRON,François FILLON,False
28780,2022,Marine LE PEN,Marine LE PEN,True
28781,2022,Marine LE PEN,Marine LE PEN,True
28782,2022,Emmanuel MACRON,François FILLON,False
28783,2022,Marine LE PEN,Marine LE PEN,True
28784,2022,Marine LE PEN,Marine LE PEN,True
28785,2022,Marine LE PEN,Marine LE PEN,True
28786,2022,Marine LE PEN,Marine LE PEN,True
28787,2022,Emmanuel MACRON,François FILLON,False
28788,2022,Emmanuel MACRON,François FILLON,False
28790,2022,Marine LE PEN,Marine LE PEN,True
28791,2022,Marine LE PEN,Marine LE PEN,True
28792,2022,Marine LE PEN,Marine LE PEN,True
28793,2022,Marine LE PEN,Marine LE PEN,True
28794,2022,Marine LE PEN,Marine LE PEN,True
28795,2022,Marine LE PEN,Marine LE PEN,True
28796,2022,Marine LE PEN,Marine LE PEN,True
28797,2022,Emmanuel MACRON,François FILLON,False
28798,2022,Marine LE PEN,Marine LE PEN,True
28799,2022,Emmanuel MACRON,François FILLON,False
28800,2022,Marine LE PEN,Marine LE PEN,True
28801,2022,Marine LE PEN,Marine LE PEN,True
28802,2022,Marine LE PEN,Marine LE PEN,True
28803,2022,Marine LE PEN,Marine LE PEN,True
28804,2022,Emmanuel MACRON,François FILLON,False
28805,2022,Marine LE PEN,Marine LE PEN,True
28806,2022,Marine LE PEN,Marine LE PEN,True
28809,2022,Marine LE PEN,Marine LE PEN,True
28810,2022,Marine LE PEN,Marine LE PEN,True
28811,2022,Marine LE PEN,Marine LE PEN,True
28812,2022,Marine LE PEN,Marine LE PEN,True
28813,2022,Marine LE PEN,Marine LE PEN,True
28814,2022,Emmanuel MACRON,François FILLON,False
28815,2022,Marine LE PEN,Marine LE PEN,True
28816,2022,Marine LE PEN,Marine LE PEN,True
28817,2022,Marine LE PEN,Marine LE PEN,True
28818,2022,Emmanuel MACRON,François FILLON,False
28819,2022,Marine LE PEN,Marine LE PEN,True
28820,2022,Marine LE PEN,Marine LE PEN,True
28821,2022,Emmanuel MACRON,François FILLON,False
28822,2022,Marine LE PEN,Marine LE PEN,True
28823,2022,Emmanuel MACRON,François FILLON,False
28824,2022,Emmanuel MACRON,François FILLON,False
28825,2022,Marine LE PEN,Marine LE PEN,True
28826,2022,Marine LE PEN,Marine LE PEN,True
28827,2022,Marine LE PEN,Marine LE PEN,True
28828,2022,Marine LE PEN,Marine LE PEN,True
28829,2022,Marine LE PEN,Marine LE PEN,True
28830,2022,Marine LE PEN,Marine LE PEN,True
28831,2022,Marine LE PEN,Marine LE PEN,True
28832,2022,Marine LE PEN,Marine LE PEN,True
28833,2022,Marine LE PEN,Marine LE PEN,True
28834,2022,Marine LE PEN,Marine LE PEN,True
28835,2022,Marine LE PEN,Marine LE PEN,True
28836,2022,Marine LE PEN,Marine LE PEN,True
28837,2022,Marine LE PEN,Marine LE PEN,True
28838,2022,Emmanuel MACRON,François FILLON,False
28839,2022,Marine LE PEN,Marine LE PEN,True
28840,2022,Marine LE PEN,Marine LE PEN,True
28841,2022,Emmanuel MACRON,François FILLON,False
28842,2022,Marine LE PEN,Marine LE PEN,True
28843,2022,Marine LE PEN,Marine LE PEN,True
28844,2022,Emmanuel MACRON,François FILLON,False
28845,2022,Emmanuel MACRON,François FILLON,False
28846,2022,Marine LE PEN,Marine LE PEN,True
28847,2022,Emmanuel MACRON,François FILLON,False
28848,2022,Marine LE PEN,Marine LE PEN,True
28849,2022,Marine LE PEN,Marine LE PEN,True
28850,2022,Marine LE PEN,Marine LE PEN,True
28851,2022,Marine LE PEN,Marine LE PEN,True
28852,2022,Marine LE PEN,Marine LE PEN,True
28853,2022,Marine LE PEN,Marine LE PEN,True
28854,2022,Emmanuel MACRON,François FILLON,False
28855,2022,Marine LE PEN,Marine LE PEN,True
28856,2022,Marine LE PEN,Marine LE PEN,True
28857,2022,Marine LE PEN,Marine LE PEN,True
28858,2022,Marine LE PEN,Marine LE PEN,True
28859,2022,Marine LE PEN,Marine LE PEN,True
28860,2022,Marine LE PEN,Marine LE PEN,True
28861,2022,Marine LE PEN,Marine LE PEN,True
28862,2022,Emmanuel MACRON,François FILLON,False
28863,2022,Marine LE PEN,Marine LE PEN,True
28864,2022,Marine LE PEN,Marine LE PEN,True
28865,2022,Emmanuel MACRON,François FILLON,False
28866,2022,Marine LE PEN,Marine LE PEN,True
28867,2022,Marine LE PEN,Marine LE PEN,True
28868,2022,Marine LE PEN,Marine LE PEN,True
28869,2022,Emmanuel MACRON,Emmanuel MACRON,True
28870,2022,Marine LE PEN,Marine LE PEN,True
28871,2022,Marine LE PEN,Marine LE PEN,True
28872,2022,Emmanuel MACRON,François FILLON,False
28873,2022,Marine LE PEN,Marine LE PEN,True
28874,2022,Marine LE PEN,Marine LE PEN,True
28875,2022,Marine LE PEN,Marine LE PEN,True
28876,2022,Emmanuel MACRON,François FILLON,False
28877,2022,Marine LE PEN,Marine LE PEN,True
28878,2022,Marine LE PEN,Marine LE PEN,True
28879,2022,Marine LE PEN,Marine LE PEN,True
28880,2022,Marine LE PEN,Marine LE PEN,True
28881,2022,Marine LE PEN,Marine LE PEN,True
28882,2022,Marine LE PEN,Marine LE PEN,True
28883,2022,Marine LE PEN,Marine LE PEN,True
28884,2022,Marine LE PEN,Marine LE PEN,True
28885,2022,Marine LE PEN,Marine LE PEN,True
28886,2022,Emmanuel MACRON,François FILLON,False
28887,2022,Marine LE PEN,Marine LE PEN,True
28888,2022,Marine LE PEN,Marine LE PEN,True
28889,2022,Marine LE PEN,Marine LE PEN,True
28890,2022,Marine LE PEN,Marine LE PEN,True
28891,2022,Emmanuel MACRON,François FILLON,False
28892,2022,Marine LE PEN,Marine LE PEN,True
28893,2022,Emmanuel MACRON,François FILLON,False
28894,2022,Marine LE PEN,Marine LE PEN,True
28895,2022,Marine LE PEN,Marine LE PEN,True
28896,2022,Marine LE PEN,Marine LE PEN,True
28897,2022,Marine LE PEN,Marine LE PEN,True
28898,2022,Marine LE PEN,Marine LE PEN,True
28899,2022,Marine LE PEN,Marine LE PEN,True
28900,2022,Marine LE PEN,Marine LE PEN,True
28901,2022,Marine LE PEN,Marine LE PEN,True
28902,2022,Emmanuel MACRON,François FILLON,False
28903,2022,Marine LE PEN,Marine LE PEN,True
28904,2022,Emmanuel MACRON,François FILLON,False
28905,2022,Marine LE PEN,Marine LE PEN,True
28906,2022,Marine LE PEN,Marine LE PEN,True
28907,2022,Marine LE PEN,Marine LE PEN,True
28908,2022,Marine LE PEN,Marine LE PEN,True
28909,2022,Marine LE PEN,Marine LE PEN,True
28910,2022,Marine LE PEN,Marine LE PEN,True
28911,2022,Marine LE PEN,Marine LE PEN,True
28912,2022,Marine LE PEN,Marine LE PEN,True
28913,2022,Marine LE PEN,Marine LE PEN,True
28914,2022,Marine LE PEN,Marine LE PEN,True
28915,2022,Marine LE PEN,Marine LE PEN,True
28916,2022,Marine LE PEN,Marine LE PEN,True
28917,2022,Marine LE PEN,Marine LE PEN,True
28918,2022,Emmanuel MACRON,François FILLON,False
28919,2022,Emmanuel MACRON,François FILLON,False
28920,2022,Emmanuel MACRON,François FILLON,False
28921,2022,Emmanuel MACRON,François FILLON,False
28922,2022,Marine LE PEN,Marine LE PEN,True
28923,2022,Marine LE PEN,Marine LE PEN,True
28924,2022,Marine LE PEN,Marine LE PEN,True
28925,2022,Marine LE PEN,Marine LE PEN,True
28926,2022,Marine LE PEN,Marine LE PEN,True
28927,2022,Marine LE PEN,Marine LE PEN,True
28928,2022,Marine LE PEN,Marine LE PEN,True
28929,2022,Marine LE PEN,Marine LE PEN,True
28930,2022,Emmanuel MACRON,François FILLON,False
28931,2022,Marine LE PEN,Marine LE PEN,True
28932,2022,Marine LE PEN,Marine LE PEN,True
28933,2022,Marine LE PEN,Marine LE PEN,True
28934,2022,Marine LE PEN,Marine LE PEN,True
28935,2022,Marine LE PEN,Marine LE PEN,True
28936,2022,Marine LE PEN,Marine LE PEN,True
28937,2022,Marine LE PEN,Marine LE PEN,True
28938,2022,Marine LE PEN,Marine LE PEN,True
28939,2022,Marine LE PEN,Marine LE PEN,True
28940,2022,Emmanuel MACRON,François FILLON,False
28941,2022,Emmanuel MACRON,François FILLON,False
28942,2022,Emmanuel MACRON,François FILLON,False
28943,2022,Emmanuel MACRON,François FILLON,False
28944,2022,Marine LE PEN,Marine LE PEN,True
28945,2022,Emmanuel MACRON,François FILLON,False
28946,2022,Marine LE PEN,Marine LE PEN,True
28947,2022,Marine LE PEN,Marine LE PEN,True
28948,2022,Marine LE PEN,Marine LE PEN,True
28949,2022,Marine LE PEN,Marine LE PEN,True
28950,2022,Marine LE PEN,Marine LE PEN,True
28951,2022,Marine LE PEN,Marine LE PEN,True
28952,2022,Marine LE PEN,Marine LE PEN,True
28953,2022,Marine LE PEN,Marine LE PEN,True
28954,2022,Marine LE PEN,Marine LE PEN,True
28955,2022,Marine LE PEN,Marine LE PEN,True
28956,2022,Emmanuel MACRON,François FILLON,False
28957,2022,Marine LE PEN,Marine LE PEN,True
28958,2022,Emmanuel MACRON,François FILLON,False
28959,2022,Marine LE PEN,Marine LE PEN,True
28960,2022,Marine LE PEN,Marine LE PEN,True
28961,2022,Emmanuel MACRON,François FILLON,False
28962,2022,Emmanuel MACRON,François FILLON,False
28963,2022,Marine LE PEN,Marine LE PEN,True
28964,2022,Marine LE PEN,Marine LE PEN,True
28966,2022,Marine LE PEN,Marine LE PEN,True
28967,2022,Emmanuel MACRON,François FILLON,False
28968,2022,Marine LE PEN,Marine LE PEN,True
28969,2022,Emmanuel MACRON,François FILLON,False
28970,2022,Marine LE PEN,Marine LE PEN,True
28971,2022,Marine LE PEN,Marine LE PEN,True
28972,2022,Marine LE PEN,Marine LE PEN,True
28973,2022,Marine LE PEN,Marine LE PEN,True
28974,2022,Marine LE PEN,Marine LE PEN,True
28975,2022,Marine LE PEN,Marine LE PEN,True
28976,2022,Marine LE PEN,Marine LE PEN,True
28977,2022,Marine LE PEN,Marine LE PEN,True
28978,2022,Marine LE PEN,Marine LE PEN,True
28979,2022,Marine LE PEN,Marine LE PEN,True
28980,2022,Marine LE PEN,Marine LE PEN,True
28981,2022,Marine LE PEN,Marine LE PEN,True
28983,2022,Marine LE PEN,Marine LE PEN,True
28984,2022,Marine LE PEN,Marine LE PEN,True
28985,2022,Marine LE PEN,Marine LE PEN,True
28986,2022,Emmanuel MACRON,François FILLON,False
28987,2022,Marine LE PEN,Marine LE PEN,True
28988,2022,Emmanuel MACRON,François FILLON,False
28989,2022,Marine LE PEN,Marine LE PEN,True
28990,2022,Emmanuel MACRON,François FILLON,False
28991,2022,Emmanuel MACRON,François FILLON,False
28992,2022,Marine LE PEN,Marine LE PEN,True
28993,2022,Marine LE PEN,Marine LE PEN,True
28994,2022,Marine LE PEN,Marine LE PEN,True
28995,2022,Marine LE PEN,Marine LE PEN,True
28996,2022,Marine LE PEN,Marine LE PEN,True
28997,2022,Emmanuel MACRON,François FILLON,False
28998,2022,Marine LE PEN,Marine LE PEN,True
28999,2022,Marine LE PEN,Marine LE PEN,True
29000,2022,Marine LE PEN,Marine LE PEN,True
29001,2022,Marine LE PEN,Marine LE PEN,True
29002,2022,Marine LE PEN,Marine LE PEN,True
29003,2022,Marine LE PEN,Marine LE PEN,True
29004,2022,Emmanuel MACRON,François FILLON,False
29005,2022,Emmanuel MACRON,François FILLON,False
29006,2022,Emmanuel MACRON,François FILLON,False
29007,2022,Marine LE PEN,Marine LE PEN,True
29008,2022,Marine LE PEN,Marine LE PEN,True
29009,2022,Marine LE PEN,Marine LE PEN,True
29010,2022,Marine LE PEN,Marine LE PEN,True
29011,2022,Emmanuel MACRON,François FILLON,False
29012,2022,Emmanuel MACRON,François FILLON,False
29013,2022,Emmanuel MACRON,François FILLON,False
29014,2022,Marine LE PEN,Marine LE PEN,True
29015,2022,Marine LE PEN,Marine LE PEN,True
29016,2022,Marine LE PEN,Marine LE PEN,True
29017,2022,Marine LE PEN,Marine LE PEN,True
29018,2022,Marine LE PEN,Marine LE PEN,True
29019,2022,Marine LE PEN,Marine LE PEN,True
29020,2022,Marine LE PEN,Marine LE PEN,True
29021,2022,Marine LE PEN,Marine LE PEN,True
29022,2022,Marine LE PEN,Marine LE PEN,True
29023,2022,Marine LE PEN,Marine LE PEN,True
29024,2022,Marine LE PEN,Marine LE PEN,True
29025,2022,Marine LE PEN,Marine LE PEN,True
29026,2022,Marine LE PEN,Marine LE PEN,True
29027,2022,Marine LE PEN,Marine LE PEN,True
29028,2022,Marine LE PEN,Marine LE PEN,True
29029,2022,Marine LE PEN,Marine LE PEN,True
29030,2022,Marine LE PEN,Marine LE PEN,True
29031,2022,Emmanuel MACRON,François FILLON,False
29032,2022,Marine LE PEN,Marine LE PEN,True
29033,2022,Marine LE PEN,Marine LE PEN,True
29034,2022,Marine LE PEN,Marine LE PEN,True
29035,2022,Marine LE PEN,Marine LE PEN,True
29036,2022,Marine LE PEN,Marine LE PEN,True
29037,2022,Emmanuel MACRON,François FILLON,False
29038,2022,Marine LE PEN,Marine LE PEN,True
29039,2022,Marine LE PEN,Marine LE PEN,True
29040,2022,Marine LE PEN,Marine LE PEN,True
29041,2022,Marine LE PEN,Marine LE PEN,True
29042,2022,Marine LE PEN,Marine LE PEN,True
29043,2022,Marine LE PEN,Marine LE PEN,True
29044,2022,Emmanuel MACRON,François FILLON,False
29045,2022,Marine LE PEN,Marine LE PEN,True
29046,2022,Emmanuel MACRON,François FILLON,False
29047,2022,Marine LE PEN,Marine LE PEN,True
29048,2022,Marine LE PEN,Marine LE PEN,True
29049,2022,Emmanuel MACRON,François FILLON,False
29050,2022,Marine LE PEN,Marine LE PEN,True
29051,2022,Marine LE PEN,Marine LE PEN,True
29052,2022,Marine LE PEN,Marine LE PEN,True
29053,2022,Marine LE PEN,Marine LE PEN,True
29054,2022,Marine LE PEN,Marine LE PEN,True
29055,2022,Marine LE PEN,Marine LE PEN,True
29056,2022,Marine LE PEN,Marine LE PEN,True
29057,2022,Marine LE PEN,Marine LE PEN,True
29058,2022,Marine LE PEN,Marine LE PEN,True
29059,2022,Marine LE PEN,Marine LE PEN,True
29060,2022,Emmanuel MACRON,François FILLON,False
29061,2022,Emmanuel MACRON,François FILLON,False
29063,2022,Marine LE PEN,Marine LE PEN,True
29064,2022,Emmanuel MACRON,François FILLON,False
29065,2022,Jean-Luc MÉLENCHON,François FILLON,False
29066,2022,Emmanuel MACRON,François FILLON,False
29067,2022,Marine LE PEN,Marine LE PEN,True
29068,2022,Emmanuel MACRON,François FILLON,False
29069,2022,Emmanuel MACRON,François FILLON,False
29070,2022,Marine LE PEN,Marine LE PEN,True
29071,2022,Jean-Luc MÉLENCHON,François FILLON,False
29072,2022,Emmanuel MACRON,François FILLON,False
29073,2022,Emmanuel MACRON,François FILLON,False
29074,2022,Emmanuel MACRON,François FILLON,False
29075,2022,Marine LE PEN,Marine LE PEN,True
29076,2022,Emmanuel MACRON,François FILLON,False
29077,2022,Marine LE PEN,Marine LE PEN,True
29078,2022,Marine LE PEN,Marine LE PEN,True
29079,2022,Jean-Luc MÉLENCHON,François FILLON,False
29080,2022,Emmanuel MACRON,François FILLON,False
29081,2022,Emmanuel MACRON,François FILLON,False
29082,2022,Emmanuel MACRON,François FILLON,False
29083,2022,Marine LE PEN,Marine LE PEN,True
29084,2022,Marine LE PEN,Marine LE PEN,True
29085,2022,Emmanuel MACRON,François FILLON,False
29086,2022,Marine LE PEN,Marine LE PEN,True
29087,2022,Emmanuel MACRON,François FILLON,False
29088,2022,Emmanuel MACRON,François FILLON,False
29089,2022,Emmanuel MACRON,François FILLON,False
29090,2022,Marine LE PEN,Marine LE PEN,True
29091,2022,Jean-Luc MÉLENCHON,François FILLON,False
29092,2022,Emmanuel MACRON,François FILLON,False
29093,2022,Jean-Luc MÉLENCHON,François FILLON,False
29094,2022,Marine LE PEN,Marine LE PEN,True
29095,2022,Emmanuel MACRON,François FILLON,False
29096,2022,Marine LE PEN,Marine LE PEN,True
29097,2022,Emmanuel MACRON,François FILLON,False
29098,2022,Emmanuel MACRON,François FILLON,False
29101,2022,Marine LE PEN,Marine LE PEN,True
29102,2022,Marine LE PEN,Marine LE PEN,True
29103,2022,Marine LE PEN,Marine LE PEN,True
29104,2022,Emmanuel MACRON,François FILLON,False
29105,2022,Emmanuel MACRON,François FILLON,False
29106,2022,Emmanuel MACRON,François FILLON,False
29107,2022,Marine LE PEN,Marine LE PEN,True
29108,2022,Emmanuel MACRON,François FILLON,False
29109,2022,Emmanuel MACRON,François FILLON,False
29110,2022,Emmanuel MACRON,François FILLON,False
29111,2022,Marine LE PEN,Marine LE PEN,True
29112,2022,Emmanuel MACRON,François FILLON,False
29113,2022,Emmanuel MACRON,François FILLON,False
29114,2022,Marine LE PEN,Marine LE PEN,True
29115,2022,Emmanuel MACRON,François FILLON,False
29116,2022,Jean-Luc MÉLENCHON,François FILLON,False
29117,2022,Marine LE PEN,Marine LE PEN,True
29118,2022,Marine LE PEN,Marine LE PEN,True
29119,2022,Marine LE PEN,Marine LE PEN,True
29120,2022,Marine LE PEN,Marine LE PEN,True
29121,2022,Emmanuel MACRON,François FILLON,False
29122,2022,Emmanuel MACRON,François FILLON,False
29123,2022,Marine LE PEN,Marine LE PEN,True
29124,2022,Marine LE PEN,Marine LE PEN,True
29125,2022,Emmanuel MACRON,François FILLON,False
29126,2022,Marine LE PEN,Marine LE PEN,True
29127,2022,Emmanuel MACRON,François FILLON,False
29128,2022,Emmanuel MACRON,François FILLON,False
29129,2022,Marine LE PEN,Marine LE PEN,True
29131,2022,Jean-Luc MÉLENCHON,François FILLON,False
29132,2022,Emmanuel MACRON,François FILLON,False
29133,2022,Marine LE PEN,Marine LE PEN,True
29134,2022,Emmanuel MACRON,François FILLON,False
29135,2022,Emmanuel MACRON,François FILLON,False
29136,2022,Marine LE PEN,Marine LE PEN,True
29137,2022,Jean-Luc MÉLENCHON,François FILLON,False
29138,2022,Emmanuel MACRON,François FILLON,False
29139,2022,Marine LE PEN,Marine LE PEN,True
29140,2022,Jean-Luc MÉLENCHON,François FILLON,False
29141,2022,Emmanuel MACRON,François FILLON,False
29142,2022,Marine LE PEN,Marine LE PEN,True
29143,2022,Emmanuel MACRON,François FILLON,False
29144,2022,Marine LE PEN,Marine LE PEN,True
29145,2022,Marine LE PEN,Marine LE PEN,True
29146,2022,Jean-Luc MÉLENCHON,François FILLON,False
29147,2022,Marine LE PEN,Marine LE PEN,True
29148,2022,Marine LE PEN,Marine LE PEN,True
29149,2022,Emmanuel MACRON,François FILLON,False
29150,2022,Emmanuel MACRON,François FILLON,False
29151,2022,Emmanuel MACRON,François FILLON,False
29152,2022,Jean-Luc MÉLENCHON,François FILLON,False
29153,2022,Marine LE PEN,Marine LE PEN,True
29154,2022,Emmanuel MACRON,François FILLON,False
29155,2022,Emmanuel MACRON,François FILLON,False
29156,2022,Marine LE PEN,Marine LE PEN,True
29157,2022,Marine LE PEN,Marine LE PEN,True
29160,2022,Jean-Luc MÉLENCHON,François FILLON,False
29161,2022,Marine LE PEN,Marine LE PEN,True
29162,2022,Marine LE PEN,Marine LE PEN,True
29163,2022,Marine LE PEN,Marine LE PEN,True
29165,2022,Marine LE PEN,Marine LE PEN,True
29166,2022,Marine LE PEN,Marine LE PEN,True
29167,2022,Marine LE PEN,Marine LE PEN,True
29168,2022,Emmanuel MACRON,François FILLON,False
29169,2022,Emmanuel MACRON,François FILLON,False
29170,2022,Emmanuel MACRON,François FILLON,False
29172,2022,Emmanuel MACRON,François FILLON,False
29173,2022,Marine LE PEN,Marine LE PEN,True
29174,2022,Marine LE PEN,Marine LE PEN,True
29175,2022,Emmanuel MACRON,François FILLON,False
29176,2022,Marine LE PEN,Marine LE PEN,True
29177,2022,Marine LE PEN,Marine LE PEN,True
29178,2022,Marine LE PEN,Marine LE PEN,True
29179,2022,Emmanuel MACRON,François FILLON,False
29180,2022,Marine LE PEN,Marine LE PEN,True
29181,2022,Jean-Luc MÉLENCHON,François FILLON,False
29182,2022,Emmanuel MACRON,François FILLON,False
29183,2022,Emmanuel MACRON,François FILLON,False
29184,2022,Marine LE PEN,Marine LE PEN,True
29185,2022,Marine LE PEN,Marine LE PEN,True
29186,2022,Jean-Luc MÉLENCHON,François FILLON,False
29187,2022,Emmanuel MACRON,François FILLON,False
29188,2022,Emmanuel MACRON,François FILLON,False
29189,2022,Emmanuel MACRON,François FILLON,False
29190,2022,Emmanuel MACRON,François FILLON,False
29191,2022,Emmanuel MACRON,François FILLON,False
29192,2022,Marine LE PEN,Marine LE PEN,True
29193,2022,Emmanuel MACRON,François FILLON,False
29194,2022,Emmanuel MACRON,François FILLON,False
29195,2022,Marine LE PEN,Marine LE PEN,True
29196,2022,Emmanuel MACRON,François FILLON,False
29197,2022,Marine LE PEN,Marine LE PEN,True
29198,2022,Emmanuel MACRON,François FILLON,False
29199,2022,Marine LE PEN,Marine LE PEN,True
29200,2022,Marine LE PEN,Marine LE PEN,True
29201,2022,Emmanuel MACRON,François FILLON,False
29202,2022,Jean-Luc MÉLENCHON,François FILLON,False
29203,2022,Marine LE PEN,Marine LE PEN,True
29204,2022,Marine LE PEN,Marine LE PEN,True
29205,2022,Marine LE PEN,Marine LE PEN,True
29206,2022,Emmanuel MACRON,François FILLON,False
29207,2022,Marine LE PEN,Marine LE PEN,True
29208,2022,Emmanuel MACRON,François FILLON,False
29209,2022,Marine LE PEN,Marine LE PEN,True
29210,2022,Jean-Luc MÉLENCHON,François FILLON,False
29211,2022,Emmanuel MACRON,François FILLON,False
29212,2022,Marine LE PEN,Marine LE PEN,True
29213,2022,Marine LE PEN,Marine LE PEN,True
29214,2022,Emmanuel MACRON,François FILLON,False
29215,2022,Emmanuel MACRON,François FILLON,False
29216,2022,Emmanuel MACRON,François FILLON,False
29217,2022,Emmanuel MACRON,François FILLON,False
29218,2022,Marine LE PEN,Marine LE PEN,True
29219,2022,Marine LE PEN,Marine LE PEN,True
29220,2022,Marine LE PEN,Marine LE PEN,True
29221,2022,Emmanuel MACRON,François FILLON,False
29222,2022,Emmanuel MACRON,François FILLON,False
29223,2022,Jean-Luc MÉLENCHON,François FILLON,False
29224,2022,Marine LE PEN,Marine LE PEN,True
29225,2022,Marine LE PEN,Marine LE PEN,True
29226,2022,Emmanuel MACRON,François FILLON,False
29227,2022,Emmanuel MACRON,François FILLON,False
29228,2022,Emmanuel MACRON,François FILLON,False
29229,2022,Marine LE PEN,Marine LE PEN,True
29230,2022,Emmanuel MACRON,François FILLON,False
29232,2022,Marine LE PEN,Marine LE PEN,True
29233,2022,Marine LE PEN,Marine LE PEN,True
29234,2022,Emmanuel MACRON,François FILLON,False
29235,2022,Marine LE PEN,Marine LE PEN,True
29236,2022,Emmanuel MACRON,François FILLON,False
29237,2022,Emmanuel MACRON,François FILLON,False
29238,2022,Jean-Luc MÉLENCHON,François FILLON,False
29239,2022,Marine LE PEN,Marine LE PEN,True
29240,2022,Emmanuel MACRON,François FILLON,False
29241,2022,Emmanuel MACRON,François FILLON,False
29242,2022,Marine LE PEN,Marine LE PEN,True
29243,2022,Marine LE PEN,Marine LE PEN,True
29244,2022,Emmanuel MACRON,François FILLON,False
29245,2022,Marine LE PEN,Marine LE PEN,True
29246,2022,Emmanuel MACRON,François FILLON,False
29247,2022,Marine LE PEN,Marine LE PEN,True
29248,2022,Marine LE PEN,Marine LE PEN,True
29249,2022,Emmanuel MACRON,François FILLON,False
29250,2022,Marine LE PEN,Marine LE PEN,True
29251,2022,Marine LE PEN,Marine LE PEN,True
29252,2022,Emmanuel MACRON,François FILLON,False
29253,2022,Marine LE PEN,Marine LE PEN,True
29254,2022,Emmanuel MACRON,François FILLON,False
29255,2022,Emmanuel MACRON,François FILLON,False
29256,2022,Marine LE PEN,Marine LE PEN,True
29257,2022,Marine LE PEN,Marine LE PEN,True
29258,2022,Marine LE PEN,Marine LE PEN,True
29259,2022,Emmanuel MACRON,François FILLON,False
29260,2022,Jean-Luc MÉLENCHON,François FILLON,False
29261,2022,Jean-Luc MÉLENCHON,François FILLON,False
29262,2022,Emmanuel MACRON,François FILLON,False
29263,2022,Marine LE PEN,Marine LE PEN,True
29264,2022,Jean-Luc MÉLENCHON,François FILLON,False
29265,2022,Emmanuel MACRON,François FILLON,False
29266,2022,Marine LE PEN,Marine LE PEN,True
29267,2022,Marine LE PEN,Marine LE PEN,True
29268,2022,Jean-Luc MÉLENCHON,François FILLON,False
29270,2022,Marine LE PEN,Marine LE PEN,True
29271,2022,Marine LE PEN,Marine LE PEN,True
29272,2022,Emmanuel MACRON,François FILLON,False
29273,2022,Marine LE PEN,Marine LE PEN,True
29274,2022,Emmanuel MACRON,François FILLON,False
29275,2022,Marine LE PEN,Marine LE PEN,True
29276,2022,Marine LE PEN,Marine LE PEN,True
29277,2022,Marine LE PEN,Marine LE PEN,True
29278,2022,Jean-Luc MÉLENCHON,François FILLON,False
29279,2022,Marine LE PEN,Marine LE PEN,True
29280,2022,Marine LE PEN,Marine LE PEN,True
29281,2022,Emmanuel MACRON,François FILLON,False
29282,2022,Marine LE PEN,Marine LE PEN,True
29283,2022,Marine LE PEN,Marine LE PEN,True
29285,2022,Marine LE PEN,Marine LE PEN,True
29286,2022,Emmanuel MACRON,François FILLON,False
29287,2022,Emmanuel MACRON,François FILLON,False
29288,2022,Emmanuel MACRON,François FILLON,False
29290,2022,Marine LE PEN,Marine LE PEN,True
29291,2022,Marine LE PEN,Marine LE PEN,True
29292,2022,Emmanuel MACRON,François FILLON,False
29293,2022,Emmanuel MACRON,François FILLON,False
29294,2022,Emmanuel MACRON,François FILLON,False
29295,2022,Marine LE PEN,Marine LE PEN,True
29296,2022,Marine LE PEN,Marine LE PEN,True
29297,2022,Emmanuel MACRON,François FILLON,False
29298,2022,Marine LE PEN,Marine LE PEN,True
29299,2022,Marine LE PEN,Marine LE PEN,True
29300,2022,Emmanuel MACRON,François FILLON,False
29301,2022,Marine LE PEN,Marine LE PEN,True
29302,2022,Emmanuel MACRON,François FILLON,False
29303,2022,Emmanuel MACRON,François FILLON,False
29304,2022,Marine LE PEN,Marine LE PEN,True
29305,2022,Marine LE PEN,Marine LE PEN,True
29306,2022,Emmanuel MACRON,François FILLON,False
29307,2022,Marine LE PEN,Marine LE PEN,True
29308,2022,Marine LE PEN,Marine LE PEN,True
29309,2022,Emmanuel MACRON,François FILLON,False
29310,2022,Marine LE PEN,Marine LE PEN,True
29311,2022,Emmanuel MACRON,François FILLON,False
29312,2022,Marine LE PEN,Marine LE PEN,True
29313,2022,Emmanuel MACRON,François FILLON,False
29314,2022,Jean-Luc MÉLENCHON,François FILLON,False
29315,2022,Emmanuel MACRON,François FILLON,False
29316,2022,Emmanuel MACRON,François FILLON,False
29317,2022,Marine LE PEN,Marine LE PEN,True
29318,2022,Emmanuel MACRON,François FILLON,False
29319,2022,Emmanuel MACRON,François FILLON,False
29320,2022,Emmanuel MACRON,François FILLON,False
29321,2022,Marine LE PEN,Marine LE PEN,True
29322,2022,Marine LE PEN,Marine LE PEN,True
29323,2022,Emmanuel MACRON,François FILLON,False
29324,2022,Emmanuel MACRON,François FILLON,False
29325,2022,Marine LE PEN,Marine LE PEN,True
29326,2022,Marine LE PEN,Marine LE PEN,True
29327,2022,Marine LE PEN,Marine LE PEN,True
29328,2022,Emmanuel MACRON,François FILLON,False
29329,2022,Jean-Luc MÉLENCHON,François FILLON,False
29330,2022,Emmanuel MACRON,François FILLON,False
29331,2022,Emmanuel MACRON,François FILLON,False
29332,2022,Marine LE PEN,Marine LE PEN,True
29333,2022,Marine LE PEN,Marine LE PEN,True
29334,2022,Marine LE PEN,Marine LE PEN,True
29335,2022,Jean-Luc MÉLENCHON,François FILLON,False
29336,2022,Emmanuel MACRON,François FILLON,False
29337,2022,Marine LE PEN,Marine LE PEN,True
29338,2022,Emmanuel MACRON,François FILLON,False
29339,2022,Emmanuel MACRON,François FILLON,False
29340,2022,Emmanuel MACRON,François FILLON,False
29341,2022,Emmanuel MACRON,François FILLON,False
29342,2022,Marine LE PEN,Marine LE PEN,True
29343,2022,Emmanuel MACRON,François FILLON,False
29344,2022,Emmanuel MACRON,François FILLON,False
29345,2022,Marine LE PEN,Marine LE PEN,True
29346,2022,Marine LE PEN,Marine LE PEN,True
29347,2022,Marine LE PEN,Marine LE PEN,True
29348,2022,Emmanuel MACRON,François FILLON,False
29349,2022,Jean-Luc MÉLENCHON,François FILLON,False
29350,2022,Emmanuel MACRON,François FILLON,False
29351,2022,Emmanuel MACRON,François FILLON,False
29352,2022,Emmanuel MACRON,François FILLON,False
29353,2022,Emmanuel MACRON,François FILLON,False
29354,2022,Emmanuel MACRON,François FILLON,False
29355,2022,Emmanuel MACRON,Emmanuel MACRON,True
29356,2022,Jean-Luc MÉLENCHON,François FILLON,False
29357,2022,Emmanuel MACRON,François FILLON,False
29358,2022,Emmanuel MACRON,François FILLON,False
29359,2022,Marine LE PEN,Marine LE PEN,True
29360,2022,Emmanuel MACRON,François FILLON,False
29361,2022,Marine LE PEN,Marine LE PEN,True
29362,2022,Emmanuel MACRON,François FILLON,False
29363,2022,Emmanuel MACRON,François FILLON,False
29364,2022,Marine LE PEN,Marine LE PEN,True
29365,2022,Emmanuel MACRON,François FILLON,False
29366,2022,Emmanuel MACRON,François FILLON,False
29367,2022,Emmanuel MACRON,François FILLON,False
29368,2022,Marine LE PEN,Marine LE PEN,True
29369,2022,Marine LE PEN,Marine LE PEN,True
29370,2022,Emmanuel MACRON,François FILLON,False
29371,2022,Emmanuel MACRON,François FILLON,False
29372,2022,Emmanuel MACRON,François FILLON,False
29373,2022,Marine LE PEN,Marine LE PEN,True
29374,2022,Emmanuel MACRON,François FILLON,False
29375,2022,Marine LE PEN,Marine LE PEN,True
29376,2022,Emmanuel MACRON,François FILLON,False
29377,2022,Emmanuel MACRON,François FILLON,False
29378,2022,Marine LE PEN,Marine LE PEN,True
29379,2022,Emmanuel MACRON,François FILLON,False
29380,2022,Marine LE PEN,Marine LE PEN,True
29381,2022,Emmanuel MACRON,François FILLON,False
29382,2022,Emmanuel MACRON,François FILLON,False
29383,2022,Emmanuel MACRON,François FILLON,False
29384,2022,Marine LE PEN,Marine LE PEN,True
29385,2022,Emmanuel MACRON,François FILLON,False
29386,2022,Emmanuel MACRON,François FILLON,False
29387,2022,Marine LE PEN,Marine LE PEN,True
29388,2022,Emmanuel MACRON,François FILLON,False
29389,2022,Emmanuel MACRON,François FILLON,False
29390,2022,Emmanuel MACRON,François FILLON,False
29391,2022,Emmanuel MACRON,François FILLON,False
29392,2022,Emmanuel MACRON,François FILLON,False
29393,2022,Emmanuel MACRON,François FILLON,False
29394,2022,Emmanuel MACRON,François FILLON,False
29395,2022,Emmanuel MACRON,François FILLON,False
29396,2022,Emmanuel MACRON,François FILLON,False
29397,2022,Marine LE PEN,Marine LE PEN,True
29398,2022,Marine LE PEN,Marine LE PEN,True
29399,2022,Emmanuel MACRON,François FILLON,False
29400,2022,Emmanuel MACRON,François FILLON,False
29401,2022,Emmanuel MACRON,François FILLON,False
29402,2022,Emmanuel MACRON,François FILLON,False
29403,2022,Emmanuel MACRON,François FILLON,False
29404,2022,Emmanuel MACRON,François FILLON,False
29405,2022,Emmanuel MACRON,François FILLON,False
29406,2022,Marine LE PEN,Marine LE PEN,True
29407,2022,Emmanuel MACRON,François FILLON,False
29408,2022,Emmanuel MACRON,François FILLON,False
29409,2022,Marine LE PEN,Marine LE PEN,True
29410,2022,Emmanuel MACRON,François FILLON,False
29411,2022,Marine LE PEN,Marine LE PEN,True
29412,2022,Emmanuel MACRON,François FILLON,False
29413,2022,Marine LE PEN,Marine LE PEN,True
29414,2022,Emmanuel MACRON,François FILLON,False
29415,2022,Marine LE PEN,Marine LE PEN,True
29416,2022,Marine LE PEN,Marine LE PEN,True
29417,2022,Emmanuel MACRON,François FILLON,False
29418,2022,Emmanuel MACRON,François FILLON,False
29419,2022,Emmanuel MACRON,François FILLON,False
29420,2022,Emmanuel MACRON,François FILLON,False
29421,2022,Emmanuel MACRON,François FILLON,False
29422,2022,Emmanuel MACRON,François FILLON,False
29423,2022,Emmanuel MACRON,François FILLON,False
29424,2022,Emmanuel MACRON,François FILLON,False
29425,2022,Emmanuel MACRON,François FILLON,False
29426,2022,Emmanuel MACRON,François FILLON,False
29427,2022,Emmanuel MACRON,François FILLON,False
29428,2022,Emmanuel MACRON,François FILLON,False
29429,2022,Emmanuel MACRON,François FILLON,False
29430,2022,Emmanuel MACRON,François FILLON,False
29431,2022,Emmanuel MACRON,François FILLON,False
29432,2022,Emmanuel MACRON,François FILLON,False
29433,2022,Emmanuel MACRON,François FILLON,False
29434,2022,Emmanuel MACRON,François FILLON,False
29435,2022,Marine LE PEN,Marine LE PEN,True
29436,2022,Emmanuel MACRON,François FILLON,False
29437,2022,Emmanuel MACRON,François FILLON,False
29438,2022,Emmanuel MACRON,François FILLON,False
29439,2022,Emmanuel MACRON,François FILLON,False
29440,2022,Emmanuel MACRON,François FILLON,False
29441,2022,Emmanuel MACRON,François FILLON,False
29442,2022,Marine LE PEN,Marine LE PEN,True
29443,2022,Emmanuel MACRON,François FILLON,False
29444,2022,Marine LE PEN,Marine LE PEN,True
29446,2022,Emmanuel MACRON,François FILLON,False
29447,2022,Emmanuel MACRON,François FILLON,False
29448,2022,Emmanuel MACRON,François FILLON,False
29449,2022,Emmanuel MACRON,François FILLON,False
29450,2022,Emmanuel MACRON,François FILLON,False
29451,2022,Marine LE PEN,Marine LE PEN,True
29452,2022,Emmanuel MACRON,François FILLON,False
29453,2022,Emmanuel MACRON,François FILLON,False
29454,2022,Emmanuel MACRON,François FILLON,False
29455,2022,Emmanuel MACRON,François FILLON,False
29456,2022,Emmanuel MACRON,François FILLON,False
29457,2022,Emmanuel MACRON,François FILLON,False
29458,2022,Marine LE PEN,Marine LE PEN,True
29459,2022,Emmanuel MACRON,François FILLON,False
29460,2022,Emmanuel MACRON,François FILLON,False
29461,2022,Marine LE PEN,Marine LE PEN,True
29462,2022,Emmanuel MACRON,François FILLON,False
29463,2022,Emmanuel MACRON,François FILLON,False
29464,2022,Emmanuel MACRON,François FILLON,False
29465,2022,Emmanuel MACRON,François FILLON,False
29466,2022,Emmanuel MACRON,François FILLON,False
29467,2022,Emmanuel MACRON,François FILLON,False
29468,2022,Emmanuel MACRON,François FILLON,False
29469,2022,Emmanuel MACRON,François FILLON,False
29470,2022,Emmanuel MACRON,François FILLON,False
29471,2022,Marine LE PEN,Marine LE PEN,True
29472,2022,Emmanuel MACRON,François FILLON,False
29473,2022,Emmanuel MACRON,François FILLON,False
29474,2022,Emmanuel MACRON,François FILLON,False
29475,2022,Emmanuel MACRON,François FILLON,False
29476,2022,Emmanuel MACRON,François FILLON,False
29477,2022,Emmanuel MACRON,François FILLON,False
29478,2022,Emmanuel MACRON,François FILLON,False
29479,2022,Emmanuel MACRON,François FILLON,False
29480,2022,Marine LE PEN,Marine LE PEN,True
29481,2022,Emmanuel MACRON,François FILLON,False
29482,2022,Emmanuel MACRON,François FILLON,False
29483,2022,Emmanuel MACRON,François FILLON,False
29484,2022,Marine LE PEN,Marine LE PEN,True
29485,2022,Emmanuel MACRON,François FILLON,False
29486,2022,Emmanuel MACRON,François FILLON,False
29487,2022,Emmanuel MACRON,François FILLON,False
29488,2022,Marine LE PEN,Marine LE PEN,True
29489,2022,Emmanuel MACRON,François FILLON,False
29490,2022,Emmanuel MACRON,François FILLON,False
29491,2022,Emmanuel MACRON,François FILLON,False
29492,2022,Emmanuel MACRON,François FILLON,False
29493,2022,Marine LE PEN,Marine LE PEN,True
29494,2022,Emmanuel MACRON,François FILLON,False
29495,2022,Emmanuel MACRON,François FILLON,False
29496,2022,Emmanuel MACRON,François FILLON,False
29497,2022,Emmanuel MACRON,François FILLON,False
29498,2022,Marine LE PEN,Marine LE PEN,True
29499,2022,Emmanuel MACRON,François FILLON,False
29500,2022,Emmanuel MACRON,François FILLON,False
29501,2022,Emmanuel MACRON,François FILLON,False
29502,2022,Emmanuel MACRON,François FILLON,False
29503,2022,Marine LE PEN,Marine LE PEN,True
29504,2022,Marine LE PEN,Marine LE PEN,True
29505,2022,Emmanuel MACRON,François FILLON,False
29506,2022,Marine LE PEN,Marine LE PEN,True
29507,2022,Marine LE PEN,Marine LE PEN,True
29508,2022,Marine LE PEN,Marine LE PEN,True
29509,2022,Emmanuel MACRON,François FILLON,False
29510,2022,Emmanuel MACRON,François FILLON,False
29511,2022,Marine LE PEN,Marine LE PEN,True
29512,2022,Emmanuel MACRON,François FILLON,False
29513,2022,Emmanuel MACRON,François FILLON,False
29514,2022,Emmanuel MACRON,François FILLON,False
29515,2022,Marine LE PEN,Marine LE PEN,True
29516,2022,Emmanuel MACRON,François FILLON,False
29517,2022,Emmanuel MACRON,François FILLON,False
29518,2022,Marine LE PEN,Marine LE PEN,True
29519,2022,Marine LE PEN,Marine LE PEN,True
29520,2022,Emmanuel MACRON,François FILLON,False
29521,2022,Emmanuel MACRON,François FILLON,False
29522,2022,Emmanuel MACRON,François FILLON,False
29523,2022,Emmanuel MACRON,François FILLON,False
29524,2022,Emmanuel MACRON,François FILLON,False
29525,2022,Emmanuel MACRON,François FILLON,False
29526,2022,Emmanuel MACRON,François FILLON,False
29527,2022,Emmanuel MACRON,François FILLON,False
29528,2022,Emmanuel MACRON,François FILLON,False
29529,2022,Marine LE PEN,Marine LE PEN,True
29530,2022,Emmanuel MACRON,François FILLON,False
29531,2022,Marine LE PEN,Marine LE PEN,True
29532,2022,Emmanuel MACRON,François FILLON,False
29533,2022,Emmanuel MACRON,François FILLON,False
29534,2022,Emmanuel MACRON,François FILLON,False
29535,2022,Emmanuel MACRON,François FILLON,False
29536,2022,Marine LE PEN,Marine LE PEN,True
29537,2022,Emmanuel MACRON,François FILLON,False
29538,2022,Emmanuel MACRON,François FILLON,False
29539,2022,Emmanuel MACRON,François FILLON,False
29540,2022,Emmanuel MACRON,François FILLON,False
29541,2022,Emmanuel MACRON,François FILLON,False
29542,2022,Emmanuel MACRON,François FILLON,False
29543,2022,Emmanuel MACRON,François FILLON,False
29544,2022,Marine LE PEN,Marine LE PEN,True
29545,2022,Emmanuel MACRON,François FILLON,False
29546,2022,Emmanuel MACRON,François FILLON,False
29547,2022,Marine LE PEN,Marine LE PEN,True
29548,2022,Marine LE PEN,Marine LE PEN,True
29549,2022,Emmanuel MACRON,François FILLON,False
29550,2022,Emmanuel MACRON,François FILLON,False
29551,2022,Emmanuel MACRON,François FILLON,False
29552,2022,Emmanuel MACRON,François FILLON,False
29553,2022,Marine LE PEN,Marine LE PEN,True
29554,2022,Emmanuel MACRON,François FILLON,False
29555,2022,Marine LE PEN,Marine LE PEN,True
29556,2022,Emmanuel MACRON,François FILLON,False
29557,2022,Emmanuel MACRON,François FILLON,False
29558,2022,Emmanuel MACRON,François FILLON,False
29559,2022,Emmanuel MACRON,François FILLON,False
29560,2022,Emmanuel MACRON,François FILLON,False
29561,2022,Marine LE PEN,Marine LE PEN,True
29562,2022,Emmanuel MACRON,François FILLON,False
29563,2022,Emmanuel MACRON,François FILLON,False
29564,2022,Emmanuel MACRON,François FILLON,False
29565,2022,Emmanuel MACRON,François FILLON,False
29566,2022,Marine LE PEN,Marine LE PEN,True
29567,2022,Emmanuel MACRON,François FILLON,False
29568,2022,Emmanuel MACRON,François FILLON,False
29569,2022,Emmanuel MACRON,François FILLON,False
29570,2022,Emmanuel MACRON,François FILLON,False
29571,2022,Emmanuel MACRON,François FILLON,False
29572,2022,Marine LE PEN,Marine LE PEN,True
29573,2022,Emmanuel MACRON,François FILLON,False
29574,2022,Marine LE PEN,Marine LE PEN,True
29575,2022,Emmanuel MACRON,François FILLON,False
29576,2022,Emmanuel MACRON,François FILLON,False
29577,2022,Marine LE PEN,Marine LE PEN,True
29578,2022,Emmanuel MACRON,François FILLON,False
29579,2022,Marine LE PEN,Marine LE PEN,True
29580,2022,Emmanuel MACRON,François FILLON,False
29581,2022,Emmanuel MACRON,François FILLON,False
29582,2022,Emmanuel MACRON,François FILLON,False
29583,2022,Marine LE PEN,Marine LE PEN,True
29584,2022,Emmanuel MACRON,François FILLON,False
29585,2022,Emmanuel MACRON,François FILLON,False
29586,2022,Emmanuel MACRON,François FILLON,False
29588,2022,Emmanuel MACRON,François FILLON,False
29589,2022,Emmanuel MACRON,François FILLON,False
29590,2022,Emmanuel MACRON,François FILLON,False
29591,2022,Emmanuel MACRON,François FILLON,False
29592,2022,Emmanuel MACRON,François FILLON,False
29593,2022,Emmanuel MACRON,François FILLON,False
29594,2022,Emmanuel MACRON,François FILLON,False
29595,2022,Emmanuel MACRON,François FILLON,False
29596,2022,Marine LE PEN,Marine LE PEN,True
29597,2022,Emmanuel MACRON,François FILLON,False
29598,2022,Marine LE PEN,Marine LE PEN,True
29599,2022,Emmanuel MACRON,François FILLON,False
29600,2022,Emmanuel MACRON,François FILLON,False
29601,2022,Marine LE PEN,Marine LE PEN,True
29602,2022,Emmanuel MACRON,François FILLON,False
29603,2022,Marine LE PEN,Marine LE PEN,True
29604,2022,Emmanuel MACRON,François FILLON,False
29605,2022,Emmanuel MACRON,François FILLON,False
29606,2022,Emmanuel MACRON,François FILLON,False
29607,2022,Emmanuel MACRON,François FILLON,False
29608,2022,Emmanuel MACRON,François FILLON,False
29609,2022,Marine LE PEN,Marine LE PEN,True
29610,2022,Emmanuel MACRON,François FILLON,False
29611,2022,Emmanuel MACRON,François FILLON,False
29612,2022,Emmanuel MACRON,François FILLON,False
29613,2022,Emmanuel MACRON,François FILLON,False
29614,2022,Emmanuel MACRON,François FILLON,False
29615,2022,Marine LE PEN,Marine LE PEN,True
29616,2022,Emmanuel MACRON,François FILLON,False
29617,2022,Emmanuel MACRON,François FILLON,False
29618,2022,Emmanuel MACRON,François FILLON,False
29619,2022,Marine LE PEN,Marine LE PEN,True
29620,2022,Emmanuel MACRON,François FILLON,False
29621,2022,Emmanuel MACRON,François FILLON,False
29622,2022,Emmanuel MACRON,François FILLON,False
29623,2022,Marine LE PEN,Marine LE PEN,True
29624,2022,Emmanuel MACRON,François FILLON,False
29625,2022,Emmanuel MACRON,François FILLON,False
29626,2022,Emmanuel MACRON,François FILLON,False
29627,2022,Emmanuel MACRON,François FILLON,False
29628,2022,Marine LE PEN,Marine LE PEN,True
29629,2022,Marine LE PEN,Marine LE PEN,True
29630,2022,Marine LE PEN,Marine LE PEN,True
29631,2022,Jean-Luc MÉLENCHON,François FILLON,False
29632,2022,Marine LE PEN,Marine LE PEN,True
29633,2022,Emmanuel MACRON,François FILLON,False
29634,2022,Marine LE PEN,Marine LE PEN,True
29635,2022,Emmanuel MACRON,François FILLON,False
29636,2022,Marine LE PEN,Marine LE PEN,True
29637,2022,Marine LE PEN,Marine LE PEN,True
29638,2022,Marine LE PEN,Marine LE PEN,True
29639,2022,Marine LE PEN,Marine LE PEN,True
29640,2022,Emmanuel MACRON,François FILLON,False
29641,2022,Emmanuel MACRON,François FILLON,False
29642,2022,Marine LE PEN,Marine LE PEN,True
29643,2022,Marine LE PEN,Marine LE PEN,True
29644,2022,Marine LE PEN,Marine LE PEN,True
29645,2022,Marine LE PEN,Marine LE PEN,True
29646,2022,Marine LE PEN,Marine LE PEN,True
29647,2022,Marine LE PEN,Marine LE PEN,True
29648,2022,Marine LE PEN,Marine LE PEN,True
29649,2022,Marine LE PEN,Marine LE PEN,True
29650,2022,Marine LE PEN,Marine LE PEN,True
29651,2022,Marine LE PEN,Marine LE PEN,True
29652,2022,Marine LE PEN,Marine LE PEN,True
29653,2022,Marine LE PEN,Marine LE PEN,True
29654,2022,Marine LE PEN,Marine LE PEN,True
29655,2022,Marine LE PEN,Marine LE PEN,True
29656,2022,Marine LE PEN,Marine LE PEN,True
29657,2022,Marine LE PEN,Marine LE PEN,True
29658,2022,Marine LE PEN,Marine LE PEN,True
29659,2022,Marine LE PEN,Marine LE PEN,True
29660,2022,Marine LE PEN,Marine LE PEN,True
29661,2022,Emmanuel MACRON,François FILLON,False
29662,2022,Emmanuel MACRON,François FILLON,False
29663,2022,Marine LE PEN,Marine LE PEN,True
29664,2022,Emmanuel MACRON,François FILLON,False
29665,2022,Marine LE PEN,Marine LE PEN,True
29666,2022,Marine LE PEN,Marine LE PEN,True
29667,2022,Marine LE PEN,Marine LE PEN,True
29668,2022,Marine LE PEN,Marine LE PEN,True
29669,2022,Marine LE PEN,Marine LE PEN,True
29670,2022,Marine LE PEN,Marine LE PEN,True
29671,2022,Marine LE PEN,Marine LE PEN,True
29672,2022,Marine LE PEN,Marine LE PEN,True
29673,2022,Marine LE PEN,Marine LE PEN,True
29674,2022,Marine LE PEN,Marine LE PEN,True
29675,2022,Marine LE PEN,Marine LE PEN,True
29676,2022,Marine LE PEN,Marine LE PEN,True
29677,2022,Emmanuel MACRON,François FILLON,False
29678,2022,Marine LE PEN,Marine LE PEN,True
29679,2022,Marine LE PEN,Marine LE PEN,True
29680,2022,Marine LE PEN,Marine LE PEN,True
29681,2022,Marine LE PEN,Marine LE PEN,True
29682,2022,Marine LE PEN,Marine LE PEN,True
29683,2022,Marine LE PEN,Marine LE PEN,True
29684,2022,Emmanuel MACRON,François FILLON,False
29685,2022,Marine LE PEN,Marine LE PEN,True
29686,2022,Marine LE PEN,Marine LE PEN,True
29687,2022,Marine LE PEN,Marine LE PEN,True
29688,2022,Marine LE PEN,Marine LE PEN,True
29689,2022,Marine LE PEN,Marine LE PEN,True
29690,2022,Emmanuel MACRON,François FILLON,False
29691,2022,Marine LE PEN,Marine LE PEN,True
29692,2022,Marine LE PEN,Marine LE PEN,True
29693,2022,Marine LE PEN,Marine LE PEN,True
29694,2022,Marine LE PEN,Marine LE PEN,True
29695,2022,Marine LE PEN,Marine LE PEN,True
29696,2022,Marine LE PEN,Marine LE PEN,True
29697,2022,Emmanuel MACRON,François FILLON,False
29698,2022,Marine LE PEN,Marine LE PEN,True
29699,2022,Marine LE PEN,Marine LE PEN,True
29700,2022,Marine LE PEN,Marine LE PEN,True
29701,2022,Marine LE PEN,Marine LE PEN,True
29702,2022,Marine LE PEN,Marine LE PEN,True
29703,2022,Marine LE PEN,Marine LE PEN,True
29704,2022,Marine LE PEN,Marine LE PEN,True
29705,2022,Marine LE PEN,Marine LE PEN,True
29706,2022,Emmanuel MACRON,François FILLON,False
29707,2022,Marine LE PEN,Marine LE PEN,True
29708,2022,Marine LE PEN,Marine LE PEN,True
29709,2022,Marine LE PEN,Marine LE PEN,True
29710,2022,Emmanuel MACRON,François FILLON,False
29711,2022,Emmanuel MACRON,Emmanuel MACRON,True
29712,2022,Marine LE PEN,Marine LE PEN,True
29713,2022,Marine LE PEN,Marine LE PEN,True
29714,2022,Marine LE PEN,Marine LE PEN,True
29715,2022,Emmanuel MACRON,François FILLON,False
29716,2022,Marine LE PEN,Marine LE PEN,True
29717,2022,Emmanuel MACRON,Emmanuel MACRON,True
29718,2022,Emmanuel MACRON,François FILLON,False
29719,2022,Marine LE PEN,Marine LE PEN,True
29720,2022,Emmanuel MACRON,François FILLON,False
29721,2022,Marine LE PEN,Marine LE PEN,True
29722,2022,Emmanuel MACRON,Emmanuel MACRON,True
29723,2022,Emmanuel MACRON,François FILLON,False
29724,2022,Marine LE PEN,Marine LE PEN,True
29725,2022,Emmanuel MACRON,François FILLON,False
29726,2022,Marine LE PEN,Marine LE PEN,True
29727,2022,Marine LE PEN,Marine LE PEN,True
29728,2022,Marine LE PEN,Marine LE PEN,True
29729,2022,Marine LE PEN,Marine LE PEN,True
29730,2022,Emmanuel MACRON,Emmanuel MACRON,True
29731,2022,Marine LE PEN,Marine LE PEN,True
29732,2022,Marine LE PEN,Marine LE PEN,True
29733,2022,Marine LE PEN,Marine LE PEN,True
29734,2022,Marine LE PEN,Marine LE PEN,True
29735,2022,Marine LE PEN,Marine LE PEN,True
29736,2022,Marine LE PEN,Marine LE PEN,True
29737,2022,Emmanuel MACRON,François FILLON,False
29738,2022,Marine LE PEN,Marine LE PEN,True
29739,2022,Marine LE PEN,Marine LE PEN,True
29740,2022,Marine LE PEN,Marine LE PEN,True
29741,2022,Marine LE PEN,Marine LE PEN,True
29742,2022,Marine LE PEN,Marine LE PEN,True
29743,2022,Marine LE PEN,Marine LE PEN,True
29744,2022,Emmanuel MACRON,François FILLON,False
29745,2022,Marine LE PEN,Marine LE PEN,True
29746,2022,Emmanuel MACRON,François FILLON,False
29747,2022,Marine LE PEN,Marine LE PEN,True
29748,2022,Emmanuel MACRON,François FILLON,False
29749,2022,Marine LE PEN,Marine LE PEN,True
29750,2022,Marine LE PEN,Marine LE PEN,True
29751,2022,Marine LE PEN,Marine LE PEN,True
29752,2022,Marine LE PEN,Marine LE PEN,True
29753,2022,Marine LE PEN,Marine LE PEN,True
29754,2022,Marine LE PEN,Marine LE PEN,True
29755,2022,Marine LE PEN,Marine LE PEN,True
29756,2022,Marine LE PEN,Marine LE PEN,True
29757,2022,Marine LE PEN,Marine LE PEN,True
29758,2022,Marine LE PEN,Marine LE PEN,True
29759,2022,Marine LE PEN,Marine LE PEN,True
29760,2022,Marine LE PEN,Marine LE PEN,True
29761,2022,Emmanuel MACRON,François FILLON,False
29762,2022,Emmanuel MACRON,François FILLON,False
29763,2022,Emmanuel MACRON,François FILLON,False
29764,2022,Marine LE PEN,Marine LE PEN,True
29765,2022,Marine LE PEN,Marine LE PEN,True
29766,2022,Marine LE PEN,Marine LE PEN,True
29767,2022,Jean-Luc MÉLENCHON,Jean-Luc MÉLENCHON,True
29768,2022,Marine LE PEN,Marine LE PEN,True
29769,2022,Marine LE PEN,Marine LE PEN,True
29770,2022,Marine LE PEN,Marine LE PEN,True
29771,2022,Emmanuel MACRON,François FILLON,False
29772,2022,Marine LE PEN,Marine LE PEN,True
29773,2022,Emmanuel MACRON,François FILLON,False
29774,2022,Marine LE PEN,Marine LE PEN,True
29775,2022,Marine LE PEN,Marine LE PEN,True
29776,2022,Marine LE PEN,Marine LE PEN,True
29777,2022,Emmanuel MACRON,François FILLON,False
29778,2022,Marine LE PEN,Marine LE PEN,True
29779,2022,Emmanuel MACRON,François FILLON,False
29780,2022,Marine LE PEN,Marine LE PEN,True
29781,2022,Marine LE PEN,Marine LE PEN,True
29782,2022,Emmanuel MACRON,François FILLON,False
29783,2022,Marine LE PEN,Marine LE PEN,True
29784,2022,Marine LE PEN,Marine LE PEN,True
29785,2022,Marine LE PEN,Marine LE PEN,True
29786,2022,Marine LE PEN,Marine LE PEN,True
29787,2022,Marine LE PEN,Marine LE PEN,True
29788,2022,Jean-Luc MÉLENCHON,Jean-Luc MÉLENCHON,True
29789,2022,Emmanuel MACRON,François FILLON,False
29790,2022,Emmanuel MACRON,François FILLON,False
29791,2022,Emmanuel MACRON,François FILLON,False
29792,2022,Emmanuel MACRON,François FILLON,False
29793,2022,Emmanuel MACRON,François FILLON,False
29794,2022,Jean-Luc MÉLENCHON,François FILLON,False
29795,2022,Marine LE PEN,Marine LE PEN,True
29796,2022,Marine LE PEN,Marine LE PEN,True
29797,2022,Emmanuel MACRON,François FILLON,False
29798,2022,Marine LE PEN,Marine LE PEN,True
29799,2022,Emmanuel MACRON,François FILLON,False
29800,2022,Emmanuel MACRON,François FILLON,False
29802,2022,Marine LE PEN,Marine LE PEN,True
29803,2022,Marine LE PEN,Marine LE PEN,True
29804,2022,Marine LE PEN,Marine LE PEN,True
29805,2022,Marine LE PEN,Marine LE PEN,True
29806,2022,Marine LE PEN,Marine LE PEN,True
29807,2022,Marine LE PEN,Marine LE PEN,True
29808,2022,Marine LE PEN,Marine LE PEN,True
29809,2022,Marine LE PEN,Marine LE PEN,True
29810,2022,Marine LE PEN,Marine LE PEN,True
29811,2022,Marine LE PEN,Marine LE PEN,True
29812,2022,Marine LE PEN,Marine LE PEN,True
29813,2022,Marine LE PEN,Marine LE PEN,True
29814,2022,Marine LE PEN,Marine LE PEN,True
29815,2022,Marine LE PEN,Marine LE PEN,True
29816,2022,Marine LE PEN,Marine LE PEN,True
29817,2022,Marine LE PEN,Marine LE PEN,True
29818,2022,Marine LE PEN,Marine LE PEN,True
29819,2022,Marine LE PEN,Marine LE PEN,True
29820,2022,Marine LE PEN,Marine LE PEN,True
29821,2022,Marine LE PEN,Marine LE PEN,True
29822,2022,Jean-Luc MÉLENCHON,Jean-Luc MÉLENCHON,True
29823,2022,Marine LE PEN,Marine LE PEN,True
29824,2022,Marine LE PEN,Marine LE PEN,True
29825,2022,Emmanuel MACRON,François FILLON,False
29826,2022,Marine LE PEN,Marine LE PEN,True
29827,2022,Marine LE PEN,Marine LE PEN,True
29828,2022,Marine LE PEN,Marine LE PEN,True
29829,2022,Marine LE PEN,Marine LE PEN,True
29830,2022,Marine LE PEN,Marine LE PEN,True
29831,2022,Emmanuel MACRON,François FILLON,False
29832,2022,Marine LE PEN,Marine LE PEN,True
29833,2022,Marine LE PEN,Marine LE PEN,True
29834,2022,Marine LE PEN,Marine LE PEN,True
29835,2022,Marine LE PEN,Marine LE PEN,True
29836,2022,Marine LE PEN,Marine LE PEN,True
29837,2022,Marine LE PEN,Marine LE PEN,True
29838,2022,Marine LE PEN,Marine LE PEN,True
29839,2022,Marine LE PEN,Marine LE PEN,True
29840,2022,Jean-Luc MÉLENCHON,Jean-Luc MÉLENCHON,True
29841,2022,Marine LE PEN,Marine LE PEN,True
29842,2022,Marine LE PEN,Marine LE PEN,True
29843,2022,Marine LE PEN,Marine LE PEN,True
29844,2022,Marine LE PEN,Marine LE PEN,True
29845,2022,Marine LE PEN,Marine LE PEN,True
29846,2022,Marine LE PEN,Marine LE PEN,True
29847,2022,Emmanuel MACRON,François FILLON,False
29848,2022,Marine LE PEN,Marine LE PEN,True
29849,2022,Marine LE PEN,Marine LE PEN,True
29850,2022,Emmanuel MACRON,François FILLON,False
29851,2022,Marine LE PEN,Marine LE PEN,True
29852,2022,Marine LE PEN,Marine LE PEN,True
29853,2022,Marine LE PEN,Marine LE PEN,True
29854,2022,Marine LE PEN,Marine LE PEN,True
29855,2022,Marine LE PEN,Marine LE PEN,True
29856,2022,Marine LE PEN,Marine LE PEN,True
29857,2022,Marine LE PEN,Marine LE PEN,True
29858,2022,Marine LE PEN,Marine LE PEN,True
29859,2022,Marine LE PEN,Marine LE PEN,True
29860,2022,Marine LE PEN,Marine LE PEN,True
29861,2022,Emmanuel MACRON,François FILLON,False
29862,2022,Emmanuel MACRON,François FILLON,False
29863,2022,Marine LE PEN,Marine LE PEN,True
29864,2022,Marine LE PEN,Marine LE PEN,True
29865,2022,Marine LE PEN,Marine LE PEN,True
29866,2022,Marine LE PEN,Marine LE PEN,True
29867,2022,Marine LE PEN,Marine LE PEN,True
29868,2022,Emmanuel MACRON,François FILLON,False
29869,2022,Marine LE PEN,Marine LE PEN,True
29870,2022,Marine LE PEN,Marine LE PEN,True
29871,2022,Marine LE PEN,Marine LE PEN,True
29872,2022,Marine LE PEN,Marine LE PEN,True
29873,2022,Marine LE PEN,Marine LE PEN,True
29874,2022,Marine LE PEN,Marine LE PEN,True
29875,2022,Emmanuel MACRON,François FILLON,False
29876,2022,Marine LE PEN,Marine LE PEN,True
29877,2022,Marine LE PEN,Marine LE PEN,True
29878,2022,Emmanuel MACRON,François FILLON,False
29879,2022,Emmanuel MACRON,François FILLON,False
29880,2022,Emmanuel MACRON,François FILLON,False
29881,2022,Emmanuel MACRON,François FILLON,False
29882,2022,Marine LE PEN,Marine LE PEN,True
29883,2022,Emmanuel MACRON,François FILLON,False
29884,2022,Marine LE PEN,Marine LE PEN,True
29885,2022,Emmanuel MACRON,François FILLON,False
29886,2022,Emmanuel MACRON,François FILLON,False
29887,2022,Emmanuel MACRON,François FILLON,False
29888,2022,Marine LE PEN,Marine LE PEN,True
29889,2022,Emmanuel MACRON,François FILLON,False
29890,2022,Marine LE PEN,Marine LE PEN,True
29891,2022,Marine LE PEN,Marine LE PEN,True
29892,2022,Marine LE PEN,Marine LE PEN,True
29893,2022,Marine LE PEN,Marine LE PEN,True
29894,2022,Emmanuel MACRON,François FILLON,False
29895,2022,Marine LE PEN,Marine LE PEN,True
29896,2022,Marine LE PEN,Marine LE PEN,True
29897,2022,Marine LE PEN,Marine LE PEN,True
29898,2022,Emmanuel MACRON,François FILLON,False
29899,2022,Marine LE PEN,Marine LE PEN,True
29900,2022,Marine LE PEN,Marine LE PEN,True
29901,2022,Marine LE PEN,Marine LE PEN,True
29902,2022,Emmanuel MACRON,François FILLON,False
29903,2022,Marine LE PEN,Marine LE PEN,True
29904,2022,Marine LE PEN,Marine LE PEN,True
29905,2022,Marine LE PEN,Marine LE PEN,True
29906,2022,Marine LE PEN,Marine LE PEN,True
29907,2022,Marine LE PEN,Marine LE PEN,True
29908,2022,Marine LE PEN,Marine LE PEN,True
29909,2022,Marine LE PEN,Marine LE PEN,True
29910,2022,Marine LE PEN,Marine LE PEN,True
29911,2022,Marine LE PEN,Marine LE PEN,True
29912,2022,Emmanuel MACRON,François FILLON,False
29913,2022,Marine LE PEN,Marine LE PEN,True
29914,2022,Marine LE PEN,Marine LE PEN,True
29915,2022,Emmanuel MACRON,François FILLON,False
29916,2022,Marine LE PEN,Marine LE PEN,True
29917,2022,Marine LE PEN,Marine LE PEN,True
29918,2022,Marine LE PEN,Marine LE PEN,True
29919,2022,Marine LE PEN,Marine LE PEN,True
29920,2022,Marine LE PEN,Marine LE PEN,True
29921,2022,Jean-Luc MÉLENCHON,Jean-Luc MÉLENCHON,True
29922,2022,Marine LE PEN,Marine LE PEN,True
29923,2022,Marine LE PEN,Marine LE PEN,True
29924,2022,Marine LE PEN,Marine LE PEN,True
29925,2022,Marine LE PEN,Marine LE PEN,True
29926,2022,Marine LE PEN,Marine LE PEN,True
29927,2022,Marine LE PEN,Marine LE PEN,True
29928,2022,Marine LE PEN,Marine LE PEN,True
29929,2022,Marine LE PEN,Marine LE PEN,True
29930,2022,Marine LE PEN,Marine LE PEN,True
29931,2022,Emmanuel MACRON,François FILLON,False
29932,2022,Marine LE PEN,Marine LE PEN,True
29933,2022,Marine LE PEN,Marine LE PEN,True
29934,2022,Marine LE PEN,Marine LE PEN,True
29935,2022,Marine LE PEN,Marine LE PEN,True
29936,2022,Emmanuel MACRON,François FILLON,False
29937,2022,Marine LE PEN,Marine LE PEN,True
29938,2022,Emmanuel MACRON,François FILLON,False
29939,2022,Marine LE PEN,Marine LE PEN,True
29940,2022,Marine LE PEN,Marine LE PEN,True
29941,2022,Marine LE PEN,Marine LE PEN,True
29942,2022,Marine LE PEN,Marine LE PEN,True
29943,2022,Marine LE PEN,Marine LE PEN,True
29944,2022,Marine LE PEN,Marine LE PEN,True
29945,2022,Marine LE PEN,Marine LE PEN,True
29946,2022,Marine LE PEN,Marine LE PEN,True
29947,2022,Emmanuel MACRON,François FILLON,False
29948,2022,Marine LE PEN,Marine LE PEN,True
29949,2022,Emmanuel MACRON,François FILLON,False
29950,2022,Emmanuel MACRON,François FILLON,False
29951,2022,Jean-Luc MÉLENCHON,Jean-Luc MÉLENCHON,True
29952,2022,Marine LE PEN,Marine LE PEN,True
29953,2022,Marine LE PEN,Marine LE PEN,True
29954,2022,Emmanuel MACRON,François FILLON,False
29955,2022,Emmanuel MACRON,François FILLON,False
29956,2022,Emmanuel MACRON,François FILLON,False
29957,2022,Emmanuel MACRON,François FILLON,False
29958,2022,Marine LE PEN,Marine LE PEN,True
29959,2022,Marine LE PEN,Marine LE PEN,True
29960,2022,Marine LE PEN,Marine LE PEN,True
29961,2022,Marine LE PEN,Marine LE PEN,True
29962,2022,Emmanuel MACRON,François FILLON,False
29963,2022,Marine LE PEN,Marine LE PEN,True
29964,2022,Marine LE PEN,Marine LE PEN,True
29965,2022,Marine LE PEN,Marine LE PEN,True
29966,2022,Marine LE PEN,Marine LE PEN,True
29967,2022,Emmanuel MACRON,Emmanuel MACRON,True
29968,2022,Marine LE PEN,Marine LE PEN,True
29969,2022,Marine LE PEN,Marine LE PEN,True
29970,2022,Marine LE PEN,Marine LE PEN,True
29971,2022,Marine LE PEN,Marine LE PEN,True
29972,2022,Marine LE PEN,Marine LE PEN,True
29973,2022,Marine LE PEN,Marine LE PEN,True
29974,2022,Marine LE PEN,Marine LE PEN,True
29975,2022,Emmanuel MACRON,François FILLON,False
29976,2022,Emmanuel MACRON,Emmanuel MACRON,True
29977,2022,Marine LE PEN,Marine LE PEN,True
29978,2022,Marine LE PEN,Marine LE PEN,True
29979,2022,Marine LE PEN,Marine LE PEN,True
29980,2022,Marine LE PEN,Marine LE PEN,True
29981,2022,Marine LE PEN,Marine LE PEN,True
29982,2022,Marine LE PEN,Marine LE PEN,True
29983,2022,Marine LE PEN,Marine LE PEN,True
29984,2022,Marine LE PEN,Marine LE PEN,True
29985,2022,Marine LE PEN,Marine LE PEN,True
29986,2022,Marine LE PEN,Marine LE PEN,True
29987,2022,Emmanuel MACRON,François FILLON,False
29988,2022,Emmanuel MACRON,François FILLON,False
29989,2022,Marine LE PEN,Marine LE PEN,True
29990,2022,Emmanuel MACRON,Emmanuel MACRON,True
29991,2022,Marine LE PEN,Marine LE PEN,True
29992,2022,Marine LE PEN,Marine LE PEN,True
29993,2022,Marine LE PEN,Marine LE PEN,True
29994,2022,Marine LE PEN,Marine LE PEN,True
29995,2022,Marine LE PEN,Marine LE PEN,True
29996,2022,Marine LE PEN,Marine LE PEN,True
29997,2022,Marine LE PEN,Marine LE PEN,True
29998,2022,Marine LE PEN,Marine LE PEN,True
29999,2022,Marine LE PEN,Marine LE PEN,True
30000,2022,Marine LE PEN,Marine LE PEN,True
30001,2022,Marine LE PEN,Marine LE PEN,True
30002,2022,Marine LE PEN,Marine LE PEN,True
30003,2022,Emmanuel MACRON,François FILLON,False
30004,2022,Marine LE PEN,Marine LE PEN,True
30005,2022,Marine LE PEN,Marine LE PEN,True
30006,2022,Marine LE PEN,Marine LE PEN,True
30007,2022,Marine LE PEN,Marine LE PEN,True
30008,2022,Emmanuel MACRON,François FILLON,False
30009,2022,Marine LE PEN,Marine LE PEN,True
30010,2022,Marine LE PEN,Marine LE PEN,True
30011,2022,Emmanuel MACRON,François FILLON,False
30012,2022,Marine LE PEN,Marine LE PEN,True
30013,2022,Marine LE PEN,Marine LE PEN,True
30014,2022,Marine LE PEN,Marine LE PEN,True
30015,2022,Marine LE PEN,Marine LE PEN,True
30016,2022,Marine LE PEN,Marine LE PEN,True
30017,2022,Marine LE PEN,Marine LE PEN,True
30018,2022,Emmanuel MACRON,François FILLON,False
30019,2022,Marine LE PEN,Marine LE PEN,True
30020,2022,Emmanuel MACRON,François FILLON,False
30021,2022,Marine LE PEN,Marine LE PEN,True
30022,2022,Marine LE PEN,Marine LE PEN,True
30023,2022,Marine LE PEN,Marine LE PEN,True
30024,2022,Marine LE PEN,Marine LE PEN,True
30025,2022,Marine LE PEN,Marine LE PEN,True
30026,2022,Marine LE PEN,Marine LE PEN,True
30027,2022,Emmanuel MACRON,François FILLON,False
30028,2022,Emmanuel MACRON,François FILLON,False
30029,2022,Marine LE PEN,Marine LE PEN,True
30030,2022,Marine LE PEN,Marine LE PEN,True
30031,2022,Marine LE PEN,Marine LE PEN,True
30032,2022,Emmanuel MACRON,François FILLON,False
30033,2022,Emmanuel MACRON,François FILLON,False
30034,2022,Marine LE PEN,Marine LE PEN,True
30035,2022,Marine LE PEN,Marine LE PEN,True
30036,2022,Marine LE PEN,Marine LE PEN,True
30037,2022,Marine LE PEN,Marine LE PEN,True
30038,2022,Marine LE PEN,Marine LE PEN,True
30039,2022,Marine LE PEN,Marine LE PEN,True
30040,2022,Marine LE PEN,Marine LE PEN,True
30041,2022,Marine LE PEN,Marine LE PEN,True
30042,2022,Marine LE PEN,Marine LE PEN,True
30043,2022,Marine LE PEN,Marine LE PEN,True
30044,2022,Emmanuel MACRON,François FILLON,False
30045,2022,Emmanuel MACRON,Jean-Luc MÉLENCHON,False
30046,2022,Emmanuel MACRON,François FILLON,False
30047,2022,Marine LE PEN,Marine LE PEN,True
30048,2022,Marine LE PEN,Marine LE PEN,True
30049,2022,Emmanuel MACRON,Emmanuel MACRON,True
30050,2022,Emmanuel MACRON,Emmanuel MACRON,True
30051,2022,Emmanuel MACRON,François FILLON,False
30052,2022,Marine LE PEN,Marine LE PEN,True
30053,2022,Marine LE PEN,Marine LE PEN,True
30054,2022,Marine LE PEN,Marine LE PEN,True
30055,2022,Marine LE PEN,Marine LE PEN,True
30056,2022,Marine LE PEN,Marine LE PEN,True
30057,2022,Marine LE PEN,Marine LE PEN,True
30058,2022,Marine LE PEN,Marine LE PEN,True
30059,2022,Marine LE PEN,Marine LE PEN,True
30060,2022,Marine LE PEN,Marine LE PEN,True
30061,2022,Marine LE PEN,Marine LE PEN,True
30062,2022,Emmanuel MACRON,François FILLON,False
30063,2022,Marine LE PEN,Marine LE PEN,True
30064,2022,Marine LE PEN,Marine LE PEN,True
30065,2022,Marine LE PEN,Marine LE PEN,True
30066,2022,Marine LE PEN,Marine LE PEN,True
30067,2022,Marine LE PEN,Marine LE PEN,True
30068,2022,Marine LE PEN,Marine LE PEN,True
30069,2022,Marine LE PEN,Marine LE PEN,True
30070,2022,Marine LE PEN,Marine LE PEN,True
30071,2022,Emmanuel MACRON,Emmanuel MACRON,True
30072,2022,Emmanuel MACRON,Emmanuel MACRON,True
30073,2022,Marine LE PEN,Marine LE PEN,True
30074,2022,Marine LE PEN,Marine LE PEN,True
30075,2022,Marine LE PEN,Marine LE PEN,True
30076,2022,Marine LE PEN,Marine LE PEN,True
30077,2022,Marine LE PEN,Marine LE PEN,True
30078,2022,Emmanuel MACRON,Emmanuel MACRON,True
30079,2022,Emmanuel MACRON,Emmanuel MACRON,True
30080,2022,Marine LE PEN,Marine LE PEN,True
30081,2022,Jean-Luc MÉLENCHON,Jean-Luc MÉLENCHON,True
30082,2022,Marine LE PEN,Marine LE PEN,True
30083,2022,Marine LE PEN,Marine LE PEN,True
30084,2022,Marine LE PEN,Marine LE PEN,True
30085,2022,Marine LE PEN,Marine LE PEN,True
30086,2022,Marine LE PEN,Marine LE PEN,True
30087,2022,Marine LE PEN,Marine LE PEN,True
30088,2022,Marine LE PEN,Marine LE PEN,True
30089,2022,Emmanuel MACRON,François FILLON,False
30090,2022,Marine LE PEN,Marine LE PEN,True
30091,2022,Marine LE PEN,Marine LE PEN,True
30092,2022,Marine LE PEN,Marine LE PEN,True
30093,2022,Marine LE PEN,Marine LE PEN,True
30094,2022,Jean-Luc MÉLENCHON,Jean-Luc MÉLENCHON,True
30095,2022,Marine LE PEN,Marine LE PEN,True
30096,2022,Marine LE PEN,Marine LE PEN,True
30097,2022,Emmanuel MACRON,François FILLON,False
30098,2022,Marine LE PEN,Marine LE PEN,True
30099,2022,Emmanuel MACRON,François FILLON,False
30100,2022,Emmanuel MACRON,François FILLON,False
30101,2022,Marine LE PEN,Marine LE PEN,True
30102,2022,Marine LE PEN,Marine LE PEN,True
30103,2022,Marine LE PEN,Marine LE PEN,True
30104,2022,Marine LE PEN,Marine LE PEN,True
30105,2022,Emmanuel MACRON,François FILLON,False
30106,2022,Marine LE PEN,Marine LE PEN,True
30107,2022,Marine LE PEN,Marine LE PEN,True
30108,2022,Marine LE PEN,Marine LE PEN,True
30109,2022,Emmanuel MACRON,François FILLON,False
30110,2022,Emmanuel MACRON,François FILLON,False
30111,2022,Emmanuel MACRON,François FILLON,False
30112,2022,Emmanuel MACRON,François FILLON,False
30113,2022,Emmanuel MACRON,François FILLON,False
30114,2022,Marine LE PEN,Marine LE PEN,True
30115,2022,Emmanuel MACRON,François FILLON,False
30116,2022,Marine LE PEN,Marine LE PEN,True
30117,2022,Emmanuel MACRON,François FILLON,False
30118,2022,Emmanuel MACRON,François FILLON,False
30119,2022,Marine LE PEN,Marine LE PEN,True
30120,2022,Marine LE PEN,Marine LE PEN,True
30121,2022,Marine LE PEN,Marine LE PEN,True
30122,2022,Marine LE PEN,Marine LE PEN,True
30123,2022,Marine LE PEN,Marine LE PEN,True
30124,2022,Marine LE PEN,Marine LE PEN,True
30125,2022,Marine LE PEN,Marine LE PEN,True
30126,2022,Marine LE PEN,Marine LE PEN,True
30127,2022,Marine LE PEN,Marine LE PEN,True
30128,2022,Marine LE PEN,Marine LE PEN,True
30129,2022,Emmanuel MACRON,François FILLON,False
30130,2022,Marine LE PEN,Marine LE PEN,True
30131,2022,Emmanuel MACRON,François FILLON,False
30132,2022,Marine LE PEN,Marine LE PEN,True
30133,2022,Marine LE PEN,Marine LE PEN,True
30134,2022,Jean-Luc MÉLENCHON,Emmanuel MACRON,False
30135,2022,Emmanuel MACRON,François FILLON,False
30136,2022,Emmanuel MACRON,François FILLON,False
30137,2022,Marine LE PEN,Marine LE PEN,True
30138,2022,Marine LE PEN,Marine LE PEN,True
30139,2022,Marine LE PEN,Marine LE PEN,True
30140,2022,Marine LE PEN,Marine LE PEN,True
30141,2022,Emmanuel MACRON,François FILLON,False
30142,2022,Emmanuel MACRON,François FILLON,False
30143,2022,Marine LE PEN,Marine LE PEN,True
30144,2022,Emmanuel MACRON,François FILLON,False
30145,2022,Marine LE PEN,Marine LE PEN,True
30146,2022,Emmanuel MACRON,Emmanuel MACRON,True
30147,2022,Marine LE PEN,Marine LE PEN,True
30148,2022,Marine LE PEN,Marine LE PEN,True
30149,2022,Emmanuel MACRON,François FILLON,False
30150,2022,Marine LE PEN,Marine LE PEN,True
30151,2022,Marine LE PEN,Marine LE PEN,True
30152,2022,Emmanuel MACRON,François FILLON,False
30153,2022,Marine LE PEN,Marine LE PEN,True
30154,2022,Emmanuel MACRON,François FILLON,False
30155,2022,Marine LE PEN,Marine LE PEN,True
30156,2022,Marine LE PEN,Marine LE PEN,True
30157,2022,Emmanuel MACRON,François FILLON,False
30158,2022,Emmanuel MACRON,François FILLON,False
30159,2022,Emmanuel MACRON,François FILLON,False
30160,2022,Marine LE PEN,Marine LE PEN,True
30161,2022,Emmanuel MACRON,François FILLON,False
30162,2022,Marine LE PEN,Marine LE PEN,True
30163,2022,Marine LE PEN,Marine LE PEN,True
30164,2022,Emmanuel MACRON,François FILLON,False
30165,2022,Marine LE PEN,Marine LE PEN,True
30166,2022,Marine LE PEN,Marine LE PEN,True
30167,2022,Marine LE PEN,Marine LE PEN,True
30168,2022,Marine LE PEN,Marine LE PEN,True
30169,2022,Jean-Luc MÉLENCHON,Jean-Luc MÉLENCHON,True
30170,2022,Marine LE PEN,Marine LE PEN,True
30171,2022,Marine LE PEN,Marine LE PEN,True
30172,2022,Emmanuel MACRON,François FILLON,False
30173,2022,Emmanuel MACRON,François FILLON,False
30174,2022,Emmanuel MACRON,François FILLON,False
30175,2022,Marine LE PEN,Marine LE PEN,True
30176,2022,Marine LE PEN,Marine LE PEN,True
30177,2022,Marine LE PEN,Marine LE PEN,True
30178,2022,Marine LE PEN,Marine LE PEN,True
30179,2022,Marine LE PEN,Marine LE PEN,True
30180,2022,Marine LE PEN,Marine LE PEN,True
30181,2022,Marine LE PEN,Marine LE PEN,True
30182,2022,Marine LE PEN,Marine LE PEN,True
30183,2022,Marine LE PEN,Marine LE PEN,True
30184,2022,Emmanuel MACRON,Emmanuel MACRON,True
30185,2022,Marine LE PEN,Marine LE PEN,True
30186,2022,Emmanuel MACRON,François FILLON,False
30187,2022,Emmanuel MACRON,François FILLON,False
30188,2022,Marine LE PEN,Marine LE PEN,True
30189,2022,Emmanuel MACRON,François FILLON,False
30190,2022,Marine LE PEN,Marine LE PEN,True
30191,2022,Marine LE PEN,Marine LE PEN,True
30192,2022,Emmanuel MACRON,François FILLON,False
30193,2022,Marine LE PEN,Marine LE PEN,True
30194,2022,Marine LE PEN,Marine LE PEN,True
30195,2022,Marine LE PEN,Marine LE PEN,True
30196,2022,Marine LE PEN,Marine LE PEN,True
30197,2022,Emmanuel MACRON,François FILLON,False
30198,2022,Emmanuel MACRON,François FILLON,False
30199,2022,Marine LE PEN,Marine LE PEN,True
30200,2022,Marine LE PEN,Marine LE PEN,True
30201,2022,Marine LE PEN,Marine LE PEN,True
30202,2022,Marine LE PEN,Marine LE PEN,True
30203,2022,Emmanuel MACRON,François FILLON,False
30204,2022,Marine LE PEN,Marine LE PEN,True
30205,2022,Marine LE PEN,Marine LE PEN,True
30206,2022,Emmanuel MACRON,François FILLON,False
30207,2022,Marine LE PEN,Marine LE PEN,True
30208,2022,Emmanuel MACRON,François FILLON,False
30209,2022,Emmanuel MACRON,François FILLON,False
30210,2022,Marine LE PEN,Marine LE PEN,True
30211,2022,Marine LE PEN,Marine LE PEN,True
30212,2022,Emmanuel MACRON,François FILLON,False
30213,2022,Marine LE PEN,Marine LE PEN,True
30214,2022,Emmanuel MACRON,François FILLON,False
30215,2022,Emmanuel MACRON,François FILLON,False
30216,2022,Marine LE PEN,Marine LE PEN,True
30217,2022,Emmanuel MACRON,François FILLON,False
30218,2022,Marine LE PEN,Marine LE PEN,True
30219,2022,Marine LE PEN,Marine LE PEN,True
30220,2022,Marine LE PEN,Marine LE PEN,True
30221,2022,Marine LE PEN,Marine LE PEN,True
30222,2022,Marine LE PEN,Marine LE PEN,True
30223,2022,Marine LE PEN,Marine LE PEN,True
30224,2022,Emmanuel MACRON,François FILLON,False
30225,2022,Marine LE PEN,Marine LE PEN,True
30226,2022,Emmanuel MACRON,Emmanuel MACRON,True
30227,2022,Marine LE PEN,Marine LE PEN,True
30228,2022,Marine LE PEN,Marine LE PEN,True
30229,2022,Marine LE PEN,Marine LE PEN,True
30230,2022,Emmanuel MACRON,François FILLON,False
30231,2022,Marine LE PEN,Marine LE PEN,True
30232,2022,Marine LE PEN,Marine LE PEN,True
30233,2022,Marine LE PEN,Marine LE PEN,True
30234,2022,Marine LE PEN,Marine LE PEN,True
30235,2022,Emmanuel MACRON,Emmanuel MACRON,True
30236,2022,Marine LE PEN,Marine LE PEN,True
30237,2022,Marine LE PEN,Marine LE PEN,True
30238,2022,Marine LE PEN,Marine LE PEN,True
30239,2022,Emmanuel MACRON,François FILLON,False
30240,2022,Marine LE PEN,Marine LE PEN,True
30241,2022,Marine LE PEN,Marine LE PEN,True
30242,2022,Emmanuel MACRON,François FILLON,False
30243,2022,Emmanuel MACRON,Jean-Luc MÉLENCHON,False
30244,2022,Marine LE PEN,Marine LE PEN,True
30245,2022,Marine LE PEN,Marine LE PEN,True
30246,2022,Emmanuel MACRON,François FILLON,False
30247,2022,Marine LE PEN,Marine LE PEN,True
30248,2022,Marine LE PEN,Marine LE PEN,True
30249,2022,Marine LE PEN,Marine LE PEN,True
30250,2022,Marine LE PEN,Marine LE PEN,True
30251,2022,Marine LE PEN,Marine LE PEN,True
30252,2022,Marine LE PEN,Marine LE PEN,True
30253,2022,Marine LE PEN,Marine LE PEN,True
30254,2022,Marine LE PEN,Marine LE PEN,True
30255,2022,Marine LE PEN,Marine LE PEN,True
30256,2022,Marine LE PEN,Marine LE PEN,True
30257,2022,Marine LE PEN,Marine LE PEN,True
30258,2022,Marine LE PEN,Marine LE PEN,True
30259,2022,Marine LE PEN,Marine LE PEN,True
30261,2022,Marine LE PEN,Marine LE PEN,True
30262,2022,Marine LE PEN,Marine LE PEN,True
30263,2022,Marine LE PEN,Marine LE PEN,True
30264,2022,Marine LE PEN,Marine LE PEN,True
30265,2022,Marine LE PEN,Marine LE PEN,True
30266,2022,Marine LE PEN,Marine LE PEN,True
30267,2022,Jean-Luc MÉLENCHON,Jean-Luc MÉLENCHON,True
30268,2022,Marine LE PEN,Marine LE PEN,True
30269,2022,Emmanuel MACRON,François FILLON,False
30270,2022,Marine LE PEN,Marine LE PEN,True
30271,2022,Marine LE PEN,Marine LE PEN,True
30272,2022,Marine LE PEN,Marine LE PEN,True
30273,2022,Marine LE PEN,Marine LE PEN,True
30274,2022,Marine LE PEN,Marine LE PEN,True
30275,2022,Marine LE PEN,Marine LE PEN,True
30276,2022,Marine LE PEN,Marine LE PEN,True
30277,2022,Marine LE PEN,Marine LE PEN,True
30278,2022,Emmanuel MACRON,François FILLON,False
30279,2022,Marine LE PEN,Marine LE PEN,True
30280,2022,Marine LE PEN,Marine LE PEN,True
30281,2022,Marine LE PEN,Marine LE PEN,True
30282,2022,Marine LE PEN,Marine LE PEN,True
30283,2022,Marine LE PEN,Marine LE PEN,True
30284,2022,Marine LE PEN,Marine LE PEN,True
30285,2022,Emmanuel MACRON,François FILLON,False
30286,2022,Marine LE PEN,Marine LE PEN,True
30287,2022,Marine LE PEN,Marine LE PEN,True
30288,2022,Emmanuel MACRON,François FILLON,False
30289,2022,Emmanuel MACRON,François FILLON,False
30290,2022,Marine LE PEN,Marine LE PEN,True
30291,2022,Marine LE PEN,Marine LE PEN,True
30292,2022,Emmanuel MACRON,François FILLON,False
30293,2022,Marine LE PEN,Marine LE PEN,True
30294,2022,Marine LE PEN,Marine LE PEN,True
30295,2022,Marine LE PEN,Marine LE PEN,True
30296,2022,Emmanuel MACRON,François FILLON,False
30297,2022,Marine LE PEN,Marine LE PEN,True
30298,2022,Emmanuel MACRON,François FILLON,False
30299,2022,Emmanuel MACRON,François FILLON,False
30300,2022,Marine LE PEN,Marine LE PEN,True
30301,2022,Emmanuel MACRON,François FILLON,False
30302,2022,Marine LE PEN,Marine LE PEN,True
30303,2022,Marine LE PEN,Marine LE PEN,True
30304,2022,Marine LE PEN,Marine LE PEN,True
30305,2022,Marine LE PEN,Marine LE PEN,True
30306,2022,Marine LE PEN,Marine LE PEN,True
30307,2022,Marine LE PEN,Marine LE PEN,True
30308,2022,Emmanuel MACRON,François FILLON,False
30310,2022,Marine LE PEN,Marine LE PEN,True
30311,2022,Marine LE PEN,Marine LE PEN,True
30312,2022,Marine LE PEN,Marine LE PEN,True
30313,2022,Marine LE PEN,Marine LE PEN,True
30314,2022,Emmanuel MACRON,François FILLON,False
30315,2022,Emmanuel MACRON,François FILLON,False
30316,2022,Emmanuel MACRON,François FILLON,False
30317,2022,Marine LE PEN,Marine LE PEN,True
30318,2022,Emmanuel MACRON,François FILLON,False
30319,2022,Marine LE PEN,Marine LE PEN,True
30320,2022,Emmanuel MACRON,François FILLON,False
30321,2022,Marine LE PEN,Marine LE PEN,True
30322,2022,Marine LE PEN,Marine LE PEN,True
30323,2022,Marine LE PEN,Marine LE PEN,True
30324,2022,Marine LE PEN,Marine LE PEN,True
30325,2022,Marine LE PEN,Marine LE PEN,True
30326,2022,Marine LE PEN,Marine LE PEN,True
30327,2022,Marine LE PEN,Marine LE PEN,True
30328,2022,Marine LE PEN,Marine LE PEN,True
30329,2022,Marine LE PEN,Marine LE PEN,True
30330,2022,Marine LE PEN,Marine LE PEN,True
30331,2022,Marine LE PEN,Marine LE PEN,True
30332,2022,Emmanuel MACRON,François FILLON,False
30333,2022,Marine LE PEN,Marine LE PEN,True
30334,2022,Marine LE PEN,Marine LE PEN,True
30335,2022,Emmanuel MACRON,François FILLON,False
30336,2022,Marine LE PEN,Marine LE PEN,True
30337,2022,Emmanuel MACRON,Jean-Luc MÉLENCHON,False
30338,2022,Marine LE PEN,Marine LE PEN,True
30339,2022,Emmanuel MACRON,François FILLON,False
30340,2022,Marine LE PEN,Marine LE PEN,True
30341,2022,Emmanuel MACRON,François FILLON,False
30342,2022,Marine LE PEN,Marine LE PEN,True
30343,2022,Emmanuel MACRON,François FILLON,False
30344,2022,Emmanuel MACRON,François FILLON,False
30345,2022,Marine LE PEN,Marine LE PEN,True
30346,2022,Marine LE PEN,Marine LE PEN,True
30347,2022,Marine LE PEN,Marine LE PEN,True
30348,2022,Marine LE PEN,Marine LE PEN,True
30349,2022,Marine LE PEN,Marine LE PEN,True
30350,2022,Marine LE PEN,Marine LE PEN,True
30351,2022,Emmanuel MACRON,François FILLON,False
30352,2022,Emmanuel MACRON,François FILLON,False
30353,2022,Marine LE PEN,Marine LE PEN,True
30354,2022,Marine LE PEN,Marine LE PEN,True
30355,2022,Emmanuel MACRON,François FILLON,False
30356,2022,Marine LE PEN,Marine LE PEN,True
30357,2022,Marine LE PEN,Marine LE PEN,True
30358,2022,Marine LE PEN,Marine LE PEN,True
30359,2022,Emmanuel MACRON,François FILLON,False
30360,2022,Marine LE PEN,Marine LE PEN,True
30361,2022,Marine LE PEN,Marine LE PEN,True
30362,2022,Marine LE PEN,Marine LE PEN,True
30363,2022,Marine LE PEN,Marine LE PEN,True
30364,2022,Marine LE PEN,Marine LE PEN,True
30366,2022,Marine LE PEN,Marine LE PEN,True
30367,2022,Marine LE PEN,Marine LE PEN,True
30368,2022,Marine LE PEN,Marine LE PEN,True
30369,2022,Marine LE PEN,Marine LE PEN,True
30370,2022,Marine LE PEN,Marine LE PEN,True
30371,2022,Marine LE PEN,Marine LE PEN,True
30372,2022,Marine LE PEN,Marine LE PEN,True
30373,2022,Emmanuel MACRON,François FILLON,False
30374,2022,Emmanuel MACRON,François FILLON,False
30375,2022,Emmanuel MACRON,François FILLON,False
30376,2022,Emmanuel MACRON,François FILLON,False
30377,2022,Emmanuel MACRON,François FILLON,False
30378,2022,Emmanuel MACRON,François FILLON,False
30379,2022,Marine LE PEN,Marine LE PEN,True
30380,2022,Marine LE PEN,Marine LE PEN,True
30381,2022,Marine LE PEN,Marine LE PEN,True
30382,2022,Marine LE PEN,Marine LE PEN,True
30383,2022,Marine LE PEN,Marine LE PEN,True
30384,2022,Marine LE PEN,Marine LE PEN,True
30385,2022,Emmanuel MACRON,François FILLON,False
30386,2022,Emmanuel MACRON,François FILLON,False
30387,2022,Emmanuel MACRON,François FILLON,False
30388,2022,Marine LE PEN,Marine LE PEN,True
30389,2022,Marine LE PEN,Marine LE PEN,True
30390,2022,Emmanuel MACRON,François FILLON,False
30391,2022,Marine LE PEN,Marine LE PEN,True
30392,2022,Jean-Luc MÉLENCHON,François FILLON,False
30393,2022,Marine LE PEN,Marine LE PEN,True
30394,2022,Emmanuel MACRON,François FILLON,False
30395,2022,Emmanuel MACRON,François FILLON,False
30396,2022,Emmanuel MACRON,François FILLON,False
30397,2022,Emmanuel MACRON,François FILLON,False
30398,2022,Marine LE PEN,Marine LE PEN,True
30399,2022,Emmanuel MACRON,François FILLON,False
30400,2022,Marine LE PEN,Marine LE PEN,True
30401,2022,Emmanuel MACRON,François FILLON,False
30402,2022,Marine LE PEN,Marine LE PEN,True
30403,2022,Emmanuel MACRON,Emmanuel MACRON,True
30404,2022,Marine LE PEN,Marine LE PEN,True
30405,2022,Emmanuel MACRON,François FILLON,False
30406,2022,Marine LE PEN,Marine LE PEN,True
30407,2022,Marine LE PEN,Marine LE PEN,True
30408,2022,Marine LE PEN,Marine LE PEN,True
30409,2022,Marine LE PEN,Marine LE PEN,True
30410,2022,Emmanuel MACRON,François FILLON,False
30411,2022,Marine LE PEN,Marine LE PEN,True
30412,2022,Marine LE PEN,Marine LE PEN,True
30413,2022,Marine LE PEN,Marine LE PEN,True
30414,2022,Marine LE PEN,Marine LE PEN,True
30415,2022,Marine LE PEN,Marine LE PEN,True
30416,2022,Marine LE PEN,Marine LE PEN,True
30417,2022,Marine LE PEN,Marine LE PEN,True
30418,2022,Jean-Luc MÉLENCHON,François FILLON,False
30419,2022,Marine LE PEN,Marine LE PEN,True
30420,2022,Emmanuel MACRON,François FILLON,False
30421,2022,Marine LE PEN,Marine LE PEN,True
30422,2022,Marine LE PEN,Marine LE PEN,True
30423,2022,Marine LE PEN,Marine LE PEN,True
30424,2022,Marine LE PEN,Marine LE PEN,True
30425,2022,Marine LE PEN,Marine LE PEN,True
30426,2022,Marine LE PEN,Marine LE PEN,True
30427,2022,Marine LE PEN,Marine LE PEN,True
30428,2022,Marine LE PEN,Marine LE PEN,True
30429,2022,Marine LE PEN,Marine LE PEN,True
30430,2022,Emmanuel MACRON,François FILLON,False
30431,2022,Marine LE PEN,Marine LE PEN,True
30432,2022,Marine LE PEN,Marine LE PEN,True
30433,2022,Marine LE PEN,Marine LE PEN,True
30434,2022,Marine LE PEN,Marine LE PEN,True
30435,2022,Marine LE PEN,Marine LE PEN,True
30436,2022,Jean-Luc MÉLENCHON,François FILLON,False
30437,2022,Marine LE PEN,Marine LE PEN,True
30438,2022,Marine LE PEN,Marine LE PEN,True
30439,2022,Marine LE PEN,Marine LE PEN,True
30440,2022,Marine LE PEN,Marine LE PEN,True
30441,2022,Jean-Luc MÉLENCHON,Jean-Luc MÉLENCHON,True
30442,2022,Marine LE PEN,Marine LE PEN,True
30443,2022,Marine LE PEN,Marine LE PEN,True
30444,2022,Emmanuel MACRON,François FILLON,False
30445,2022,Marine LE PEN,Marine LE PEN,True
30446,2022,Marine LE PEN,Marine LE PEN,True
30447,2022,Emmanuel MACRON,François FILLON,False
30448,2022,Marine LE PEN,Marine LE PEN,True
30449,2022,Marine LE PEN,Marine LE PEN,True
30450,2022,Marine LE PEN,Marine LE PEN,True
30451,2022,Emmanuel MACRON,François FILLON,False
30452,2022,Marine LE PEN,Marine LE PEN,True
30453,2022,Marine LE PEN,Marine LE PEN,True
30454,2022,Emmanuel MACRON,François FILLON,False
30455,2022,Jean-Luc MÉLENCHON,François FILLON,False
30456,2022,Marine LE PEN,Marine LE PEN,True
30457,2022,Emmanuel MACRON,François FILLON,False
30458,2022,Emmanuel MACRON,François FILLON,False
30459,2022,Marine LE PEN,Marine LE PEN,True
30460,2022,Marine LE PEN,Marine LE PEN,True
30461,2022,Marine LE PEN,Marine LE PEN,True
30462,2022,Marine LE PEN,Marine LE PEN,True
30463,2022,Marine LE PEN,Marine LE PEN,True
30464,2022,Marine LE PEN,Marine LE PEN,True
30465,2022,Emmanuel MACRON,François FILLON,False
30466,2022,Marine LE PEN,Marine LE PEN,True
30467,2022,Marine LE PEN,Marine LE PEN,True
30468,2022,Marine LE PEN,Marine LE PEN,True
30469,2022,Marine LE PEN,Marine LE PEN,True
30470,2022,Marine LE PEN,Marine LE PEN,True
30471,2022,Marine LE PEN,Marine LE PEN,True
30472,2022,Marine LE PEN,Marine LE PEN,True
30473,2022,Marine LE PEN,Marine LE PEN,True
30474,2022,Marine LE PEN,Marine LE PEN,True
30475,2022,Marine LE PEN,Marine LE PEN,True
30476,2022,Jean-Luc MÉLENCHON,François FILLON,False
30477,2022,Marine LE PEN,Marine LE PEN,True
30478,2022,Marine LE PEN,Marine LE PEN,True
30479,2022,Emmanuel MACRON,François FILLON,False
30480,2022,Marine LE PEN,Marine LE PEN,True
30481,2022,Marine LE PEN,Marine LE PEN,True
30483,2022,Marine LE PEN,Marine LE PEN,True
30484,2022,Marine LE PEN,Marine LE PEN,True
30485,2022,Jean-Luc MÉLENCHON,Jean-Luc MÉLENCHON,True
30486,2022,Jean-Luc MÉLENCHON,François FILLON,False
30487,2022,Emmanuel MACRON,François FILLON,False
30488,2022,Emmanuel MACRON,François FILLON,False
30489,2022,Marine LE PEN,Marine LE PEN,True
30490,2022,Marine LE PEN,Marine LE PEN,True
30491,2022,Marine LE PEN,Marine LE PEN,True
30492,2022,Marine LE PEN,Marine LE PEN,True
30493,2022,Marine LE PEN,Marine LE PEN,True
30494,2022,Marine LE PEN,Marine LE PEN,True
30495,2022,Marine LE PEN,Marine LE PEN,True
30496,2022,Marine LE PEN,Marine LE PEN,True
30497,2022,Marine LE PEN,Marine LE PEN,True
30498,2022,Marine LE PEN,Marine LE PEN,True
30499,2022,Marine LE PEN,Marine LE PEN,True
30500,2022,Jean-Luc MÉLENCHON,François FILLON,False
30501,2022,Emmanuel MACRON,François FILLON,False
30502,2022,Marine LE PEN,Marine LE PEN,True
30503,2022,Marine LE PEN,Marine LE PEN,True
30504,2022,Marine LE PEN,Marine LE PEN,True
30505,2022,Emmanuel MACRON,François FILLON,False
30506,2022,Marine LE PEN,Marine LE PEN,True
30507,2022,Emmanuel MACRON,François FILLON,False
30508,2022,Emmanuel MACRON,François FILLON,False
30509,2022,Emmanuel MACRON,François FILLON,False
30510,2022,Emmanuel MACRON,François FILLON,False
30511,2022,Emmanuel MACRON,François FILLON,False
30512,2022,Marine LE PEN,Marine LE PEN,True
30513,2022,Marine LE PEN,Marine LE PEN,True
30514,2022,Marine LE PEN,Marine LE PEN,True
30515,2022,Emmanuel MACRON,François FILLON,False
30516,2022,Emmanuel MACRON,François FILLON,False
30517,2022,Marine LE PEN,Marine LE PEN,True
30518,2022,Emmanuel MACRON,François FILLON,False
30519,2022,Marine LE PEN,Marine LE PEN,True
30520,2022,Marine LE PEN,Marine LE PEN,True
30521,2022,Marine LE PEN,Marine LE PEN,True
30522,2022,Marine LE PEN,Marine LE PEN,True
30523,2022,Marine LE PEN,Marine LE PEN,True
30524,2022,Marine LE PEN,Marine LE PEN,True
30525,2022,Marine LE PEN,Marine LE PEN,True
30526,2022,Marine LE PEN,Marine LE PEN,True
30527,2022,Emmanuel MACRON,François FILLON,False
30528,2022,Marine LE PEN,Marine LE PEN,True
30529,2022,Marine LE PEN,Marine LE PEN,True
30530,2022,Marine LE PEN,Marine LE PEN,True
30531,2022,Marine LE PEN,Marine LE PEN,True
30532,2022,Marine LE PEN,Marine LE PEN,True
30533,2022,Marine LE PEN,Marine LE PEN,True
30534,2022,Marine LE PEN,Marine LE PEN,True
30535,2022,Marine LE PEN,Marine LE PEN,True
30536,2022,Marine LE PEN,Marine LE PEN,True
30537,2022,Marine LE PEN,Marine LE PEN,True
30538,2022,Emmanuel MACRON,François FILLON,False
30539,2022,Marine LE PEN,Marine LE PEN,True
30540,2022,Marine LE PEN,Marine LE PEN,True
30541,2022,Marine LE PEN,Marine LE PEN,True
30542,2022,Emmanuel MACRON,François FILLON,False
30543,2022,Jean-Luc MÉLENCHON,François FILLON,False
30544,2022,Emmanuel MACRON,François FILLON,False
30545,2022,Marine LE PEN,Marine LE PEN,True
30546,2022,Emmanuel MACRON,François FILLON,False
30547,2022,Marine LE PEN,Marine LE PEN,True
30548,2022,Marine LE PEN,Marine LE PEN,True
30549,2022,Emmanuel MACRON,François FILLON,False
30550,2022,Marine LE PEN,Marine LE PEN,True
30551,2022,Marine LE PEN,Marine LE PEN,True
30552,2022,Emmanuel MACRON,François FILLON,False
30553,2022,Emmanuel MACRON,François FILLON,False
30554,2022,Emmanuel MACRON,François FILLON,False
30555,2022,Marine LE PEN,Marine LE PEN,True
30556,2022,Marine LE PEN,Marine LE PEN,True
30557,2022,Marine LE PEN,Marine LE PEN,True
30558,2022,Marine LE PEN,Marine LE PEN,True
30559,2022,Marine LE PEN,Marine LE PEN,True
30560,2022,Marine LE PEN,Marine LE PEN,True
30561,2022,Marine LE PEN,Marine LE PEN,True
30562,2022,Emmanuel MACRON,François FILLON,False
30563,2022,Marine LE PEN,Marine LE PEN,True
30564,2022,Marine LE PEN,Marine LE PEN,True
30565,2022,Emmanuel MACRON,François FILLON,False
30566,2022,Marine LE PEN,Marine LE PEN,True
30567,2022,Marine LE PEN,Marine LE PEN,True
30568,2022,Marine LE PEN,Marine LE PEN,True
30569,2022,Marine LE PEN,Marine LE PEN,True
30570,2022,Marine LE PEN,Marine LE PEN,True
30571,2022,Emmanuel MACRON,François FILLON,False
30572,2022,Emmanuel MACRON,François FILLON,False
30573,2022,Marine LE PEN,Marine LE PEN,True
30574,2022,Marine LE PEN,Marine LE PEN,True
30575,2022,Marine LE PEN,Marine LE PEN,True
30576,2022,Emmanuel MACRON,François FILLON,False
30577,2022,Emmanuel MACRON,François FILLON,False
30578,2022,Marine LE PEN,Marine LE PEN,True
30579,2022,Jean-Luc MÉLENCHON,Jean-Luc MÉLENCHON,True
30580,2022,Marine LE PEN,Marine LE PEN,True
30581,2022,Marine LE PEN,Marine LE PEN,True
30582,2022,Marine LE PEN,Marine LE PEN,True
30583,2022,Emmanuel MACRON,François FILLON,False
30584,2022,Marine LE PEN,Marine LE PEN,True
30585,2022,Marine LE PEN,Marine LE PEN,True
30586,2022,Jean-Luc MÉLENCHON,François FILLON,False
30587,2022,Marine LE PEN,Marine LE PEN,True
30588,2022,Marine LE PEN,Marine LE PEN,True
30589,2022,Marine LE PEN,Marine LE PEN,True
30590,2022,Marine LE PEN,Marine LE PEN,True
30591,2022,Marine LE PEN,Marine LE PEN,True
30592,2022,Marine LE PEN,Marine LE PEN,True
30593,2022,Marine LE PEN,Marine LE PEN,True
30594,2022,Emmanuel MACRON,François FILLON,False
30595,2022,Emmanuel MACRON,François FILLON,False
30596,2022,Emmanuel MACRON,François FILLON,False
30597,2022,Emmanuel MACRON,François FILLON,False
30598,2022,Marine LE PEN,Marine LE PEN,True
30599,2022,Marine LE PEN,Marine LE PEN,True
30600,2022,Marine LE PEN,Marine LE PEN,True
30601,2022,Marine LE PEN,Marine LE PEN,True
30602,2022,Marine LE PEN,Marine LE PEN,True
30603,2022,Marine LE PEN,Marine LE PEN,True
30604,2022,Marine LE PEN,Marine LE PEN,True
30605,2022,Emmanuel MACRON,François FILLON,False
30606,2022,Marine LE PEN,Marine LE PEN,True
30607,2022,Marine LE PEN,Marine LE PEN,True
30608,2022,Marine LE PEN,Marine LE PEN,True
30609,2022,Marine LE PEN,Marine LE PEN,True
30610,2022,Marine LE PEN,Marine LE PEN,True
30611,2022,Marine LE PEN,Marine LE PEN,True
30612,2022,Jean-Luc MÉLENCHON,Jean-Luc MÉLENCHON,True
30613,2022,Jean-Luc MÉLENCHON,Jean-Luc MÉLENCHON,True
30614,2022,Emmanuel MACRON,François FILLON,False
30615,2022,Marine LE PEN,Marine LE PEN,True
30616,2022,Jean-Luc MÉLENCHON,François FILLON,False
30617,2022,Marine LE PEN,Marine LE PEN,True
30618,2022,Marine LE PEN,Marine LE PEN,True
30619,2022,Marine LE PEN,Marine LE PEN,True
30620,2022,Marine LE PEN,Marine LE PEN,True
30621,2022,Marine LE PEN,Marine LE PEN,True
30622,2022,Jean-Luc MÉLENCHON,François FILLON,False
30623,2022,Marine LE PEN,Marine LE PEN,True
30624,2022,Jean-Luc MÉLENCHON,François FILLON,False
30625,2022,Marine LE PEN,Marine LE PEN,True
30626,2022,Marine LE PEN,Marine LE PEN,True
30627,2022,Marine LE PEN,Marine LE PEN,True
30628,2022,Marine LE PEN,Marine LE PEN,True
30629,2022,Marine LE PEN,Marine LE PEN,True
30630,2022,Marine LE PEN,Marine LE PEN,True
30631,2022,Marine LE PEN,Marine LE PEN,True
30632,2022,Jean-Luc MÉLENCHON,Jean-Luc MÉLENCHON,True
30633,2022,Marine LE PEN,Marine LE PEN,True
30634,2022,Emmanuel MACRON,François FILLON,False
30635,2022,Marine LE PEN,Marine LE PEN,True
30636,2022,Marine LE PEN,Marine LE PEN,True
30637,2022,Marine LE PEN,Marine LE PEN,True
30638,2022,Marine LE PEN,Marine LE PEN,True
30639,2022,Emmanuel MACRON,François FILLON,False
30640,2022,Marine LE PEN,Marine LE PEN,True
30641,2022,Marine LE PEN,Marine LE PEN,True
30642,2022,Emmanuel MACRON,François FILLON,False
30643,2022,Emmanuel MACRON,François FILLON,False
30644,2022,Marine LE PEN,Marine LE PEN,True
30645,2022,Marine LE PEN,Marine LE PEN,True
30646,2022,Emmanuel MACRON,François FILLON,False
30647,2022,Marine LE PEN,Marine LE PEN,True
30648,2022,Marine LE PEN,Marine LE PEN,True
30649,2022,Marine LE PEN,Marine LE PEN,True
30650,2022,Marine LE PEN,Marine LE PEN,True
30651,2022,Marine LE PEN,Marine LE PEN,True
30652,2022,Jean-Luc MÉLENCHON,François FILLON,False
30653,2022,Marine LE PEN,Marine LE PEN,True
30654,2022,Emmanuel MACRON,François FILLON,False
30655,2022,Marine LE PEN,Marine LE PEN,True
30656,2022,Emmanuel MACRON,François FILLON,False
30657,2022,Marine LE PEN,Marine LE PEN,True
30658,2022,Marine LE PEN,Marine LE PEN,True
30659,2022,Jean-Luc MÉLENCHON,Jean-Luc MÉLENCHON,True
30660,2022,Marine LE PEN,Marine LE PEN,True
30661,2022,Marine LE PEN,Marine LE PEN,True
30662,2022,Jean-Luc MÉLENCHON,François FILLON,False
30663,2022,Marine LE PEN,Marine LE PEN,True
30664,2022,Emmanuel MACRON,François FILLON,False
30665,2022,Marine LE PEN,Marine LE PEN,True
30666,2022,Marine LE PEN,Marine LE PEN,True
30667,2022,Marine LE PEN,Marine LE PEN,True
30668,2022,Marine LE PEN,Marine LE PEN,True
30669,2022,Marine LE PEN,Marine LE PEN,True
30670,2022,Marine LE PEN,Marine LE PEN,True
30671,2022,Marine LE PEN,Marine LE PEN,True
30672,2022,Marine LE PEN,Marine LE PEN,True
30673,2022,Marine LE PEN,Marine LE PEN,True
30674,2022,Emmanuel MACRON,Jean-Luc MÉLENCHON,False
30675,2022,Marine LE PEN,Marine LE PEN,True
30676,2022,Marine LE PEN,Marine LE PEN,True
30677,2022,Marine LE PEN,Marine LE PEN,True
30678,2022,Emmanuel MACRON,François FILLON,False
30679,2022,Marine LE PEN,Marine LE PEN,True
30680,2022,Marine LE PEN,Marine LE PEN,True
30681,2022,Marine LE PEN,Marine LE PEN,True
30682,2022,Emmanuel MACRON,François FILLON,False
30683,2022,Marine LE PEN,Marine LE PEN,True
30684,2022,Marine LE PEN,Marine LE PEN,True
30685,2022,Marine LE PEN,Marine LE PEN,True
30686,2022,Marine LE PEN,Marine LE PEN,True
30687,2022,Marine LE PEN,Marine LE PEN,True
30688,2022,Marine LE PEN,Marine LE PEN,True
30689,2022,Marine LE PEN,Marine LE PEN,True
30690,2022,Marine LE PEN,Marine LE PEN,True
30691,2022,Marine LE PEN,Marine LE PEN,True
30692,2022,Marine LE PEN,Marine LE PEN,True
30693,2022,Marine LE PEN,Marine LE PEN,True
30694,2022,Emmanuel MACRON,François FILLON,False
30695,2022,Jean-Luc MÉLENCHON,François FILLON,False
30696,2022,Emmanuel MACRON,François FILLON,False
30697,2022,Marine LE PEN,Marine LE PEN,True
30698,2022,Marine LE PEN,Marine LE PEN,True
30699,2022,Emmanuel MACRON,François FILLON,False
30700,2022,Jean-Luc MÉLENCHON,Jean-Luc MÉLENCHON,True
30701,2022,Marine LE PEN,Marine LE PEN,True
30702,2022,Marine LE PEN,Marine LE PEN,True
30703,2022,Marine LE PEN,Marine LE PEN,True
30704,2022,Marine LE PEN,Marine LE PEN,True
30705,2022,Marine LE PEN,Marine LE PEN,True
30706,2022,Marine LE PEN,Marine LE PEN,True
30707,2022,Emmanuel MACRON,François FILLON,False
30708,2022,Marine LE PEN,Marine LE PEN,True
30709,2022,Marine LE PEN,Marine LE PEN,True
30710,2022,Emmanuel MACRON,François FILLON,False
30711,2022,Jean-Luc MÉLENCHON,Jean-Luc MÉLENCHON,True
30712,2022,Marine LE PEN,Marine LE PEN,True
30713,2022,Marine LE PEN,Marine LE PEN,True
30714,2022,Marine LE PEN,Marine LE PEN,True
30715,2022,Emmanuel MACRON,François FILLON,False
30716,2022,Emmanuel MACRON,François FILLON,False
30717,2022,Marine LE PEN,Marine LE PEN,True
30718,2022,Marine LE PEN,Marine LE PEN,True
30719,2022,Marine LE PEN,Marine LE PEN,True
30721,2022,Marine LE PEN,Marine LE PEN,True
30722,2022,Marine LE PEN,Marine LE PEN,True
30723,2022,Marine LE PEN,Marine LE PEN,True
30724,2022,Marine LE PEN,Marine LE PEN,True
30725,2022,Marine LE PEN,Marine LE PEN,True
30726,2022,Marine LE PEN,Marine LE PEN,True
30727,2022,Marine LE PEN,Marine LE PEN,True
30728,2022,Emmanuel MACRON,François FILLON,False
30729,2022,Marine LE PEN,Marine LE PEN,True
30730,2022,Marine LE PEN,Marine LE PEN,True
30731,2022,Marine LE PEN,Marine LE PEN,True
30732,2022,Marine LE PEN,Marine LE PEN,True
30733,2022,Marine LE PEN,Marine LE PEN,True
30734,2022,Marine LE PEN,Marine LE PEN,True
30735,2022,Marine LE PEN,Marine LE PEN,True
30736,2022,Marine LE PEN,Marine LE PEN,True
30737,2022,Marine LE PEN,Marine LE PEN,True
30738,2022,Marine LE PEN,Marine LE PEN,True
30739,2022,Marine LE PEN,Marine LE PEN,True
30740,2022,Marine LE PEN,Marine LE PEN,True
30741,2022,Marine LE PEN,Marine LE PEN,True
30742,2022,Marine LE PEN,Marine LE PEN,True
30743,2022,Marine LE PEN,Marine LE PEN,True
30744,2022,Marine LE PEN,Marine LE PEN,True
30745,2022,Emmanuel MACRON,François FILLON,False
30746,2022,Emmanuel MACRON,François FILLON,False
30747,2022,Marine LE PEN,Marine LE PEN,True
30748,2022,Marine LE PEN,Marine LE PEN,True
30749,2022,Marine LE PEN,Marine LE PEN,True
30750,2022,Marine LE PEN,Marine LE PEN,True
30751,2022,Marine LE PEN,Marine LE PEN,True
30752,2022,Marine LE PEN,Marine LE PEN,True
30753,2022,Marine LE PEN,Marine LE PEN,True
30754,2022,Marine LE PEN,Marine LE PEN,True
30755,2022,Emmanuel MACRON,François FILLON,False
30756,2022,Marine LE PEN,Marine LE PEN,True
30757,2022,Marine LE PEN,Marine LE PEN,True
30758,2022,Emmanuel MACRON,François FILLON,False
30759,2022,Marine LE PEN,Marine LE PEN,True
30760,2022,Marine LE PEN,Marine LE PEN,True
30761,2022,Emmanuel MACRON,François FILLON,False
30762,2022,Emmanuel MACRON,François FILLON,False
30763,2022,Marine LE PEN,Marine LE PEN,True
30764,2022,Marine LE PEN,Marine LE PEN,True
30765,2022,Jean-Luc MÉLENCHON,Jean-Luc MÉLENCHON,True
30766,2022,Marine LE PEN,Marine LE PEN,True
30767,2022,Emmanuel MACRON,François FILLON,False
30768,2022,Marine LE PEN,Marine LE PEN,True
30769,2022,Emmanuel MACRON,François FILLON,False
30770,2022,Emmanuel MACRON,François FILLON,False
30771,2022,Marine LE PEN,Marine LE PEN,True
30772,2022,Marine LE PEN,Marine LE PEN,True
30773,2022,Marine LE PEN,Marine LE PEN,True
30774,2022,Marine LE PEN,Marine LE PEN,True
30775,2022,Marine LE PEN,Marine LE PEN,True
30776,2022,Marine LE PEN,Marine LE PEN,True
30777,2022,Marine LE PEN,Marine LE PEN,True
30778,2022,Marine LE PEN,Marine LE PEN,True
30779,2022,Marine LE PEN,Marine LE PEN,True
30780,2022,Marine LE PEN,Marine LE PEN,True
30781,2022,Marine LE PEN,Marine LE PEN,True
30782,2022,Jean-Luc MÉLENCHON,François FILLON,False
30783,2022,Emmanuel MACRON,François FILLON,False
30784,2022,Emmanuel MACRON,François FILLON,False
30785,2022,Marine LE PEN,Marine LE PEN,True
30786,2022,Marine LE PEN,Marine LE PEN,True
30787,2022,Marine LE PEN,Marine LE PEN,True
30788,2022,Jean-Luc MÉLENCHON,Jean-Luc MÉLENCHON,True
30789,2022,Marine LE PEN,Marine LE PEN,True
30790,2022,Emmanuel MACRON,François FILLON,False
30791,2022,Jean-Luc MÉLENCHON,François FILLON,False
30792,2022,Marine LE PEN,Marine LE PEN,True
30793,2022,Marine LE PEN,Marine LE PEN,True
30794,2022,Marine LE PEN,Marine LE PEN,True
30795,2022,Marine LE PEN,Marine LE PEN,True
30796,2022,Marine LE PEN,Marine LE PEN,True
30797,2022,Emmanuel MACRON,François FILLON,False
30798,2022,Marine LE PEN,Marine LE PEN,True
30799,2022,Jean-Luc MÉLENCHON,François FILLON,False
30800,2022,Marine LE PEN,Marine LE PEN,True
30801,2022,Marine LE PEN,Marine LE PEN,True
30802,2022,Jean-Luc MÉLENCHON,François FILLON,False
30803,2022,Marine LE PEN,Marine LE PEN,True
30804,2022,Marine LE PEN,Marine LE PEN,True
30805,2022,Emmanuel MACRON,François FILLON,False
30806,2022,Marine LE PEN,Marine LE PEN,True
30807,2022,Emmanuel MACRON,François FILLON,False
30808,2022,Marine LE PEN,Marine LE PEN,True
30809,2022,Marine LE PEN,Marine LE PEN,True
30810,2022,Marine LE PEN,Marine LE PEN,True
30811,2022,Marine LE PEN,Marine LE PEN,True
30812,2022,Marine LE PEN,Marine LE PEN,True
30813,2022,Jean-Luc MÉLENCHON,François FILLON,False
30814,2022,Jean-Luc MÉLENCHON,François FILLON,False
30815,2022,Marine LE PEN,Marine LE PEN,True
30816,2022,Marine LE PEN,Marine LE PEN,True
30817,2022,Marine LE PEN,Marine LE PEN,True
30818,2022,Marine LE PEN,Marine LE PEN,True
30819,2022,Marine LE PEN,Marine LE PEN,True
30820,2022,Marine LE PEN,Marine LE PEN,True
30821,2022,Marine LE PEN,Marine LE PEN,True
30822,2022,Emmanuel MACRON,François FILLON,False
30823,2022,Marine LE PEN,Marine LE PEN,True
30824,2022,Emmanuel MACRON,François FILLON,False
30825,2022,Marine LE PEN,Marine LE PEN,True
30826,2022,Marine LE PEN,Marine LE PEN,True
30827,2022,Jean-Luc MÉLENCHON,François FILLON,False
30828,2022,Jean-Luc MÉLENCHON,François FILLON,False
30829,2022,Marine LE PEN,Marine LE PEN,True
30830,2022,Emmanuel MACRON,François FILLON,False
30831,2022,Marine LE PEN,Marine LE PEN,True
30832,2022,Emmanuel MACRON,François FILLON,False
30833,2022,Marine LE PEN,Marine LE PEN,True
30834,2022,Emmanuel MACRON,François FILLON,False
30835,2022,Marine LE PEN,Marine LE PEN,True
30836,2022,Marine LE PEN,Marine LE PEN,True
30837,2022,Marine LE PEN,Marine LE PEN,True
30838,2022,Marine LE PEN,Marine LE PEN,True
30839,2022,Marine LE PEN,Marine LE PEN,True
30840,2022,Marine LE PEN,Marine LE PEN,True
30841,2022,Emmanuel MACRON,François FILLON,False
30842,2022,Emmanuel MACRON,François FILLON,False
30843,2022,Emmanuel MACRON,François FILLON,False
30844,2022,Marine LE PEN,Marine LE PEN,True
30845,2022,Marine LE PEN,Marine LE PEN,True
30846,2022,Marine LE PEN,Marine LE PEN,True
30847,2022,Emmanuel MACRON,François FILLON,False
30848,2022,Marine LE PEN,Marine LE PEN,True
30849,2022,Emmanuel MACRON,François FILLON,False
30850,2022,Jean-Luc MÉLENCHON,Jean-Luc MÉLENCHON,True
30851,2022,Emmanuel MACRON,François FILLON,False
30852,2022,Emmanuel MACRON,François FILLON,False
30853,2022,Marine LE PEN,Marine LE PEN,True
30854,2022,Emmanuel MACRON,François FILLON,False
30855,2022,Emmanuel MACRON,François FILLON,False
30856,2022,Emmanuel MACRON,François FILLON,False
30857,2022,Emmanuel MACRON,François FILLON,False
30858,2022,Jean-Luc MÉLENCHON,François FILLON,False
30859,2022,Emmanuel MACRON,François FILLON,False
30860,2022,Marine LE PEN,Marine LE PEN,True
30861,2022,Emmanuel MACRON,François FILLON,False
30862,2022,Emmanuel MACRON,François FILLON,False
30863,2022,Emmanuel MACRON,François FILLON,False
30864,2022,Emmanuel MACRON,François FILLON,False
30865,2022,Emmanuel MACRON,François FILLON,False
30866,2022,Emmanuel MACRON,François FILLON,False
30867,2022,Emmanuel MACRON,François FILLON,False
30868,2022,Emmanuel MACRON,François FILLON,False
30869,2022,Marine LE PEN,Marine LE PEN,True
30870,2022,Emmanuel MACRON,François FILLON,False
30871,2022,Marine LE PEN,Marine LE PEN,True
30872,2022,Emmanuel MACRON,François FILLON,False
30873,2022,Marine LE PEN,Marine LE PEN,True
30874,2022,Emmanuel MACRON,François FILLON,False
30875,2022,Emmanuel MACRON,François FILLON,False
30876,2022,Emmanuel MACRON,François FILLON,False
30877,2022,Emmanuel MACRON,François FILLON,False
30878,2022,Marine LE PEN,Marine LE PEN,True
30879,2022,Emmanuel MACRON,François FILLON,False
30880,2022,Emmanuel MACRON,François FILLON,False
30881,2022,Marine LE PEN,Marine LE PEN,True
30882,2022,Emmanuel MACRON,François FILLON,False
30883,2022,Emmanuel MACRON,François FILLON,False
30884,2022,Emmanuel MACRON,François FILLON,False
30885,2022,Emmanuel MACRON,François FILLON,False
30886,2022,Marine LE PEN,Marine LE PEN,True
30887,2022,Emmanuel MACRON,François FILLON,False
30888,2022,Emmanuel MACRON,François FILLON,False
30889,2022,Emmanuel MACRON,François FILLON,False
30890,2022,Jean-Luc MÉLENCHON,François FILLON,False
30891,2022,Emmanuel MACRON,François FILLON,False
30892,2022,Jean-Luc MÉLENCHON,François FILLON,False
30893,2022,Emmanuel MACRON,François FILLON,False
30894,2022,Emmanuel MACRON,François FILLON,False
30895,2022,Emmanuel MACRON,François FILLON,False
30896,2022,Emmanuel MACRON,François FILLON,False
30897,2022,Emmanuel MACRON,François FILLON,False
30898,2022,Jean-Luc MÉLENCHON,Jean-Luc MÉLENCHON,True
30899,2022,Emmanuel MACRON,François FILLON,False
30900,2022,Emmanuel MACRON,François FILLON,False
30901,2022,Emmanuel MACRON,François FILLON,False
30902,2022,Marine LE PEN,Marine LE PEN,True
30903,2022,Emmanuel MACRON,François FILLON,False
30904,2022,Emmanuel MACRON,François FILLON,False
30905,2022,Emmanuel MACRON,François FILLON,False
30906,2022,Emmanuel MACRON,François FILLON,False
30907,2022,Emmanuel MACRON,François FILLON,False
30908,2022,Emmanuel MACRON,François FILLON,False
30909,2022,Emmanuel MACRON,François FILLON,False
30910,2022,Jean-Luc MÉLENCHON,François FILLON,False
30911,2022,Emmanuel MACRON,François FILLON,False
30912,2022,Emmanuel MACRON,François FILLON,False
30913,2022,Emmanuel MACRON,François FILLON,False
30914,2022,Emmanuel MACRON,François FILLON,False
30915,2022,Emmanuel MACRON,François FILLON,False
30916,2022,Emmanuel MACRON,François FILLON,False
30917,2022,Marine LE PEN,Marine LE PEN,True
30918,2022,Emmanuel MACRON,François FILLON,False
30919,2022,Emmanuel MACRON,François FILLON,False
30920,2022,Emmanuel MACRON,François FILLON,False
30921,2022,Marine LE PEN,Marine LE PEN,True
30922,2022,Emmanuel MACRON,François FILLON,False
30923,2022,Emmanuel MACRON,François FILLON,False
30924,2022,Emmanuel MACRON,François FILLON,False
30925,2022,Emmanuel MACRON,François FILLON,False
30926,2022,Emmanuel MACRON,François FILLON,False
30927,2022,Emmanuel MACRON,François FILLON,False
30928,2022,Emmanuel MACRON,François FILLON,False
30929,2022,Emmanuel MACRON,François FILLON,False
30930,2022,Marine LE PEN,Marine LE PEN,True
30931,2022,Emmanuel MACRON,François FILLON,False
30932,2022,Marine LE PEN,Marine LE PEN,True
30933,2022,Emmanuel MACRON,François FILLON,False
30934,2022,Emmanuel MACRON,François FILLON,False
30935,2022,Marine LE PEN,Marine LE PEN,True
30936,2022,Marine LE PEN,Marine LE PEN,True
30937,2022,Emmanuel MACRON,François FILLON,False
30938,2022,Emmanuel MACRON,François FILLON,False
30939,2022,Emmanuel MACRON,François FILLON,False
30941,2022,Marine LE PEN,Marine LE PEN,True
30942,2022,Emmanuel MACRON,François FILLON,False
30943,2022,Emmanuel MACRON,François FILLON,False
30944,2022,Emmanuel MACRON,François FILLON,False
30945,2022,Emmanuel MACRON,François FILLON,False
30946,2022,Emmanuel MACRON,François FILLON,False
30947,2022,Marine LE PEN,Marine LE PEN,True
30948,2022,Emmanuel MACRON,François FILLON,False
30949,2022,Marine LE PEN,Marine LE PEN,True
30950,2022,Emmanuel MACRON,François FILLON,False
30951,2022,Emmanuel MACRON,François FILLON,False
30952,2022,Emmanuel MACRON,François FILLON,False
30953,2022,Emmanuel MACRON,François FILLON,False
30954,2022,Emmanuel MACRON,François FILLON,False
30955,2022,Marine LE PEN,Marine LE PEN,True
30956,2022,Emmanuel MACRON,François FILLON,False
30957,2022,Marine LE PEN,Marine LE PEN,True
30958,2022,Jean-Luc MÉLENCHON,Jean-Luc MÉLENCHON,True
30959,2022,Emmanuel MACRON,François FILLON,False
30960,2022,Emmanuel MACRON,François FILLON,False
30961,2022,Emmanuel MACRON,François FILLON,False
30962,2022,Emmanuel MACRON,François FILLON,False
30963,2022,Emmanuel MACRON,François FILLON,False
30964,2022,Emmanuel MACRON,François FILLON,False
30965,2022,Emmanuel MACRON,François FILLON,False
30966,2022,Marine LE PEN,Marine LE PEN,True
30967,2022,Emmanuel MACRON,François FILLON,False
30968,2022,Marine LE PEN,Marine LE PEN,True
30969,2022,Emmanuel MACRON,François FILLON,False
30970,2022,Emmanuel MACRON,François FILLON,False
30971,2022,Emmanuel MACRON,François FILLON,False
30972,2022,Emmanuel MACRON,François FILLON,False
30973,2022,Emmanuel MACRON,François FILLON,False
30974,2022,Emmanuel MACRON,François FILLON,False
30975,2022,Emmanuel MACRON,François FILLON,False
30976,2022,Jean-Luc MÉLENCHON,François FILLON,False
30977,2022,Marine LE PEN,Marine LE PEN,True
30978,2022,Emmanuel MACRON,François FILLON,False
30979,2022,Marine LE PEN,Marine LE PEN,True
30980,2022,Marine LE PEN,Marine LE PEN,True
30981,2022,Emmanuel MACRON,François FILLON,False
30982,2022,Emmanuel MACRON,François FILLON,False
30983,2022,Jean-Luc MÉLENCHON,François FILLON,False
30984,2022,Emmanuel MACRON,François FILLON,False
30985,2022,Emmanuel MACRON,François FILLON,False
30986,2022,Jean-Luc MÉLENCHON,Jean-Luc MÉLENCHON,True
30987,2022,Jean-Luc MÉLENCHON,Jean-Luc MÉLENCHON,True
30988,2022,Emmanuel MACRON,François FILLON,False
30989,2022,Emmanuel MACRON,François FILLON,False
30990,2022,Emmanuel MACRON,François FILLON,False
30991,2022,Emmanuel MACRON,François FILLON,False
30992,2022,Emmanuel MACRON,François FILLON,False
30993,2022,Emmanuel MACRON,François FILLON,False
30994,2022,Emmanuel MACRON,François FILLON,False
30995,2022,Emmanuel MACRON,François FILLON,False
30996,2022,Emmanuel MACRON,François FILLON,False
30997,2022,Emmanuel MACRON,François FILLON,False
30998,2022,Marine LE PEN,Marine LE PEN,True
30999,2022,Emmanuel MACRON,François FILLON,False
31000,2022,Marine LE PEN,Marine LE PEN,True
31001,2022,Emmanuel MACRON,François FILLON,False
31002,2022,Emmanuel MACRON,François FILLON,False
31003,2022,Emmanuel MACRON,François FILLON,False
31004,2022,Jean-Luc MÉLENCHON,François FILLON,False
31005,2022,Emmanuel MACRON,François FILLON,False
31006,2022,Emmanuel MACRON,François FILLON,False
31007,2022,Emmanuel MACRON,François FILLON,False
31008,2022,Emmanuel MACRON,François FILLON,False
31009,2022,Emmanuel MACRON,François FILLON,False
31010,2022,Emmanuel MACRON,François FILLON,False
31011,2022,Marine LE PEN,Marine LE PEN,True
31012,2022,Emmanuel MACRON,François FILLON,False
31013,2022,Marine LE PEN,Marine LE PEN,True
31014,2022,Emmanuel MACRON,François FILLON,False
31015,2022,Emmanuel MACRON,François FILLON,False
31016,2022,Emmanuel MACRON,François FILLON,False
31017,2022,Emmanuel MACRON,François FILLON,False
31018,2022,Emmanuel MACRON,François FILLON,False
31019,2022,Marine LE PEN,Marine LE PEN,True
31020,2022,Emmanuel MACRON,François FILLON,False
31021,2022,Jean-Luc MÉLENCHON,Jean-Luc MÉLENCHON,True
31022,2022,Emmanuel MACRON,François FILLON,False
31023,2022,Emmanuel MACRON,François FILLON,False
31024,2022,Marine LE PEN,Marine LE PEN,True
31025,2022,Marine LE PEN,Marine LE PEN,True
31026,2022,Emmanuel MACRON,François FILLON,False
31027,2022,Emmanuel MACRON,François FILLON,False
31028,2022,Emmanuel MACRON,François FILLON,False
31029,2022,Emmanuel MACRON,François FILLON,False
31030,2022,Emmanuel MACRON,François FILLON,False
31031,2022,Emmanuel MACRON,François FILLON,False
31032,2022,Marine LE PEN,Marine LE PEN,True
31033,2022,Emmanuel MACRON,François FILLON,False
31034,2022,Emmanuel MACRON,François FILLON,False
31035,2022,Marine LE PEN,Marine LE PEN,True
31036,2022,Emmanuel MACRON,François FILLON,False
31037,2022,Marine LE PEN,Marine LE PEN,True
31038,2022,Emmanuel MACRON,François FILLON,False
31039,2022,Emmanuel MACRON,François FILLON,False
31040,2022,Emmanuel MACRON,François FILLON,False
31041,2022,Emmanuel MACRON,François FILLON,False
31042,2022,Emmanuel MACRON,François FILLON,False
31043,2022,Marine LE PEN,Marine LE PEN,True
31044,2022,Emmanuel MACRON,François FILLON,False
31046,2022,Emmanuel MACRON,François FILLON,False
31047,2022,Emmanuel MACRON,François FILLON,False
31048,2022,Emmanuel MACRON,François FILLON,False
31049,2022,Emmanuel MACRON,François FILLON,False
31050,2022,Emmanuel MACRON,François FILLON,False
31051,2022,Emmanuel MACRON,François FILLON,False
31052,2022,Emmanuel MACRON,François FILLON,False
31053,2022,Emmanuel MACRON,François FILLON,False
31055,2022,Emmanuel MACRON,François FILLON,False
31056,2022,Emmanuel MACRON,François FILLON,False
31057,2022,Jean-Luc MÉLENCHON,François FILLON,False
31058,2022,Marine LE PEN,Marine LE PEN,True
31059,2022,Emmanuel MACRON,François FILLON,False
31060,2022,Emmanuel MACRON,François FILLON,False
31061,2022,Emmanuel MACRON,François FILLON,False
31062,2022,Emmanuel MACRON,François FILLON,False
31063,2022,Emmanuel MACRON,François FILLON,False
31064,2022,Emmanuel MACRON,François FILLON,False
31065,2022,Marine LE PEN,Marine LE PEN,True
31066,2022,Emmanuel MACRON,François FILLON,False
31067,2022,Emmanuel MACRON,François FILLON,False
31068,2022,Emmanuel MACRON,François FILLON,False
31069,2022,Emmanuel MACRON,François FILLON,False
31070,2022,Emmanuel MACRON,François FILLON,False
31071,2022,Marine LE PEN,Marine LE PEN,True
31072,2022,Emmanuel MACRON,François FILLON,False
31073,2022,Emmanuel MACRON,François FILLON,False
31074,2022,Emmanuel MACRON,François FILLON,False
31075,2022,Emmanuel MACRON,François FILLON,False
31076,2022,Jean-Luc MÉLENCHON,François FILLON,False
31077,2022,Emmanuel MACRON,François FILLON,False
31078,2022,Emmanuel MACRON,François FILLON,False
31079,2022,Emmanuel MACRON,François FILLON,False
31080,2022,Emmanuel MACRON,François FILLON,False
31081,2022,Emmanuel MACRON,François FILLON,False
31082,2022,Emmanuel MACRON,François FILLON,False
31083,2022,Emmanuel MACRON,François FILLON,False
31084,2022,Marine LE PEN,Marine LE PEN,True
31085,2022,Emmanuel MACRON,François FILLON,False
31086,2022,Emmanuel MACRON,François FILLON,False
31087,2022,Emmanuel MACRON,François FILLON,False
31088,2022,Emmanuel MACRON,François FILLON,False
31089,2022,Emmanuel MACRON,François FILLON,False
31090,2022,Jean-Luc MÉLENCHON,Jean-Luc MÉLENCHON,True
31091,2022,Emmanuel MACRON,François FILLON,False
31092,2022,Emmanuel MACRON,François FILLON,False
31093,2022,Emmanuel MACRON,François FILLON,False
31094,2022,Emmanuel MACRON,François FILLON,False
31095,2022,Emmanuel MACRON,François FILLON,False
31096,2022,Emmanuel MACRON,François FILLON,False
31097,2022,Jean-Luc MÉLENCHON,François FILLON,False
31098,2022,Emmanuel MACRON,François FILLON,False
31099,2022,Emmanuel MACRON,François FILLON,False
31100,2022,Emmanuel MACRON,François FILLON,False
31101,2022,Emmanuel MACRON,François FILLON,False
31102,2022,Emmanuel MACRON,François FILLON,False
31103,2022,Marine LE PEN,Marine LE PEN,True
31104,2022,Emmanuel MACRON,François FILLON,False
31105,2022,Emmanuel MACRON,François FILLON,False
31106,2022,Emmanuel MACRON,François FILLON,False
31107,2022,Emmanuel MACRON,François FILLON,False
31108,2022,Emmanuel MACRON,François FILLON,False
31109,2022,Emmanuel MACRON,François FILLON,False
31110,2022,Emmanuel MACRON,François FILLON,False
31111,2022,Emmanuel MACRON,François FILLON,False
31112,2022,Emmanuel MACRON,François FILLON,False
31113,2022,Emmanuel MACRON,François FILLON,False
31115,2022,Emmanuel MACRON,Emmanuel MACRON,True
31116,2022,Emmanuel MACRON,François FILLON,False
31117,2022,Marine LE PEN,Marine LE PEN,True
31118,2022,Emmanuel MACRON,François FILLON,False
31119,2022,Marine LE PEN,Marine LE PEN,True
31121,2022,Emmanuel MACRON,François FILLON,False
31122,2022,Emmanuel MACRON,François FILLON,False
31123,2022,Marine LE PEN,Marine LE PEN,True
31124,2022,Emmanuel MACRON,Emmanuel MACRON,True
31125,2022,Marine LE PEN,Marine LE PEN,True
31126,2022,Marine LE PEN,Marine LE PEN,True
31127,2022,Marine LE PEN,Marine LE PEN,True
31128,2022,Marine LE PEN,Marine LE PEN,True
31129,2022,Emmanuel MACRON,François FILLON,False
31130,2022,Emmanuel MACRON,François FILLON,False
31131,2022,Emmanuel MACRON,Emmanuel MACRON,True
31132,2022,Emmanuel MACRON,Emmanuel MACRON,True
31134,2022,Emmanuel MACRON,François FILLON,False
31135,2022,Jean-Luc MÉLENCHON,François FILLON,False
31136,2022,Emmanuel MACRON,François FILLON,False
31137,2022,Emmanuel MACRON,Emmanuel MACRON,True
31139,2022,Emmanuel MACRON,François FILLON,False
31141,2022,Emmanuel MACRON,Jean-Luc MÉLENCHON,False
31143,2022,Emmanuel MACRON,Emmanuel MACRON,True
31144,2022,Marine LE PEN,Marine LE PEN,True
31147,2022,Marine LE PEN,Marine LE PEN,True
31148,2022,Marine LE PEN,Marine LE PEN,True
31149,2022,Emmanuel MACRON,Emmanuel MACRON,True
31150,2022,Emmanuel MACRON,Jean-Luc MÉLENCHON,False
31151,2022,Emmanuel MACRON,Emmanuel MACRON,True
31154,2022,Emmanuel MACRON,Emmanuel MACRON,True
31155,2022,Marine LE PEN,Marine LE PEN,True
31156,2022,Emmanuel MACRON,François FILLON,False
31157,2022,Marine LE PEN,Marine LE PEN,True
31158,2022,Marine LE PEN,Marine LE PEN,True
31159,2022,Emmanuel MACRON,Jean-Luc MÉLENCHON,False
31160,2022,Emmanuel MACRON,François FILLON,False
31161,2022,Emmanuel MACRON,Jean-Luc MÉLENCHON,False
31162,2022,Marine LE PEN,Marine LE PEN,True
31163,2022,Emmanuel MACRON,François FILLON,False
31164,2022,Emmanuel MACRON,Emmanuel MACRON,True
31166,2022,Emmanuel MACRON,François FILLON,False
31167,2022,Jean-Luc MÉLENCHON,Emmanuel MACRON,False
31168,2022,Emmanuel MACRON,Emmanuel MACRON,True
31169,2022,Emmanuel MACRON,Emmanuel MACRON,True
31171,2022,Emmanuel MACRON,François FILLON,False
31172,2022,Emmanuel MACRON,François FILLON,False
31173,2022,Emmanuel MACRON,Jean-Luc MÉLENCHON,False
31174,2022,Emmanuel MACRON,Emmanuel MACRON,True
31175,2022,Emmanuel MACRON,François FILLON,False
31176,2022,Emmanuel MACRON,Emmanuel MACRON,True
31177,2022,Emmanuel MACRON,Jean-Luc MÉLENCHON,False
31178,2022,Marine LE PEN,Marine LE PEN,True
31179,2022,Emmanuel MACRON,François FILLON,False
31180,2022,Emmanuel MACRON,Emmanuel MACRON,True
31181,2022,Marine LE PEN,Marine LE PEN,True
31182,2022,Emmanuel MACRON,François FILLON,False
31183,2022,Marine LE PEN,Marine LE PEN,True
31184,2022,Emmanuel MACRON,Jean-Luc MÉLENCHON,False
31185,2022,Emmanuel MACRON,Emmanuel MACRON,True
31186,2022,Marine LE PEN,Marine LE PEN,True
31187,2022,Emmanuel MACRON,François FILLON,False
31188,2022,Marine LE PEN,Marine LE PEN,True
31189,2022,Emmanuel MACRON,François FILLON,False
31191,2022,Emmanuel MACRON,François FILLON,False
31192,2022,Emmanuel MACRON,François FILLON,False
31193,2022,Marine LE PEN,Marine LE PEN,True
31194,2022,Emmanuel MACRON,Jean-Luc MÉLENCHON,False
31195,2022,Emmanuel MACRON,François FILLON,False
31196,2022,Marine LE PEN,Marine LE PEN,True
31197,2022,Marine LE PEN,Marine LE PEN,True
31199,2022,Marine LE PEN,Marine LE PEN,True
31200,2022,Emmanuel MACRON,François FILLON,False
31201,2022,Marine LE PEN,Marine LE PEN,True
31202,2022,Emmanuel MACRON,Emmanuel MACRON,True
31203,2022,Marine LE PEN,Marine LE PEN,True
31204,2022,Marine LE PEN,Marine LE PEN,True
31205,2022,Emmanuel MACRON,Jean-Luc MÉLENCHON,False
31206,2022,Emmanuel MACRON,François FILLON,False
31207,2022,Emmanuel MACRON,François FILLON,False
31208,2022,Marine LE PEN,Marine LE PEN,True
31209,2022,Emmanuel MACRON,Jean-Luc MÉLENCHON,False
31210,2022,Marine LE PEN,Marine LE PEN,True
31211,2022,Marine LE PEN,Marine LE PEN,True
31212,2022,Emmanuel MACRON,François FILLON,False
31213,2022,Marine LE PEN,Marine LE PEN,True
31214,2022,Emmanuel MACRON,Emmanuel MACRON,True
31215,2022,Emmanuel MACRON,François FILLON,False
31216,2022,Emmanuel MACRON,Emmanuel MACRON,True
31217,2022,Emmanuel MACRON,Emmanuel MACRON,True
31218,2022,Emmanuel MACRON,Emmanuel MACRON,True
31219,2022,Emmanuel MACRON,François FILLON,False
31220,2022,Marine LE PEN,Marine LE PEN,True
31221,2022,Emmanuel MACRON,François FILLON,False
31222,2022,Emmanuel MACRON,François FILLON,False
31223,2022,Emmanuel MACRON,François FILLON,False
31224,2022,Emmanuel MACRON,François FILLON,False
31225,2022,Emmanuel MACRON,François FILLON,False
31226,2022,Emmanuel MACRON,Emmanuel MACRON,True
31227,2022,Emmanuel MACRON,François FILLON,False
31228,2022,Marine LE PEN,Marine LE PEN,True
31229,2022,Emmanuel MACRON,Jean-Luc MÉLENCHON,False
31230,2022,Marine LE PEN,Marine LE PEN,True
31231,2022,Emmanuel MACRON,Emmanuel MACRON,True
31232,2022,Marine LE PEN,Marine LE PEN,True
31233,2022,Emmanuel MACRON,Jean-Luc MÉLENCHON,False
31234,2022,Emmanuel MACRON,Jean-Luc MÉLENCHON,False
31235,2022,Marine LE PEN,Marine LE PEN,True
31236,2022,Marine LE PEN,Marine LE PEN,True
31237,2022,Emmanuel MACRON,Jean-Luc MÉLENCHON,False
31238,2022,Marine LE PEN,Marine LE PEN,True
31239,2022,Marine LE PEN,Marine LE PEN,True
31240,2022,Marine LE PEN,Marine LE PEN,True
31241,2022,Marine LE PEN,Marine LE PEN,True
31242,2022,Emmanuel MACRON,Emmanuel MACRON,True
31243,2022,Marine LE PEN,Marine LE PEN,True
31244,2022,Emmanuel MACRON,Jean-Luc MÉLENCHON,False
31245,2022,Marine LE PEN,Marine LE PEN,True
31246,2022,Emmanuel MACRON,François FILLON,False
31247,2022,Marine LE PEN,Marine LE PEN,True
31248,2022,Marine LE PEN,Marine LE PEN,True
31249,2022,Emmanuel MACRON,Emmanuel MACRON,True
31250,2022,Emmanuel MACRON,François FILLON,False
31251,2022,Marine LE PEN,Marine LE PEN,True
31252,2022,Emmanuel MACRON,François FILLON,False
31254,2022,Emmanuel MACRON,Emmanuel MACRON,True
31256,2022,Jean-Luc MÉLENCHON,Jean-Luc MÉLENCHON,True
31257,2022,Marine LE PEN,Marine LE PEN,True
31258,2022,Emmanuel MACRON,François FILLON,False
31259,2022,Emmanuel MACRON,Emmanuel MACRON,True
31261,2022,Emmanuel MACRON,François FILLON,False
31262,2022,Marine LE PEN,Marine LE PEN,True
31263,2022,Emmanuel MACRON,François FILLON,False
31264,2022,Marine LE PEN,Marine LE PEN,True
31265,2022,Emmanuel MACRON,François FILLON,False
31267,2022,Marine LE PEN,Marine LE PEN,True
31268,2022,Emmanuel MACRON,François FILLON,False
31269,2022,Emmanuel MACRON,Emmanuel MACRON,True
31270,2022,Emmanuel MACRON,Jean-Luc MÉLENCHON,False
31271,2022,Marine LE PEN,Marine LE PEN,True
31272,2022,Marine LE PEN,Marine LE PEN,True
31273,2022,Marine LE PEN,Marine LE PEN,True
31275,2022,Emmanuel MACRON,Emmanuel MACRON,True
31276,2022,Marine LE PEN,Marine LE PEN,True
31277,2022,Emmanuel MACRON,Jean-Luc MÉLENCHON,False
31278,2022,Marine LE PEN,Marine LE PEN,True
31279,2022,Emmanuel MACRON,François FILLON,False
31280,2022,Emmanuel MACRON,Emmanuel MACRON,True
31281,2022,Emmanuel MACRON,François FILLON,False
31282,2022,Emmanuel MACRON,Emmanuel MACRON,True
31283,2022,Marine LE PEN,Marine LE PEN,True
31284,2022,Emmanuel MACRON,Emmanuel MACRON,True
31286,2022,Emmanuel MACRON,François FILLON,False
31287,2022,Emmanuel MACRON,Emmanuel MACRON,True
31289,2022,Marine LE PEN,Marine LE PEN,True
31290,2022,Emmanuel MACRON,François FILLON,False
31291,2022,Jean-Luc MÉLENCHON,François FILLON,False
31292,2022,Marine LE PEN,Marine LE PEN,True
31294,2022,Emmanuel MACRON,François FILLON,False
31296,2022,Jean-Luc MÉLENCHON,Jean-Luc MÉLENCHON,True
31297,2022,Marine LE PEN,Marine LE PEN,True
31298,2022,Emmanuel MACRON,François FILLON,False
31299,2022,Emmanuel MACRON,François FILLON,False
31300,2022,Marine LE PEN,Marine LE PEN,True
31301,2022,Emmanuel MACRON,Emmanuel MACRON,True
31302,2022,Emmanuel MACRON,François FILLON,False
31303,2022,Emmanuel MACRON,François FILLON,False
31304,2022,Emmanuel MACRON,Emmanuel MACRON,True
31305,2022,Emmanuel MACRON,François FILLON,False
31307,2022,Emmanuel MACRON,Emmanuel MACRON,True
31308,2022,Emmanuel MACRON,François FILLON,False
31309,2022,Emmanuel MACRON,François FILLON,False
31310,2022,Marine LE PEN,Marine LE PEN,True
31311,2022,Marine LE PEN,Marine LE PEN,True
31313,2022,Emmanuel MACRON,François FILLON,False
31314,2022,Marine LE PEN,Marine LE PEN,True
31315,2022,Emmanuel MACRON,Emmanuel MACRON,True
31316,2022,Emmanuel MACRON,François FILLON,False
31317,2022,Emmanuel MACRON,François FILLON,False
31318,2022,Emmanuel MACRON,François FILLON,False
31319,2022,Marine LE PEN,Marine LE PEN,True
31320,2022,Emmanuel MACRON,Emmanuel MACRON,True
31321,2022,Marine LE PEN,Marine LE PEN,True
31322,2022,Emmanuel MACRON,Jean-Luc MÉLENCHON,False
31323,2022,Emmanuel MACRON,Emmanuel MACRON,True
31326,2022,Marine LE PEN,Marine LE PEN,True
31328,2022,Marine LE PEN,Marine LE PEN,True
31329,2022,Emmanuel MACRON,François FILLON,False
31330,2022,Marine LE PEN,Marine LE PEN,True
31331,2022,Emmanuel MACRON,François FILLON,False
31332,2022,Emmanuel MACRON,François FILLON,False
31333,2022,Emmanuel MACRON,Emmanuel MACRON,True
31334,2022,Emmanuel MACRON,François FILLON,False
31335,2022,Marine LE PEN,Marine LE PEN,True
31336,2022,Marine LE PEN,Marine LE PEN,True
31337,2022,Marine LE PEN,Marine LE PEN,True
31338,2022,Emmanuel MACRON,Emmanuel MACRON,True
31340,2022,Emmanuel MACRON,Emmanuel MACRON,True
31341,2022,Emmanuel MACRON,Emmanuel MACRON,True
31343,2022,Emmanuel MACRON,François FILLON,False
31344,2022,Emmanuel MACRON,François FILLON,False
31345,2022,Emmanuel MACRON,François FILLON,False
31346,2022,Emmanuel MACRON,François FILLON,False
31347,2022,Emmanuel MACRON,François FILLON,False
31348,2022,Emmanuel MACRON,François FILLON,False
31350,2022,Emmanuel MACRON,Emmanuel MACRON,True
31351,2022,Emmanuel MACRON,Jean-Luc MÉLENCHON,False
31352,2022,Marine LE PEN,Marine LE PEN,True
31353,2022,Emmanuel MACRON,Jean-Luc MÉLENCHON,False
31354,2022,Emmanuel MACRON,Emmanuel MACRON,True
31355,2022,Marine LE PEN,Marine LE PEN,True
31356,2022,Marine LE PEN,Marine LE PEN,True
31357,2022,Emmanuel MACRON,François FILLON,False
31358,2022,Marine LE PEN,Marine LE PEN,True
31359,2022,Marine LE PEN,Marine LE PEN,True
31360,2022,Jean-Luc MÉLENCHON,Emmanuel MACRON,False
31361,2022,Emmanuel MACRON,Emmanuel MACRON,True
31362,2022,Marine LE PEN,Marine LE PEN,True
31363,2022,Emmanuel MACRON,Emmanuel MACRON,True
31364,2022,Marine LE PEN,Marine LE PEN,True
31366,2022,Emmanuel MACRON,François FILLON,False
31367,2022,Emmanuel MACRON,François FILLON,False
31368,2022,Marine LE PEN,Marine LE PEN,True
31370,2022,Marine LE PEN,Marine LE PEN,True
31372,2022,Marine LE PEN,Marine LE PEN,True
31373,2022,Emmanuel MACRON,Emmanuel MACRON,True
31375,2022,Emmanuel MACRON,François FILLON,False
31377,2022,Emmanuel MACRON,François FILLON,False
31379,2022,Emmanuel MACRON,Jean-Luc MÉLENCHON,False
31381,2022,Marine LE PEN,Marine LE PEN,True
31382,2022,Marine LE PEN,Marine LE PEN,True
31383,2022,Marine LE PEN,Marine LE PEN,True
31384,2022,Emmanuel MACRON,Emmanuel MACRON,True
31385,2022,Marine LE PEN,Marine LE PEN,True
31386,2022,Emmanuel MACRON,François FILLON,False
31387,2022,Emmanuel MACRON,Jean-Luc MÉLENCHON,False
31388,2022,Emmanuel MACRON,François FILLON,False
31389,2022,Marine LE PEN,Marine LE PEN,True
31390,2022,Emmanuel MACRON,François FILLON,False
31391,2022,Emmanuel MACRON,Jean-Luc MÉLENCHON,False
31392,2022,Emmanuel MACRON,Emmanuel MACRON,True
31393,2022,Emmanuel MACRON,François FILLON,False
31394,2022,Emmanuel MACRON,François FILLON,False
31395,2022,Emmanuel MACRON,Emmanuel MACRON,True
31396,2022,Emmanuel MACRON,Emmanuel MACRON,True
31397,2022,Marine LE PEN,Marine LE PEN,True
31398,2022,Marine LE PEN,Marine LE PEN,True
31399,2022,Emmanuel MACRON,François FILLON,False
31400,2022,Jean-Luc MÉLENCHON,Emmanuel MACRON,False
31401,2022,Jean-Luc MÉLENCHON,Emmanuel MACRON,False
31402,2022,Emmanuel MACRON,Emmanuel MACRON,True
31403,2022,Emmanuel MACRON,Emmanuel MACRON,True
31404,2022,Marine LE PEN,Marine LE PEN,True
31405,2022,Marine LE PEN,Marine LE PEN,True
31406,2022,Marine LE PEN,Marine LE PEN,True
31407,2022,Marine LE PEN,Marine LE PEN,True
31408,2022,Marine LE PEN,Marine LE PEN,True
31409,2022,Emmanuel MACRON,François FILLON,False
31410,2022,Marine LE PEN,Marine LE PEN,True
31411,2022,Marine LE PEN,Marine LE PEN,True
31412,2022,Marine LE PEN,Marine LE PEN,True
31413,2022,Marine LE PEN,Marine LE PEN,True
31414,2022,Marine LE PEN,Marine LE PEN,True
31415,2022,Marine LE PEN,Marine LE PEN,True
31416,2022,Marine LE PEN,Marine LE PEN,True
31417,2022,Marine LE PEN,Marine LE PEN,True
31418,2022,Marine LE PEN,Marine LE PEN,True
31419,2022,Emmanuel MACRON,François FILLON,False
31420,2022,Marine LE PEN,Marine LE PEN,True
31421,2022,Emmanuel MACRON,François FILLON,False
31422,2022,Jean-Luc MÉLENCHON,Emmanuel MACRON,False
31423,2022,Marine LE PEN,Marine LE PEN,True
31424,2022,Marine LE PEN,Marine LE PEN,True
31425,2022,Emmanuel MACRON,François FILLON,False
31426,2022,Emmanuel MACRON,François FILLON,False
31427,2022,Emmanuel MACRON,François FILLON,False
31428,2022,Emmanuel MACRON,François FILLON,False
31429,2022,Marine LE PEN,Marine LE PEN,True
31430,2022,Marine LE PEN,Marine LE PEN,True
31431,2022,Marine LE PEN,Marine LE PEN,True
31432,2022,Marine LE PEN,Marine LE PEN,True
31433,2022,Marine LE PEN,Marine LE PEN,True
31434,2022,Marine LE PEN,Marine LE PEN,True
31435,2022,Marine LE PEN,Marine LE PEN,True
31436,2022,Emmanuel MACRON,François FILLON,False
31437,2022,Marine LE PEN,Marine LE PEN,True
31438,2022,Marine LE PEN,Marine LE PEN,True
31439,2022,Emmanuel MACRON,François FILLON,False
31440,2022,Marine LE PEN,Marine LE PEN,True
31441,2022,Marine LE PEN,Marine LE PEN,True
31442,2022,Marine LE PEN,Marine LE PEN,True
31443,2022,Marine LE PEN,Marine LE PEN,True
31444,2022,Emmanuel MACRON,François FILLON,False
31445,2022,Marine LE PEN,Marine LE PEN,True
31446,2022,Emmanuel MACRON,François FILLON,False
31447,2022,Marine LE PEN,Marine LE PEN,True
31448,2022,Marine LE PEN,Marine LE PEN,True
31449,2022,Emmanuel MACRON,François FILLON,False
31450,2022,Marine LE PEN,Marine LE PEN,True
31451,2022,Emmanuel MACRON,François FILLON,False
31452,2022,Emmanuel MACRON,François FILLON,False
31453,2022,Marine LE PEN,Marine LE PEN,True
31454,2022,Marine LE PEN,Marine LE PEN,True
31455,2022,Marine LE PEN,Marine LE PEN,True
31456,2022,Marine LE PEN,Marine LE PEN,True
31457,2022,Marine LE PEN,Marine LE PEN,True
31458,2022,Marine LE PEN,Marine LE PEN,True
31459,2022,Marine LE PEN,Marine LE PEN,True
31460,2022,Marine LE PEN,Marine LE PEN,True
31461,2022,Emmanuel MACRON,François FILLON,False
31462,2022,Marine LE PEN,Marine LE PEN,True
31463,2022,Marine LE PEN,Marine LE PEN,True
31464,2022,Marine LE PEN,Marine LE PEN,True
31465,2022,Marine LE PEN,Marine LE PEN,True
31466,2022,Marine LE PEN,Marine LE PEN,True
31467,2022,Marine LE PEN,Marine LE PEN,True
31468,2022,Marine LE PEN,Marine LE PEN,True
31469,2022,Marine LE PEN,Marine LE PEN,True
31470,2022,Marine LE PEN,Marine LE PEN,True
31471,2022,Marine LE PEN,Marine LE PEN,True
31472,2022,Marine LE PEN,Marine LE PEN,True
31473,2022,Marine LE PEN,Marine LE PEN,True
31474,2022,Marine LE PEN,Marine LE PEN,True
31475,2022,Marine LE PEN,Marine LE PEN,True
31476,2022,Marine LE PEN,Marine LE PEN,True
31477,2022,Emmanuel MACRON,François FILLON,False
31478,2022,Marine LE PEN,Marine LE PEN,True
31479,2022,Marine LE PEN,Marine LE PEN,True
31480,2022,Emmanuel MACRON,François FILLON,False
31481,2022,Emmanuel MACRON,Emmanuel MACRON,True
31482,2022,Emmanuel MACRON,François FILLON,False
31483,2022,Marine LE PEN,Marine LE PEN,True
31484,2022,Marine LE PEN,Marine LE PEN,True
31485,2022,Marine LE PEN,Marine LE PEN,True
31486,2022,Marine LE PEN,Marine LE PEN,True
31487,2022,Marine LE PEN,Marine LE PEN,True
31488,2022,Marine LE PEN,Marine LE PEN,True
31489,2022,Marine LE PEN,Marine LE PEN,True
31490,2022,Emmanuel MACRON,Emmanuel MACRON,True
31491,2022,Marine LE PEN,Marine LE PEN,True
31492,2022,Marine LE PEN,Marine LE PEN,True
31493,2022,Marine LE PEN,Marine LE PEN,True
31494,2022,Marine LE PEN,Marine LE PEN,True
31495,2022,Marine LE PEN,Marine LE PEN,True
31496,2022,Marine LE PEN,Marine LE PEN,True
31497,2022,Marine LE PEN,Marine LE PEN,True
31498,2022,Marine LE PEN,Marine LE PEN,True
31499,2022,Marine LE PEN,Marine LE PEN,True
31500,2022,Marine LE PEN,Marine LE PEN,True
31501,2022,Jean-Luc MÉLENCHON,François FILLON,False
31502,2022,Emmanuel MACRON,François FILLON,False
31503,2022,Marine LE PEN,Marine LE PEN,True
31504,2022,Marine LE PEN,Marine LE PEN,True
31505,2022,Emmanuel MACRON,François FILLON,False
31506,2022,Marine LE PEN,Marine LE PEN,True
31507,2022,Marine LE PEN,Marine LE PEN,True
31508,2022,Marine LE PEN,Marine LE PEN,True
31509,2022,Marine LE PEN,Marine LE PEN,True
31510,2022,Marine LE PEN,Marine LE PEN,True
31511,2022,Marine LE PEN,Marine LE PEN,True
31512,2022,Marine LE PEN,Marine LE PEN,True
31513,2022,Marine LE PEN,Marine LE PEN,True
31514,2022,Emmanuel MACRON,François FILLON,False
31515,2022,Emmanuel MACRON,François FILLON,False
31516,2022,Emmanuel MACRON,François FILLON,False
31517,2022,Marine LE PEN,Marine LE PEN,True
31518,2022,Marine LE PEN,Marine LE PEN,True
31519,2022,Marine LE PEN,Marine LE PEN,True
31520,2022,Emmanuel MACRON,François FILLON,False
31521,2022,Marine LE PEN,Marine LE PEN,True
31522,2022,Marine LE PEN,Marine LE PEN,True
31523,2022,Marine LE PEN,Marine LE PEN,True
31524,2022,Marine LE PEN,Marine LE PEN,True
31525,2022,Marine LE PEN,Marine LE PEN,True
31526,2022,Marine LE PEN,Marine LE PEN,True
31527,2022,Emmanuel MACRON,François FILLON,False
31528,2022,Emmanuel MACRON,Emmanuel MACRON,True
31529,2022,Marine LE PEN,Marine LE PEN,True
31530,2022,Marine LE PEN,Marine LE PEN,True
31531,2022,Marine LE PEN,Marine LE PEN,True
31532,2022,Marine LE PEN,Marine LE PEN,True
31533,2022,Marine LE PEN,Marine LE PEN,True
31534,2022,Marine LE PEN,Marine LE PEN,True
31535,2022,Marine LE PEN,Marine LE PEN,True
31537,2022,Marine LE PEN,Marine LE PEN,True
31538,2022,Marine LE PEN,Marine LE PEN,True
31539,2022,Emmanuel MACRON,François FILLON,False
31540,2022,Marine LE PEN,Marine LE PEN,True
31541,2022,Marine LE PEN,Marine LE PEN,True
31542,2022,Marine LE PEN,Marine LE PEN,True
31543,2022,Marine LE PEN,Marine LE PEN,True
31544,2022,Emmanuel MACRON,François FILLON,False
31545,2022,Marine LE PEN,Marine LE PEN,True
31546,2022,Marine LE PEN,Marine LE PEN,True
31547,2022,Marine LE PEN,Marine LE PEN,True
31548,2022,Marine LE PEN,Marine LE PEN,True
31549,2022,Marine LE PEN,Marine LE PEN,True
31550,2022,Marine LE PEN,Marine LE PEN,True
31551,2022,Marine LE PEN,Marine LE PEN,True
31552,2022,Marine LE PEN,Marine LE PEN,True
31553,2022,Emmanuel MACRON,François FILLON,False
31554,2022,Emmanuel MACRON,François FILLON,False
31555,2022,Marine LE PEN,Marine LE PEN,True
31556,2022,Emmanuel MACRON,François FILLON,False
31557,2022,Emmanuel MACRON,François FILLON,False
31558,2022,Marine LE PEN,Marine LE PEN,True
31559,2022,Marine LE PEN,Marine LE PEN,True
31560,2022,Marine LE PEN,Marine LE PEN,True
31561,2022,Emmanuel MACRON,Emmanuel MACRON,True
31562,2022,Marine LE PEN,Marine LE PEN,True
31563,2022,Marine LE PEN,Marine LE PEN,True
31564,2022,Marine LE PEN,Marine LE PEN,True
31565,2022,Marine LE PEN,Marine LE PEN,True
31566,2022,Marine LE PEN,Marine LE PEN,True
31567,2022,Marine LE PEN,Marine LE PEN,True
31568,2022,Emmanuel MACRON,Emmanuel MACRON,True
31569,2022,Marine LE PEN,Marine LE PEN,True
31570,2022,Emmanuel MACRON,François FILLON,False
31571,2022,Emmanuel MACRON,François FILLON,False
31573,2022,Marine LE PEN,Marine LE PEN,True
31574,2022,Marine LE PEN,Marine LE PEN,True
31575,2022,Emmanuel MACRON,François FILLON,False
31576,2022,Emmanuel MACRON,François FILLON,False
31577,2022,Marine LE PEN,Marine LE PEN,True
31578,2022,Marine LE PEN,Marine LE PEN,True
31579,2022,Marine LE PEN,Marine LE PEN,True
31580,2022,Marine LE PEN,Marine LE PEN,True
31581,2022,Marine LE PEN,Marine LE PEN,True
31582,2022,Marine LE PEN,Marine LE PEN,True
31583,2022,Marine LE PEN,Marine LE PEN,True
31584,2022,Emmanuel MACRON,François FILLON,False
31585,2022,Marine LE PEN,Marine LE PEN,True
31586,2022,Marine LE PEN,Marine LE PEN,True
31587,2022,Marine LE PEN,Marine LE PEN,True
31588,2022,Marine LE PEN,Marine LE PEN,True
31589,2022,Emmanuel MACRON,François FILLON,False
31590,2022,Marine LE PEN,Marine LE PEN,True
31591,2022,Marine LE PEN,Marine LE PEN,True
31592,2022,Marine LE PEN,Marine LE PEN,True
31593,2022,Emmanuel MACRON,François FILLON,False
31594,2022,Emmanuel MACRON,François FILLON,False
31595,2022,Marine LE PEN,Marine LE PEN,True
31596,2022,Marine LE PEN,Marine LE PEN,True
31597,2022,Marine LE PEN,Marine LE PEN,True
31598,2022,Emmanuel MACRON,François FILLON,False
31599,2022,Emmanuel MACRON,François FILLON,False
31600,2022,Marine LE PEN,Marine LE PEN,True
31601,2022,Marine LE PEN,Marine LE PEN,True
31602,2022,Marine LE PEN,Marine LE PEN,True
31603,2022,Marine LE PEN,Marine LE PEN,True
31604,2022,Marine LE PEN,Marine LE PEN,True
31606,2022,Marine LE PEN,Marine LE PEN,True
31607,2022,Marine LE PEN,Marine LE PEN,True
31608,2022,Marine LE PEN,Marine LE PEN,True
31609,2022,Emmanuel MACRON,François FILLON,False
31610,2022,Marine LE PEN,Marine LE PEN,True
31611,2022,Marine LE PEN,Marine LE PEN,True
31612,2022,Marine LE PEN,Marine LE PEN,True
31613,2022,Marine LE PEN,Marine LE PEN,True
31614,2022,Emmanuel MACRON,François FILLON,False
31615,2022,Emmanuel MACRON,François FILLON,False
31616,2022,Emmanuel MACRON,François FILLON,False
31617,2022,Marine LE PEN,Marine LE PEN,True
31618,2022,Marine LE PEN,Marine LE PEN,True
31619,2022,Emmanuel MACRON,François FILLON,False
31620,2022,Marine LE PEN,Marine LE PEN,True
31621,2022,Emmanuel MACRON,François FILLON,False
31622,2022,Marine LE PEN,Marine LE PEN,True
31623,2022,Marine LE PEN,Marine LE PEN,True
31624,2022,Marine LE PEN,Marine LE PEN,True
31625,2022,Marine LE PEN,Marine LE PEN,True
31626,2022,Marine LE PEN,Marine LE PEN,True
31627,2022,Emmanuel MACRON,François FILLON,False
31628,2022,Marine LE PEN,Marine LE PEN,True
31629,2022,Marine LE PEN,Marine LE PEN,True
31630,2022,Marine LE PEN,Marine LE PEN,True
31631,2022,Marine LE PEN,Marine LE PEN,True
31632,2022,Marine LE PEN,Marine LE PEN,True
31633,2022,Marine LE PEN,Marine LE PEN,True
31634,2022,Marine LE PEN,Marine LE PEN,True
31635,2022,Marine LE PEN,Marine LE PEN,True
31636,2022,Marine LE PEN,Marine LE PEN,True
31637,2022,Marine LE PEN,Marine LE PEN,True
31638,2022,Marine LE PEN,Marine LE PEN,True
31639,2022,Emmanuel MACRON,François FILLON,False
31640,2022,Marine LE PEN,Marine LE PEN,True
31641,2022,Marine LE PEN,Marine LE PEN,True
31642,2022,Marine LE PEN,Marine LE PEN,True
31643,2022,Marine LE PEN,Marine LE PEN,True
31644,2022,Marine LE PEN,Marine LE PEN,True
31645,2022,Marine LE PEN,Marine LE PEN,True
31646,2022,Marine LE PEN,Marine LE PEN,True
31647,2022,Marine LE PEN,Marine LE PEN,True
31648,2022,Marine LE PEN,Marine LE PEN,True
31649,2022,Marine LE PEN,Marine LE PEN,True
31650,2022,Emmanuel MACRON,François FILLON,False
31651,2022,Marine LE PEN,Marine LE PEN,True
31652,2022,Marine LE PEN,Marine LE PEN,True
31653,2022,Emmanuel MACRON,François FILLON,False
31654,2022,Emmanuel MACRON,François FILLON,False
31655,2022,Marine LE PEN,Marine LE PEN,True
31656,2022,Marine LE PEN,Marine LE PEN,True
31657,2022,Marine LE PEN,Marine LE PEN,True
31658,2022,Marine LE PEN,Marine LE PEN,True
31659,2022,Marine LE PEN,Marine LE PEN,True
31660,2022,Marine LE PEN,Marine LE PEN,True
31661,2022,Emmanuel MACRON,Emmanuel MACRON,True
31662,2022,Marine LE PEN,Marine LE PEN,True
31663,2022,Marine LE PEN,Marine LE PEN,True
31664,2022,Marine LE PEN,Marine LE PEN,True
31665,2022,Marine LE PEN,Marine LE PEN,True
31666,2022,Emmanuel MACRON,François FILLON,False
31667,2022,Marine LE PEN,Marine LE PEN,True
31668,2022,Marine LE PEN,Marine LE PEN,True
31669,2022,Marine LE PEN,Marine LE PEN,True
31670,2022,Marine LE PEN,Marine LE PEN,True
31671,2022,Marine LE PEN,Marine LE PEN,True
31672,2022,Marine LE PEN,Marine LE PEN,True
31673,2022,Marine LE PEN,Marine LE PEN,True
31674,2022,Marine LE PEN,Marine LE PEN,True
31675,2022,Marine LE PEN,Marine LE PEN,True
31676,2022,Marine LE PEN,Marine LE PEN,True
31677,2022,Marine LE PEN,Marine LE PEN,True
31678,2022,Emmanuel MACRON,François FILLON,False
31679,2022,Marine LE PEN,Marine LE PEN,True
31680,2022,Marine LE PEN,Marine LE PEN,True
31681,2022,Emmanuel MACRON,François FILLON,False
31682,2022,Marine LE PEN,Marine LE PEN,True
31683,2022,Marine LE PEN,Marine LE PEN,True
31684,2022,Marine LE PEN,Marine LE PEN,True
31685,2022,Marine LE PEN,Marine LE PEN,True
31686,2022,Marine LE PEN,Marine LE PEN,True
31687,2022,Emmanuel MACRON,François FILLON,False
31688,2022,Marine LE PEN,Marine LE PEN,True
31689,2022,Marine LE PEN,Marine LE PEN,True
31690,2022,Marine LE PEN,Marine LE PEN,True
31691,2022,Marine LE PEN,Marine LE PEN,True
31692,2022,Marine LE PEN,Marine LE PEN,True
31693,2022,Marine LE PEN,Marine LE PEN,True
31694,2022,Marine LE PEN,Marine LE PEN,True
31695,2022,Emmanuel MACRON,François FILLON,False
31696,2022,Marine LE PEN,Marine LE PEN,True
31697,2022,Marine LE PEN,Marine LE PEN,True
31698,2022,Marine LE PEN,Marine LE PEN,True
31699,2022,Marine LE PEN,Marine LE PEN,True
31700,2022,Marine LE PEN,Marine LE PEN,True
31701,2022,Marine LE PEN,Marine LE PEN,True
31702,2022,Marine LE PEN,Marine LE PEN,True
31703,2022,Marine LE PEN,Marine LE PEN,True
31704,2022,Emmanuel MACRON,François FILLON,False
31705,2022,Emmanuel MACRON,Emmanuel MACRON,True
31706,2022,Marine LE PEN,Marine LE PEN,True
31707,2022,Marine LE PEN,Marine LE PEN,True
31708,2022,Emmanuel MACRON,François FILLON,False
31709,2022,Marine LE PEN,Marine LE PEN,True
31710,2022,Marine LE PEN,Marine LE PEN,True
31711,2022,Marine LE PEN,Marine LE PEN,True
31712,2022,Emmanuel MACRON,François FILLON,False
31713,2022,Emmanuel MACRON,François FILLON,False
31714,2022,Marine LE PEN,Marine LE PEN,True
31715,2022,Marine LE PEN,Marine LE PEN,True
31716,2022,Marine LE PEN,Marine LE PEN,True
31717,2022,Marine LE PEN,Marine LE PEN,True
31718,2022,Marine LE PEN,Marine LE PEN,True
31719,2022,Marine LE PEN,Marine LE PEN,True
31720,2022,Marine LE PEN,Marine LE PEN,True
31721,2022,Emmanuel MACRON,François FILLON,False
31722,2022,Emmanuel MACRON,François FILLON,False
31723,2022,Marine LE PEN,Marine LE PEN,True
31724,2022,Marine LE PEN,Marine LE PEN,True
31725,2022,Marine LE PEN,Marine LE PEN,True
31726,2022,Marine LE PEN,Marine LE PEN,True
31727,2022,Marine LE PEN,Marine LE PEN,True
31728,2022,Marine LE PEN,Marine LE PEN,True
31729,2022,Marine LE PEN,Marine LE PEN,True
31730,2022,Marine LE PEN,Marine LE PEN,True
31731,2022,Marine LE PEN,Marine LE PEN,True
31732,2022,Marine LE PEN,Marine LE PEN,True
31733,2022,Marine LE PEN,Marine LE PEN,True
31734,2022,Marine LE PEN,Marine LE PEN,True
31735,2022,Marine LE PEN,Marine LE PEN,True
31736,2022,Marine LE PEN,Marine LE PEN,True
31737,2022,Emmanuel MACRON,François FILLON,False
31738,2022,Marine LE PEN,Marine LE PEN,True
31739,2022,Emmanuel MACRON,François FILLON,False
31740,2022,Marine LE PEN,Marine LE PEN,True
31741,2022,Marine LE PEN,Marine LE PEN,True
31742,2022,Marine LE PEN,Marine LE PEN,True
31743,2022,Marine LE PEN,Marine LE PEN,True
31744,2022,Marine LE PEN,Marine LE PEN,True
31745,2022,Marine LE PEN,Marine LE PEN,True
31746,2022,Marine LE PEN,Marine LE PEN,True
31747,2022,Marine LE PEN,Marine LE PEN,True
31748,2022,Marine LE PEN,Marine LE PEN,True
31749,2022,Emmanuel MACRON,François FILLON,False
31750,2022,Marine LE PEN,Marine LE PEN,True
31751,2022,Marine LE PEN,Marine LE PEN,True
31752,2022,Marine LE PEN,Marine LE PEN,True
31753,2022,Marine LE PEN,Marine LE PEN,True
31754,2022,Marine LE PEN,Marine LE PEN,True
31755,2022,Marine LE PEN,Marine LE PEN,True
31756,2022,Marine LE PEN,Marine LE PEN,True
31757,2022,Marine LE PEN,Marine LE PEN,True
31758,2022,Emmanuel MACRON,François FILLON,False
31759,2022,Marine LE PEN,Marine LE PEN,True
31760,2022,Marine LE PEN,Marine LE PEN,True
31761,2022,Marine LE PEN,Marine LE PEN,True
31762,2022,Emmanuel MACRON,François FILLON,False
31763,2022,Marine LE PEN,Marine LE PEN,True
31764,2022,Marine LE PEN,Marine LE PEN,True
31765,2022,Emmanuel MACRON,Emmanuel MACRON,True
31766,2022,Marine LE PEN,Marine LE PEN,True
31767,2022,Marine LE PEN,Marine LE PEN,True
31768,2022,Marine LE PEN,Marine LE PEN,True
31769,2022,Marine LE PEN,Marine LE PEN,True
31770,2022,Emmanuel MACRON,François FILLON,False
31771,2022,Marine LE PEN,Marine LE PEN,True
31772,2022,Marine LE PEN,Marine LE PEN,True
31773,2022,Marine LE PEN,Marine LE PEN,True
31775,2022,Emmanuel MACRON,François FILLON,False
31776,2022,Marine LE PEN,Marine LE PEN,True
31777,2022,Marine LE PEN,Marine LE PEN,True
31778,2022,Marine LE PEN,Marine LE PEN,True
31779,2022,Marine LE PEN,Marine LE PEN,True
31780,2022,Marine LE PEN,Marine LE PEN,True
31781,2022,Marine LE PEN,Marine LE PEN,True
31782,2022,Emmanuel MACRON,François FILLON,False
31783,2022,Marine LE PEN,Marine LE PEN,True
31784,2022,Marine LE PEN,Marine LE PEN,True
31785,2022,Emmanuel MACRON,François FILLON,False
31786,2022,Emmanuel MACRON,François FILLON,False
31787,2022,Emmanuel MACRON,François FILLON,False
31788,2022,Emmanuel MACRON,François FILLON,False
31789,2022,Marine LE PEN,Marine LE PEN,True
31790,2022,Emmanuel MACRON,François FILLON,False
31791,2022,Marine LE PEN,Marine LE PEN,True
31792,2022,Marine LE PEN,Marine LE PEN,True
31793,2022,Marine LE PEN,Marine LE PEN,True
31794,2022,Marine LE PEN,Marine LE PEN,True
31795,2022,Marine LE PEN,Marine LE PEN,True
31796,2022,Marine LE PEN,Marine LE PEN,True
31797,2022,Emmanuel MACRON,François FILLON,False
31798,2022,Marine LE PEN,Marine LE PEN,True
31799,2022,Marine LE PEN,Marine LE PEN,True
31800,2022,Marine LE PEN,Marine LE PEN,True
31801,2022,Marine LE PEN,Marine LE PEN,True
31803,2022,Marine LE PEN,Marine LE PEN,True
31804,2022,Marine LE PEN,Marine LE PEN,True
31805,2022,Marine LE PEN,Marine LE PEN,True
31806,2022,Emmanuel MACRON,François FILLON,False
31807,2022,Emmanuel MACRON,François FILLON,False
31808,2022,Marine LE PEN,Marine LE PEN,True
31809,2022,Marine LE PEN,Marine LE PEN,True
31810,2022,Marine LE PEN,Marine LE PEN,True
31811,2022,Marine LE PEN,Marine LE PEN,True
31812,2022,Marine LE PEN,Marine LE PEN,True
31813,2022,Marine LE PEN,Marine LE PEN,True
31814,2022,Marine LE PEN,Marine LE PEN,True
31815,2022,Marine LE PEN,Marine LE PEN,True
31816,2022,Marine LE PEN,Marine LE PEN,True
31817,2022,Marine LE PEN,Marine LE PEN,True
31818,2022,Marine LE PEN,Marine LE PEN,True
31819,2022,Emmanuel MACRON,François FILLON,False
31820,2022,Marine LE PEN,Marine LE PEN,True
31821,2022,Marine LE PEN,Marine LE PEN,True
31822,2022,Emmanuel MACRON,François FILLON,False
31823,2022,Marine LE PEN,Marine LE PEN,True
31824,2022,Marine LE PEN,Marine LE PEN,True
31825,2022,Marine LE PEN,Marine LE PEN,True
31826,2022,Marine LE PEN,Marine LE PEN,True
31827,2022,Marine LE PEN,Marine LE PEN,True
31828,2022,Marine LE PEN,Marine LE PEN,True
31829,2022,Marine LE PEN,Marine LE PEN,True
31830,2022,Marine LE PEN,Marine LE PEN,True
31831,2022,Marine LE PEN,Marine LE PEN,True
31832,2022,Marine LE PEN,Marine LE PEN,True
31833,2022,Marine LE PEN,Marine LE PEN,True
31834,2022,Emmanuel MACRON,François FILLON,False
31835,2022,Marine LE PEN,Marine LE PEN,True
31836,2022,Emmanuel MACRON,François FILLON,False
31837,2022,Marine LE PEN,Marine LE PEN,True
31838,2022,Emmanuel MACRON,François FILLON,False
31839,2022,Emmanuel MACRON,François FILLON,False
31840,2022,Marine LE PEN,Marine LE PEN,True
31841,2022,Marine LE PEN,Marine LE PEN,True
31842,2022,Marine LE PEN,Marine LE PEN,True
31843,2022,Marine LE PEN,Marine LE PEN,True
31844,2022,Marine LE PEN,Marine LE PEN,True
31845,2022,Marine LE PEN,Marine LE PEN,True
31846,2022,Marine LE PEN,Marine LE PEN,True
31847,2022,Emmanuel MACRON,François FILLON,False
31848,2022,Emmanuel MACRON,François FILLON,False
31849,2022,Marine LE PEN,Marine LE PEN,True
31850,2022,Marine LE PEN,Marine LE PEN,True
31851,2022,Marine LE PEN,Marine LE PEN,True
31852,2022,Marine LE PEN,Marine LE PEN,True
31853,2022,Marine LE PEN,Marine LE PEN,True
31854,2022,Marine LE PEN,Marine LE PEN,True
31855,2022,Marine LE PEN,Marine LE PEN,True
31856,2022,Marine LE PEN,Marine LE PEN,True
31857,2022,Marine LE PEN,Marine LE PEN,True
31858,2022,Marine LE PEN,Marine LE PEN,True
31859,2022,Marine LE PEN,Marine LE PEN,True
31860,2022,Marine LE PEN,Marine LE PEN,True
31861,2022,Marine LE PEN,Marine LE PEN,True
31862,2022,Marine LE PEN,Marine LE PEN,True
31863,2022,Marine LE PEN,Marine LE PEN,True
31864,2022,Marine LE PEN,Marine LE PEN,True
31865,2022,Jean-Luc MÉLENCHON,François FILLON,False
31866,2022,Marine LE PEN,Marine LE PEN,True
31867,2022,Marine LE PEN,Marine LE PEN,True
31868,2022,Marine LE PEN,Marine LE PEN,True
31869,2022,Marine LE PEN,Marine LE PEN,True
31870,2022,Marine LE PEN,Marine LE PEN,True
31871,2022,Emmanuel MACRON,François FILLON,False
31872,2022,Emmanuel MACRON,François FILLON,False
31873,2022,Marine LE PEN,Marine LE PEN,True
31874,2022,Marine LE PEN,Marine LE PEN,True
31875,2022,Marine LE PEN,Marine LE PEN,True
31876,2022,Marine LE PEN,Marine LE PEN,True
31877,2022,Emmanuel MACRON,François FILLON,False
31878,2022,Marine LE PEN,Marine LE PEN,True
31879,2022,Marine LE PEN,Marine LE PEN,True
31880,2022,Emmanuel MACRON,François FILLON,False
31881,2022,Marine LE PEN,Marine LE PEN,True
31882,2022,Marine LE PEN,Marine LE PEN,True
31883,2022,Marine LE PEN,Marine LE PEN,True
31884,2022,Emmanuel MACRON,François FILLON,False
31885,2022,Marine LE PEN,Marine LE PEN,True
31886,2022,Marine LE PEN,Marine LE PEN,True
31887,2022,Emmanuel MACRON,François FILLON,False
31888,2022,Marine LE PEN,Marine LE PEN,True
31889,2022,Marine LE PEN,Marine LE PEN,True
31890,2022,Marine LE PEN,Marine LE PEN,True
31891,2022,Marine LE PEN,Marine LE PEN,True
31892,2022,Marine LE PEN,Marine LE PEN,True
31893,2022,Marine LE PEN,Marine LE PEN,True
31894,2022,Marine LE PEN,Marine LE PEN,True
31895,2022,Marine LE PEN,Marine LE PEN,True
31896,2022,Marine LE PEN,Marine LE PEN,True
31897,2022,Marine LE PEN,Marine LE PEN,True
31898,2022,Marine LE PEN,Marine LE PEN,True
31899,2022,Marine LE PEN,Marine LE PEN,True
31900,2022,Marine LE PEN,Marine LE PEN,True
31901,2022,Marine LE PEN,Marine LE PEN,True
31902,2022,Marine LE PEN,Marine LE PEN,True
31903,2022,Marine LE PEN,Marine LE PEN,True
31904,2022,Marine LE PEN,Marine LE PEN,True
31905,2022,Marine LE PEN,Marine LE PEN,True
31906,2022,Emmanuel MACRON,François FILLON,False
31907,2022,Emmanuel MACRON,François FILLON,False
31908,2022,Marine LE PEN,Marine LE PEN,True
31909,2022,Marine LE PEN,Marine LE PEN,True
31910,2022,Marine LE PEN,Marine LE PEN,True
31911,2022,Marine LE PEN,Marine LE PEN,True
31912,2022,Marine LE PEN,Marine LE PEN,True
31913,2022,Marine LE PEN,Marine LE PEN,True
31914,2022,Marine LE PEN,Marine LE PEN,True
31915,2022,Marine LE PEN,Marine LE PEN,True
31916,2022,Marine LE PEN,Marine LE PEN,True
31917,2022,Marine LE PEN,Marine LE PEN,True
31918,2022,Marine LE PEN,Marine LE PEN,True
31919,2022,Marine LE PEN,Marine LE PEN,True
31920,2022,Emmanuel MACRON,François FILLON,False
31922,2022,Marine LE PEN,Marine LE PEN,True
31923,2022,Marine LE PEN,Marine LE PEN,True
31924,2022,Marine LE PEN,Marine LE PEN,True
31925,2022,Marine LE PEN,Marine LE PEN,True
31926,2022,Marine LE PEN,Marine LE PEN,True
31927,2022,Marine LE PEN,Marine LE PEN,True
31928,2022,Marine LE PEN,Marine LE PEN,True
31929,2022,Marine LE PEN,Marine LE PEN,True
31930,2022,Marine LE PEN,Marine LE PEN,True
31931,2022,Marine LE PEN,Marine LE PEN,True
31932,2022,Marine LE PEN,Marine LE PEN,True
31933,2022,Marine LE PEN,Marine LE PEN,True
31934,2022,Emmanuel MACRON,François FILLON,False
31935,2022,Marine LE PEN,Marine LE PEN,True
31936,2022,Marine LE PEN,Marine LE PEN,True
31937,2022,Marine LE PEN,Marine LE PEN,True
31938,2022,Marine LE PEN,Marine LE PEN,True
31939,2022,Marine LE PEN,Marine LE PEN,True
31940,2022,Marine LE PEN,Marine LE PEN,True
31941,2022,Marine LE PEN,Marine LE PEN,True
31942,2022,Marine LE PEN,Marine LE PEN,True
31943,2022,Marine LE PEN,Marine LE PEN,True
31944,2022,Marine LE PEN,Marine LE PEN,True
31945,2022,Emmanuel MACRON,François FILLON,False
31946,2022,Marine LE PEN,Marine LE PEN,True
31947,2022,Marine LE PEN,Marine LE PEN,True
31948,2022,Marine LE PEN,Marine LE PEN,True
31949,2022,Marine LE PEN,Marine LE PEN,True
31950,2022,Emmanuel MACRON,François FILLON,False
31951,2022,Marine LE PEN,Marine LE PEN,True
31952,2022,Marine LE PEN,Marine LE PEN,True
31953,2022,Marine LE PEN,Marine LE PEN,True
31954,2022,Marine LE PEN,Marine LE PEN,True
31955,2022,Marine LE PEN,Marine LE PEN,True
31956,2022,Marine LE PEN,Marine LE PEN,True
31957,2022,Emmanuel MACRON,François FILLON,False
31958,2022,Marine LE PEN,Marine LE PEN,True
31959,2022,Marine LE PEN,Marine LE PEN,True
31960,2022,Marine LE PEN,Marine LE PEN,True
31962,2022,Emmanuel MACRON,François FILLON,False
31963,2022,Marine LE PEN,Marine LE PEN,True
31964,2022,Marine LE PEN,Marine LE PEN,True
31965,2022,Marine LE PEN,Marine LE PEN,True
31966,2022,Marine LE PEN,Marine LE PEN,True
31967,2022,Marine LE PEN,Marine LE PEN,True
31968,2022,Marine LE PEN,Marine LE PEN,True
31969,2022,Emmanuel MACRON,François FILLON,False
31970,2022,Marine LE PEN,Marine LE PEN,True
31971,2022,Marine LE PEN,Marine LE PEN,True
31972,2022,Marine LE PEN,Marine LE PEN,True
31973,2022,Marine LE PEN,Marine LE PEN,True
31974,2022,Marine LE PEN,Marine LE PEN,True
31975,2022,Marine LE PEN,Marine LE PEN,True
31976,2022,Marine LE PEN,Marine LE PEN,True
31977,2022,Marine LE PEN,Marine LE PEN,True
31978,2022,Marine LE PEN,Marine LE PEN,True
31979,2022,Marine LE PEN,Marine LE PEN,True
31980,2022,Marine LE PEN,Marine LE PEN,True
31981,2022,Marine LE PEN,Marine LE PEN,True
31982,2022,Marine LE PEN,Marine LE PEN,True
31983,2022,Marine LE PEN,Marine LE PEN,True
31984,2022,Marine LE PEN,Marine LE PEN,True
31985,2022,Marine LE PEN,Marine LE PEN,True
31986,2022,Marine LE PEN,Marine LE PEN,True
31987,2022,Marine LE PEN,Marine LE PEN,True
31988,2022,Emmanuel MACRON,François FILLON,False
31989,2022,Marine LE PEN,Marine LE PEN,True
31990,2022,Emmanuel MACRON,François FILLON,False
31991,2022,Emmanuel MACRON,François FILLON,False
31992,2022,Marine LE PEN,Marine LE PEN,True
31993,2022,Marine LE PEN,Marine LE PEN,True
31994,2022,Marine LE PEN,Marine LE PEN,True
31995,2022,Marine LE PEN,Marine LE PEN,True
31996,2022,Emmanuel MACRON,Emmanuel MACRON,True
31997,2022,Marine LE PEN,Marine LE PEN,True
31998,2022,Emmanuel MACRON,François FILLON,False
31999,2022,Marine LE PEN,Marine LE PEN,True
32000,2022,Emmanuel MACRON,François FILLON,False
32001,2022,Marine LE PEN,Marine LE PEN,True
32002,2022,Emmanuel MACRON,François FILLON,False
32003,2022,Marine LE PEN,Marine LE PEN,True
32004,2022,Marine LE PEN,Marine LE PEN,True
32005,2022,Emmanuel MACRON,François FILLON,False
32006,2022,Marine LE PEN,Marine LE PEN,True
32007,2022,Marine LE PEN,Marine LE PEN,True
32008,2022,Marine LE PEN,Marine LE PEN,True
32009,2022,Marine LE PEN,Marine LE PEN,True
32010,2022,Marine LE PEN,Marine LE PEN,True
32011,2022,Emmanuel MACRON,François FILLON,False
32012,2022,Marine LE PEN,Marine LE PEN,True
32013,2022,Marine LE PEN,Marine LE PEN,True
32014,2022,Marine LE PEN,Marine LE PEN,True
32015,2022,Emmanuel MACRON,François FILLON,False
32016,2022,Marine LE PEN,Marine LE PEN,True
32017,2022,Marine LE PEN,Marine LE PEN,True
32018,2022,Marine LE PEN,Marine LE PEN,True
32019,2022,Marine LE PEN,Marine LE PEN,True
32020,2022,Marine LE PEN,Marine LE PEN,True
32021,2022,Emmanuel MACRON,François FILLON,False
32022,2022,Marine LE PEN,Marine LE PEN,True
32023,2022,Marine LE PEN,Marine LE PEN,True
32024,2022,Marine LE PEN,Marine LE PEN,True
32025,2022,Marine LE PEN,Marine LE PEN,True
32026,2022,Emmanuel MACRON,François FILLON,False
32027,2022,Marine LE PEN,Marine LE PEN,True
32028,2022,Emmanuel MACRON,François FILLON,False
32029,2022,Marine LE PEN,Marine LE PEN,True
32030,2022,Emmanuel MACRON,François FILLON,False
32031,2022,Marine LE PEN,Marine LE PEN,True
32032,2022,Marine LE PEN,Marine LE PEN,True
32033,2022,Marine LE PEN,Marine LE PEN,True
32034,2022,Emmanuel MACRON,François FILLON,False
32035,2022,Marine LE PEN,Marine LE PEN,True
32036,2022,Emmanuel MACRON,François FILLON,False
32037,2022,Marine LE PEN,Marine LE PEN,True
32038,2022,Marine LE PEN,Marine LE PEN,True
32039,2022,Marine LE PEN,Marine LE PEN,True
32040,2022,Marine LE PEN,Marine LE PEN,True
32041,2022,Emmanuel MACRON,François FILLON,False
32042,2022,Marine LE PEN,Marine LE PEN,True
32043,2022,Marine LE PEN,Marine LE PEN,True
32044,2022,Marine LE PEN,Marine LE PEN,True
32045,2022,Marine LE PEN,Marine LE PEN,True
32046,2022,Marine LE PEN,Marine LE PEN,True
32047,2022,Marine LE PEN,Marine LE PEN,True
32048,2022,Marine LE PEN,Marine LE PEN,True
32049,2022,Emmanuel MACRON,François FILLON,False
32050,2022,Marine LE PEN,Marine LE PEN,True
32051,2022,Marine LE PEN,Marine LE PEN,True
32052,2022,Marine LE PEN,Marine LE PEN,True
32053,2022,Marine LE PEN,Marine LE PEN,True
32054,2022,Marine LE PEN,Marine LE PEN,True
32055,2022,Emmanuel MACRON,François FILLON,False
32056,2022,Emmanuel MACRON,Nicolas DUPONT-AIGNAN,False
32057,2022,Marine LE PEN,Marine LE PEN,True
32058,2022,Marine LE PEN,Marine LE PEN,True
32059,2022,Marine LE PEN,Marine LE PEN,True
32060,2022,Marine LE PEN,Marine LE PEN,True
32061,2022,Emmanuel MACRON,François FILLON,False
32062,2022,Marine LE PEN,Marine LE PEN,True
32063,2022,Emmanuel MACRON,François FILLON,False
32064,2022,Marine LE PEN,Marine LE PEN,True
32065,2022,Marine LE PEN,Marine LE PEN,True
32066,2022,Marine LE PEN,Marine LE PEN,True
32067,2022,Marine LE PEN,Marine LE PEN,True
32068,2022,Marine LE PEN,Marine LE PEN,True
32069,2022,Marine LE PEN,Marine LE PEN,True
32070,2022,Marine LE PEN,Marine LE PEN,True
32071,2022,Marine LE PEN,Marine LE PEN,True
32072,2022,Marine LE PEN,Marine LE PEN,True
32073,2022,Emmanuel MACRON,Emmanuel MACRON,True
32074,2022,Emmanuel MACRON,François FILLON,False
32075,2022,Emmanuel MACRON,François FILLON,False
32076,2022,Jean-Luc MÉLENCHON,François FILLON,False
32077,2022,Emmanuel MACRON,François FILLON,False
32078,2022,Marine LE PEN,Marine LE PEN,True
32079,2022,Emmanuel MACRON,François FILLON,False
32080,2022,Emmanuel MACRON,Emmanuel MACRON,True
32081,2022,Emmanuel MACRON,François FILLON,False
32082,2022,Marine LE PEN,Marine LE PEN,True
32083,2022,Marine LE PEN,Marine LE PEN,True
32084,2022,Marine LE PEN,Marine LE PEN,True
32085,2022,Emmanuel MACRON,François FILLON,False
32086,2022,Marine LE PEN,Marine LE PEN,True
32087,2022,Marine LE PEN,Marine LE PEN,True
32088,2022,Marine LE PEN,Marine LE PEN,True
32089,2022,Emmanuel MACRON,François FILLON,False
32090,2022,Marine LE PEN,Marine LE PEN,True
32091,2022,Marine LE PEN,Marine LE PEN,True
32092,2022,Marine LE PEN,Marine LE PEN,True
32093,2022,Marine LE PEN,Marine LE PEN,True
32094,2022,Marine LE PEN,Marine LE PEN,True
32095,2022,Marine LE PEN,Marine LE PEN,True
32096,2022,Emmanuel MACRON,François FILLON,False
32097,2022,Emmanuel MACRON,François FILLON,False
32098,2022,Marine LE PEN,Marine LE PEN,True
32099,2022,Marine LE PEN,Marine LE PEN,True
32100,2022,Marine LE PEN,Marine LE PEN,True
32101,2022,Marine LE PEN,Marine LE PEN,True
32102,2022,Marine LE PEN,Marine LE PEN,True
32103,2022,Emmanuel MACRON,François FILLON,False
32104,2022,Emmanuel MACRON,François FILLON,False
32105,2022,Marine LE PEN,Marine LE PEN,True
32106,2022,Marine LE PEN,Marine LE PEN,True
32107,2022,Marine LE PEN,Marine LE PEN,True
32108,2022,Marine LE PEN,Marine LE PEN,True
32109,2022,Emmanuel MACRON,François FILLON,False
32110,2022,Marine LE PEN,Marine LE PEN,True
32111,2022,Marine LE PEN,Marine LE PEN,True
32112,2022,Marine LE PEN,Marine LE PEN,True
32114,2022,Marine LE PEN,Marine LE PEN,True
32115,2022,Marine LE PEN,Marine LE PEN,True
32116,2022,Marine LE PEN,Marine LE PEN,True
32117,2022,Marine LE PEN,Marine LE PEN,True
32118,2022,Marine LE PEN,Marine LE PEN,True
32119,2022,Marine LE PEN,Marine LE PEN,True
32120,2022,Marine LE PEN,Marine LE PEN,True
32121,2022,Marine LE PEN,Marine LE PEN,True
32122,2022,Emmanuel MACRON,François FILLON,False
32123,2022,Marine LE PEN,Marine LE PEN,True
32124,2022,Marine LE PEN,Marine LE PEN,True
32125,2022,Marine LE PEN,Marine LE PEN,True
32126,2022,Marine LE PEN,Marine LE PEN,True
32127,2022,Emmanuel MACRON,François FILLON,False
32128,2022,Emmanuel MACRON,François FILLON,False
32129,2022,Marine LE PEN,Marine LE PEN,True
32130,2022,Emmanuel MACRON,François FILLON,False
32131,2022,Marine LE PEN,Marine LE PEN,True
32132,2022,Marine LE PEN,Marine LE PEN,True
32133,2022,Emmanuel MACRON,François FILLON,False
32134,2022,Emmanuel MACRON,François FILLON,False
32135,2022,Marine LE PEN,Marine LE PEN,True
32136,2022,Marine LE PEN,Marine LE PEN,True
32137,2022,Marine LE PEN,Marine LE PEN,True
32138,2022,Emmanuel MACRON,François FILLON,False
32139,2022,Marine LE PEN,Marine LE PEN,True
32140,2022,Marine LE PEN,Marine LE PEN,True
32141,2022,Emmanuel MACRON,François FILLON,False
32142,2022,Marine LE PEN,Marine LE PEN,True
32143,2022,Marine LE PEN,Marine LE PEN,True
32144,2022,Marine LE PEN,Marine LE PEN,True
32145,2022,Marine LE PEN,Marine LE PEN,True
32146,2022,Marine LE PEN,Marine LE PEN,True
32147,2022,Marine LE PEN,Marine LE PEN,True
32148,2022,Emmanuel MACRON,Emmanuel MACRON,True
32149,2022,Marine LE PEN,Marine LE PEN,True
32150,2022,Marine LE PEN,Marine LE PEN,True
32151,2022,Marine LE PEN,Marine LE PEN,True
32152,2022,Marine LE PEN,Marine LE PEN,True
32153,2022,Marine LE PEN,Marine LE PEN,True
32154,2022,Marine LE PEN,Marine LE PEN,True
32155,2022,Emmanuel MACRON,François FILLON,False
32156,2022,Marine LE PEN,Marine LE PEN,True
32157,2022,Marine LE PEN,Marine LE PEN,True
32158,2022,Marine LE PEN,Marine LE PEN,True
32159,2022,Marine LE PEN,Marine LE PEN,True
32160,2022,Marine LE PEN,Marine LE PEN,True
32161,2022,Marine LE PEN,Marine LE PEN,True
32162,2022,Marine LE PEN,Marine LE PEN,True
32163,2022,Emmanuel MACRON,François FILLON,False
32164,2022,Marine LE PEN,Marine LE PEN,True
32165,2022,Marine LE PEN,Marine LE PEN,True
32166,2022,Jean-Luc MÉLENCHON,François FILLON,False
32167,2022,Marine LE PEN,Marine LE PEN,True
32168,2022,Marine LE PEN,Marine LE PEN,True
32169,2022,Marine LE PEN,Marine LE PEN,True
32170,2022,Marine LE PEN,Marine LE PEN,True
32171,2022,Marine LE PEN,Marine LE PEN,True
32172,2022,Marine LE PEN,Marine LE PEN,True
32173,2022,Marine LE PEN,Marine LE PEN,True
32174,2022,Marine LE PEN,Marine LE PEN,True
32175,2022,Emmanuel MACRON,François FILLON,False
32176,2022,Marine LE PEN,Marine LE PEN,True
32177,2022,Marine LE PEN,Marine LE PEN,True
32178,2022,Marine LE PEN,Marine LE PEN,True
32179,2022,Marine LE PEN,Marine LE PEN,True
32180,2022,Marine LE PEN,Marine LE PEN,True
32181,2022,Emmanuel MACRON,François FILLON,False
32182,2022,Emmanuel MACRON,François FILLON,False
32183,2022,Emmanuel MACRON,François FILLON,False
32184,2022,Marine LE PEN,Marine LE PEN,True
32185,2022,Emmanuel MACRON,François FILLON,False
32186,2022,Emmanuel MACRON,Emmanuel MACRON,True
32187,2022,Marine LE PEN,Marine LE PEN,True
32188,2022,Emmanuel MACRON,François FILLON,False
32189,2022,Jean-Luc MÉLENCHON,François FILLON,False
32190,2022,Emmanuel MACRON,François FILLON,False
32191,2022,Jean-Luc MÉLENCHON,François FILLON,False
32192,2022,Marine LE PEN,Marine LE PEN,True
32193,2022,Marine LE PEN,Marine LE PEN,True
32194,2022,Marine LE PEN,Marine LE PEN,True
32195,2022,Emmanuel MACRON,François FILLON,False
32196,2022,Emmanuel MACRON,François FILLON,False
32197,2022,Jean-Luc MÉLENCHON,François FILLON,False
32198,2022,Jean-Luc MÉLENCHON,François FILLON,False
32199,2022,Emmanuel MACRON,Emmanuel MACRON,True
32200,2022,Marine LE PEN,Marine LE PEN,True
32201,2022,Jean LASSALLE,François FILLON,False
32202,2022,Emmanuel MACRON,François FILLON,False
32203,2022,Emmanuel MACRON,Emmanuel MACRON,True
32204,2022,Emmanuel MACRON,François FILLON,False
32205,2022,Emmanuel MACRON,François FILLON,False
32206,2022,Emmanuel MACRON,François FILLON,False
32207,2022,Emmanuel MACRON,François FILLON,False
32208,2022,Marine LE PEN,Marine LE PEN,True
32209,2022,Emmanuel MACRON,François FILLON,False
32210,2022,Marine LE PEN,Marine LE PEN,True
32211,2022,Marine LE PEN,Marine LE PEN,True
32212,2022,Marine LE PEN,Marine LE PEN,True
32213,2022,Marine LE PEN,Marine LE PEN,True
32214,2022,Marine LE PEN,Marine LE PEN,True
32215,2022,Marine LE PEN,Marine LE PEN,True
32216,2022,Marine LE PEN,Marine LE PEN,True
32217,2022,Emmanuel MACRON,François FILLON,False
32218,2022,Marine LE PEN,Marine LE PEN,True
32219,2022,Marine LE PEN,Marine LE PEN,True
32220,2022,Marine LE PEN,Marine LE PEN,True
32221,2022,Marine LE PEN,Marine LE PEN,True
32222,2022,Marine LE PEN,Marine LE PEN,True
32223,2022,Emmanuel MACRON,François FILLON,False
32224,2022,Marine LE PEN,Marine LE PEN,True
32225,2022,Marine LE PEN,Marine LE PEN,True
32226,2022,Emmanuel MACRON,Emmanuel MACRON,True
32227,2022,Jean-Luc MÉLENCHON,François FILLON,False
32228,2022,Emmanuel MACRON,Emmanuel MACRON,True
32229,2022,Marine LE PEN,Marine LE PEN,True
32230,2022,Marine LE PEN,Marine LE PEN,True
32231,2022,Marine LE PEN,Marine LE PEN,True
32232,2022,Jean-Luc MÉLENCHON,François FILLON,False
32233,2022,Emmanuel MACRON,Emmanuel MACRON,True
32234,2022,Emmanuel MACRON,Emmanuel MACRON,True
32235,2022,Marine LE PEN,Marine LE PEN,True
32236,2022,Marine LE PEN,Marine LE PEN,True
32237,2022,Marine LE PEN,Marine LE PEN,True
32238,2022,Marine LE PEN,Marine LE PEN,True
32239,2022,Marine LE PEN,Marine LE PEN,True
32240,2022,Emmanuel MACRON,François FILLON,False
32241,2022,Marine LE PEN,Marine LE PEN,True
32242,2022,Emmanuel MACRON,François FILLON,False
32243,2022,Marine LE PEN,Marine LE PEN,True
32244,2022,Marine LE PEN,Marine LE PEN,True
32245,2022,Jean-Luc MÉLENCHON,Emmanuel MACRON,False
32246,2022,Emmanuel MACRON,Emmanuel MACRON,True
32247,2022,Marine LE PEN,Marine LE PEN,True
32248,2022,Emmanuel MACRON,Emmanuel MACRON,True
32249,2022,Marine LE PEN,Marine LE PEN,True
32250,2022,Jean-Luc MÉLENCHON,Emmanuel MACRON,False
32251,2022,Jean-Luc MÉLENCHON,Emmanuel MACRON,False
32252,2022,Jean-Luc MÉLENCHON,François FILLON,False
32253,2022,Jean-Luc MÉLENCHON,François FILLON,False
32254,2022,Jean-Luc MÉLENCHON,François FILLON,False
32255,2022,Marine LE PEN,Marine LE PEN,True
32256,2022,Marine LE PEN,Marine LE PEN,True
32257,2022,Marine LE PEN,Marine LE PEN,True
32258,2022,Marine LE PEN,Marine LE PEN,True
32259,2022,Jean-Luc MÉLENCHON,Emmanuel MACRON,False
32260,2022,Marine LE PEN,Marine LE PEN,True
32261,2022,Emmanuel MACRON,François FILLON,False
32262,2022,Emmanuel MACRON,Emmanuel MACRON,True
32263,2022,Marine LE PEN,Marine LE PEN,True
32264,2022,Emmanuel MACRON,François FILLON,False
32265,2022,Marine LE PEN,Marine LE PEN,True
32266,2022,Emmanuel MACRON,François FILLON,False
32267,2022,Marine LE PEN,Marine LE PEN,True
32268,2022,Emmanuel MACRON,François FILLON,False
32269,2022,Marine LE PEN,Marine LE PEN,True
32270,2022,Marine LE PEN,Marine LE PEN,True
32271,2022,Emmanuel MACRON,François FILLON,False
32272,2022,Jean-Luc MÉLENCHON,François FILLON,False
32273,2022,Emmanuel MACRON,Emmanuel MACRON,True
32274,2022,Marine LE PEN,Marine LE PEN,True
32275,2022,Marine LE PEN,Marine LE PEN,True
32276,2022,Emmanuel MACRON,François FILLON,False
32277,2022,Marine LE PEN,Marine LE PEN,True
32278,2022,Marine LE PEN,Marine LE PEN,True
32279,2022,Jean-Luc MÉLENCHON,Emmanuel MACRON,False
32280,2022,Marine LE PEN,Marine LE PEN,True
32281,2022,Marine LE PEN,Marine LE PEN,True
32282,2022,Jean-Luc MÉLENCHON,François FILLON,False
32283,2022,Marine LE PEN,Marine LE PEN,True
32284,2022,Emmanuel MACRON,Emmanuel MACRON,True
32285,2022,Marine LE PEN,Marine LE PEN,True
32286,2022,Jean-Luc MÉLENCHON,Emmanuel MACRON,False
32287,2022,Jean-Luc MÉLENCHON,François FILLON,False
32288,2022,Marine LE PEN,Marine LE PEN,True
32289,2022,Emmanuel MACRON,François FILLON,False
32290,2022,Emmanuel MACRON,François FILLON,False
32291,2022,Marine LE PEN,Marine LE PEN,True
32292,2022,Marine LE PEN,Marine LE PEN,True
32293,2022,Marine LE PEN,Marine LE PEN,True
32294,2022,Marine LE PEN,Marine LE PEN,True
32295,2022,Marine LE PEN,Marine LE PEN,True
32296,2022,Marine LE PEN,Marine LE PEN,True
32297,2022,Marine LE PEN,Marine LE PEN,True
32298,2022,Marine LE PEN,Marine LE PEN,True
32299,2022,Marine LE PEN,Marine LE PEN,True
32300,2022,Emmanuel MACRON,François FILLON,False
32301,2022,Emmanuel MACRON,François FILLON,False
32302,2022,Marine LE PEN,Marine LE PEN,True
32303,2022,Emmanuel MACRON,François FILLON,False
32304,2022,Jean-Luc MÉLENCHON,François FILLON,False
32305,2022,Jean-Luc MÉLENCHON,François FILLON,False
32306,2022,Marine LE PEN,Marine LE PEN,True
32307,2022,Marine LE PEN,Marine LE PEN,True
32308,2022,Marine LE PEN,Marine LE PEN,True
32309,2022,Marine LE PEN,Marine LE PEN,True
32310,2022,Marine LE PEN,Marine LE PEN,True
32311,2022,Emmanuel MACRON,François FILLON,False
32312,2022,Jean-Luc MÉLENCHON,François FILLON,False
32313,2022,Emmanuel MACRON,François FILLON,False
32314,2022,Jean-Luc MÉLENCHON,François FILLON,False
32315,2022,Jean-Luc MÉLENCHON,François FILLON,False
32316,2022,Marine LE PEN,Marine LE PEN,True
32317,2022,Emmanuel MACRON,Emmanuel MACRON,True
32318,2022,Emmanuel MACRON,Emmanuel MACRON,True
32319,2022,Emmanuel MACRON,François FILLON,False
32320,2022,Marine LE PEN,Marine LE PEN,True
32321,2022,Marine LE PEN,Marine LE PEN,True
32322,2022,Marine LE PEN,Marine LE PEN,True
32323,2022,Jean-Luc MÉLENCHON,Emmanuel MACRON,False
32324,2022,Marine LE PEN,Marine LE PEN,True
32325,2022,Emmanuel MACRON,Emmanuel MACRON,True
32326,2022,Jean-Luc MÉLENCHON,Emmanuel MACRON,False
32327,2022,Marine LE PEN,Marine LE PEN,True
32328,2022,Jean-Luc MÉLENCHON,François FILLON,False
32329,2022,Jean-Luc MÉLENCHON,François FILLON,False
32330,2022,Jean-Luc MÉLENCHON,François FILLON,False
32331,2022,Emmanuel MACRON,François FILLON,False
32332,2022,Marine LE PEN,Marine LE PEN,True
32333,2022,Marine LE PEN,Marine LE PEN,True
32334,2022,Marine LE PEN,Marine LE PEN,True
32335,2022,Emmanuel MACRON,François FILLON,False
32336,2022,Jean-Luc MÉLENCHON,François FILLON,False
32337,2022,Marine LE PEN,Marine LE PEN,True
32338,2022,Emmanuel MACRON,François FILLON,False
32339,2022,Marine LE PEN,Marine LE PEN,True
32340,2022,Jean-Luc MÉLENCHON,Emmanuel MACRON,False
32341,2022,Jean-Luc MÉLENCHON,François FILLON,False
32342,2022,Emmanuel MACRON,François FILLON,False
32343,2022,Jean LASSALLE,François FILLON,False
32344,2022,Marine LE PEN,Marine LE PEN,True
32345,2022,Marine LE PEN,Marine LE PEN,True
32346,2022,Marine LE PEN,Marine LE PEN,True
32347,2022,Marine LE PEN,Marine LE PEN,True
32348,2022,Emmanuel MACRON,François FILLON,False
32349,2022,Emmanuel MACRON,François FILLON,False
32350,2022,Marine LE PEN,Marine LE PEN,True
32351,2022,Marine LE PEN,Marine LE PEN,True
32352,2022,Emmanuel MACRON,Emmanuel MACRON,True
32353,2022,Marine LE PEN,Marine LE PEN,True
32354,2022,Marine LE PEN,Marine LE PEN,True
32355,2022,Emmanuel MACRON,Emmanuel MACRON,True
32356,2022,Emmanuel MACRON,François FILLON,False
32357,2022,Emmanuel MACRON,François FILLON,False
32358,2022,Marine LE PEN,Marine LE PEN,True
32359,2022,Marine LE PEN,Marine LE PEN,True
32360,2022,Emmanuel MACRON,François FILLON,False
32361,2022,Marine LE PEN,Marine LE PEN,True
32362,2022,Marine LE PEN,Marine LE PEN,True
32363,2022,Marine LE PEN,Marine LE PEN,True
32364,2022,Marine LE PEN,Marine LE PEN,True
32365,2022,Jean-Luc MÉLENCHON,François FILLON,False
32366,2022,Marine LE PEN,Marine LE PEN,True
32367,2022,Emmanuel MACRON,Emmanuel MACRON,True
32368,2022,Emmanuel MACRON,Emmanuel MACRON,True
32369,2022,Marine LE PEN,Marine LE PEN,True
32370,2022,Marine LE PEN,Marine LE PEN,True
32371,2022,Marine LE PEN,Marine LE PEN,True
32372,2022,Jean-Luc MÉLENCHON,François FILLON,False
32373,2022,Emmanuel MACRON,Emmanuel MACRON,True
32374,2022,Emmanuel MACRON,Emmanuel MACRON,True
32375,2022,Marine LE PEN,Marine LE PEN,True
32376,2022,Jean-Luc MÉLENCHON,Emmanuel MACRON,False
32377,2022,Marine LE PEN,Marine LE PEN,True
32378,2022,Emmanuel MACRON,François FILLON,False
32379,2022,Marine LE PEN,Marine LE PEN,True
32380,2022,Emmanuel MACRON,François FILLON,False
32381,2022,Jean-Luc MÉLENCHON,Emmanuel MACRON,False
32382,2022,Marine LE PEN,Marine LE PEN,True
32383,2022,Marine LE PEN,Marine LE PEN,True
32384,2022,Marine LE PEN,Marine LE PEN,True
32385,2022,Marine LE PEN,Marine LE PEN,True
32386,2022,Marine LE PEN,Marine LE PEN,True
32387,2022,Marine LE PEN,Marine LE PEN,True
32388,2022,Emmanuel MACRON,François FILLON,False
32389,2022,Emmanuel MACRON,François FILLON,False
32390,2022,Jean-Luc MÉLENCHON,Emmanuel MACRON,False
32391,2022,Marine LE PEN,Marine LE PEN,True
32392,2022,Jean-Luc MÉLENCHON,François FILLON,False
32393,2022,Emmanuel MACRON,Emmanuel MACRON,True
32394,2022,Marine LE PEN,Marine LE PEN,True
32395,2022,Jean-Luc MÉLENCHON,Emmanuel MACRON,False
32396,2022,Marine LE PEN,Marine LE PEN,True
32397,2022,Marine LE PEN,Marine LE PEN,True
32398,2022,Emmanuel MACRON,François FILLON,False
32399,2022,Emmanuel MACRON,François FILLON,False
32400,2022,Marine LE PEN,Marine LE PEN,True
32402,2022,Marine LE PEN,Marine LE PEN,True
32403,2022,Jean-Luc MÉLENCHON,François FILLON,False
32404,2022,Jean-Luc MÉLENCHON,François FILLON,False
32405,2022,Marine LE PEN,Marine LE PEN,True
32406,2022,Marine LE PEN,Marine LE PEN,True
32407,2022,Emmanuel MACRON,Emmanuel MACRON,True
32408,2022,Marine LE PEN,Marine LE PEN,True
32409,2022,Jean-Luc MÉLENCHON,Emmanuel MACRON,False
32410,2022,Marine LE PEN,Marine LE PEN,True
32411,2022,Emmanuel MACRON,Emmanuel MACRON,True
32412,2022,Marine LE PEN,Marine LE PEN,True
32413,2022,Marine LE PEN,Marine LE PEN,True
32414,2022,Marine LE PEN,Marine LE PEN,True
32415,2022,Jean-Luc MÉLENCHON,François FILLON,False
32417,2022,Marine LE PEN,Marine LE PEN,True
32418,2022,Jean-Luc MÉLENCHON,François FILLON,False
32419,2022,Marine LE PEN,Marine LE PEN,True
32420,2022,Jean-Luc MÉLENCHON,François FILLON,False
32421,2022,Jean-Luc MÉLENCHON,François FILLON,False
32422,2022,Marine LE PEN,Marine LE PEN,True
32423,2022,Marine LE PEN,Marine LE PEN,True
32424,2022,Marine LE PEN,Marine LE PEN,True
32425,2022,Marine LE PEN,Marine LE PEN,True
32426,2022,Marine LE PEN,Marine LE PEN,True
32427,2022,Marine LE PEN,Marine LE PEN,True
32428,2022,Marine LE PEN,Marine LE PEN,True
32429,2022,Marine LE PEN,Marine LE PEN,True
32430,2022,Emmanuel MACRON,François FILLON,False
32431,2022,Emmanuel MACRON,François FILLON,False
32432,2022,Marine LE PEN,Marine LE PEN,True
32433,2022,Marine LE PEN,Marine LE PEN,True
32434,2022,Marine LE PEN,Marine LE PEN,True
32436,2022,Marine LE PEN,Marine LE PEN,True
32437,2022,Emmanuel MACRON,François FILLON,False
32438,2022,Jean-Luc MÉLENCHON,François FILLON,False
32439,2022,Emmanuel MACRON,François FILLON,False
32440,2022,Jean-Luc MÉLENCHON,François FILLON,False
32441,2022,Jean-Luc MÉLENCHON,Emmanuel MACRON,False
32442,2022,Jean-Luc MÉLENCHON,François FILLON,False
32443,2022,Emmanuel MACRON,François FILLON,False
32444,2022,Marine LE PEN,Marine LE PEN,True
32445,2022,Marine LE PEN,Marine LE PEN,True
32446,2022,Jean-Luc MÉLENCHON,Emmanuel MACRON,False
32447,2022,Marine LE PEN,Marine LE PEN,True
32448,2022,Marine LE PEN,Marine LE PEN,True
32449,2022,Emmanuel MACRON,Emmanuel MACRON,True
32450,2022,Jean-Luc MÉLENCHON,François FILLON,False
32451,2022,Jean-Luc MÉLENCHON,François FILLON,False
32452,2022,Marine LE PEN,Marine LE PEN,True
32453,2022,Marine LE PEN,Marine LE PEN,True
32454,2022,Jean-Luc MÉLENCHON,François FILLON,False
32455,2022,Jean-Luc MÉLENCHON,François FILLON,False
32456,2022,Marine LE PEN,Marine LE PEN,True
32457,2022,Emmanuel MACRON,François FILLON,False
32458,2022,Marine LE PEN,Marine LE PEN,True
32459,2022,Marine LE PEN,Marine LE PEN,True
32460,2022,Marine LE PEN,Marine LE PEN,True
32461,2022,Marine LE PEN,Marine LE PEN,True
32462,2022,Marine LE PEN,Marine LE PEN,True
32463,2022,Marine LE PEN,Marine LE PEN,True
32464,2022,Marine LE PEN,Marine LE PEN,True
32465,2022,Marine LE PEN,Marine LE PEN,True
32466,2022,Marine LE PEN,Marine LE PEN,True
32467,2022,Marine LE PEN,Marine LE PEN,True
32468,2022,Marine LE PEN,Marine LE PEN,True
32469,2022,Marine LE PEN,Marine LE PEN,True
32470,2022,Emmanuel MACRON,François FILLON,False
32472,2022,Emmanuel MACRON,Emmanuel MACRON,True
32473,2022,Marine LE PEN,Marine LE PEN,True
32474,2022,Jean-Luc MÉLENCHON,François FILLON,False
32475,2022,Marine LE PEN,Marine LE PEN,True
32477,2022,Emmanuel MACRON,François FILLON,False
32478,2022,Jean-Luc MÉLENCHON,François FILLON,False
32479,2022,Emmanuel MACRON,François FILLON,False
32480,2022,Marine LE PEN,Marine LE PEN,True
32481,2022,Emmanuel MACRON,Emmanuel MACRON,True
32482,2022,Marine LE PEN,Marine LE PEN,True
32483,2022,Marine LE PEN,Marine LE PEN,True
32484,2022,Jean-Luc MÉLENCHON,François FILLON,False
32485,2022,Jean-Luc MÉLENCHON,François FILLON,False
32486,2022,Marine LE PEN,Marine LE PEN,True
32487,2022,Emmanuel MACRON,Emmanuel MACRON,True
32488,2022,Emmanuel MACRON,François FILLON,False
32489,2022,Marine LE PEN,Marine LE PEN,True
32490,2022,Marine LE PEN,Marine LE PEN,True
32491,2022,Jean-Luc MÉLENCHON,François FILLON,False
32492,2022,Marine LE PEN,Marine LE PEN,True
32493,2022,Emmanuel MACRON,Emmanuel MACRON,True
32494,2022,Jean-Luc MÉLENCHON,Emmanuel MACRON,False
32495,2022,Jean-Luc MÉLENCHON,François FILLON,False
32496,2022,Marine LE PEN,Marine LE PEN,True
32497,2022,Marine LE PEN,Marine LE PEN,True
32498,2022,Jean-Luc MÉLENCHON,François FILLON,False
32499,2022,Marine LE PEN,Marine LE PEN,True
32500,2022,Marine LE PEN,Marine LE PEN,True
32501,2022,Jean-Luc MÉLENCHON,François FILLON,False
32502,2022,Marine LE PEN,Marine LE PEN,True
32503,2022,Marine LE PEN,Marine LE PEN,True
32504,2022,Marine LE PEN,Marine LE PEN,True
32505,2022,Marine LE PEN,Marine LE PEN,True
32506,2022,Marine LE PEN,Marine LE PEN,True
32507,2022,Emmanuel MACRON,François FILLON,False
32508,2022,Marine LE PEN,Marine LE PEN,True
32509,2022,Emmanuel MACRON,Emmanuel MACRON,True
32510,2022,Marine LE PEN,Marine LE PEN,True
32511,2022,Marine LE PEN,Marine LE PEN,True
32512,2022,Marine LE PEN,Marine LE PEN,True
32513,2022,Marine LE PEN,Marine LE PEN,True
32514,2022,Marine LE PEN,Marine LE PEN,True
32515,2022,Jean-Luc MÉLENCHON,François FILLON,False
32516,2022,Marine LE PEN,Marine LE PEN,True
32517,2022,Marine LE PEN,Marine LE PEN,True
32518,2022,Marine LE PEN,Marine LE PEN,True
32519,2022,Marine LE PEN,Marine LE PEN,True
32520,2022,Marine LE PEN,Marine LE PEN,True
32521,2022,Marine LE PEN,Marine LE PEN,True
32522,2022,Emmanuel MACRON,François FILLON,False
32523,2022,Marine LE PEN,Marine LE PEN,True
32524,2022,Marine LE PEN,Marine LE PEN,True
32525,2022,Marine LE PEN,Marine LE PEN,True
32526,2022,Marine LE PEN,Marine LE PEN,True
32527,2022,Jean-Luc MÉLENCHON,Emmanuel MACRON,False
32528,2022,Marine LE PEN,Marine LE PEN,True
32529,2022,Marine LE PEN,Marine LE PEN,True
32530,2022,Emmanuel MACRON,François FILLON,False
32531,2022,Marine LE PEN,Marine LE PEN,True
32532,2022,Marine LE PEN,Marine LE PEN,True
32533,2022,Marine LE PEN,Marine LE PEN,True
32534,2022,Marine LE PEN,Marine LE PEN,True
32535,2022,Jean LASSALLE,François FILLON,False
32536,2022,Marine LE PEN,Marine LE PEN,True
32537,2022,Emmanuel MACRON,François FILLON,False
32538,2022,Marine LE PEN,Marine LE PEN,True
32539,2022,Marine LE PEN,Marine LE PEN,True
32540,2022,Marine LE PEN,Marine LE PEN,True
32541,2022,Marine LE PEN,Marine LE PEN,True
32542,2022,Jean-Luc MÉLENCHON,François FILLON,False
32543,2022,Marine LE PEN,Marine LE PEN,True
32544,2022,Marine LE PEN,Marine LE PEN,True
32545,2022,Marine LE PEN,Marine LE PEN,True
32546,2022,Marine LE PEN,Marine LE PEN,True
32547,2022,Marine LE PEN,Marine LE PEN,True
32548,2022,Emmanuel MACRON,François FILLON,False
32549,2022,Marine LE PEN,Marine LE PEN,True
32550,2022,Marine LE PEN,Marine LE PEN,True
32551,2022,Marine LE PEN,Marine LE PEN,True
32552,2022,Marine LE PEN,Marine LE PEN,True
32553,2022,Marine LE PEN,Marine LE PEN,True
32554,2022,Emmanuel MACRON,François FILLON,False
32555,2022,Marine LE PEN,Marine LE PEN,True
32556,2022,Marine LE PEN,Marine LE PEN,True
32557,2022,Jean-Luc MÉLENCHON,François FILLON,False
32558,2022,Marine LE PEN,Marine LE PEN,True
32559,2022,Marine LE PEN,Marine LE PEN,True
32560,2022,Marine LE PEN,Marine LE PEN,True
32561,2022,Marine LE PEN,Marine LE PEN,True
32562,2022,Jean-Luc MÉLENCHON,François FILLON,False
32563,2022,Marine LE PEN,Marine LE PEN,True
32564,2022,Marine LE PEN,Marine LE PEN,True
32565,2022,Marine LE PEN,Marine LE PEN,True
32566,2022,Marine LE PEN,Marine LE PEN,True
32567,2022,Marine LE PEN,Marine LE PEN,True
32569,2022,Marine LE PEN,Marine LE PEN,True
32570,2022,Jean-Luc MÉLENCHON,François FILLON,False
32571,2022,Jean-Luc MÉLENCHON,François FILLON,False
32572,2022,Emmanuel MACRON,François FILLON,False
32573,2022,Marine LE PEN,Marine LE PEN,True
32574,2022,Marine LE PEN,Marine LE PEN,True
32575,2022,Emmanuel MACRON,François FILLON,False
32576,2022,Marine LE PEN,Marine LE PEN,True
32577,2022,Marine LE PEN,Marine LE PEN,True
32578,2022,Marine LE PEN,Marine LE PEN,True
32579,2022,Emmanuel MACRON,François FILLON,False
32580,2022,Marine LE PEN,Marine LE PEN,True
32581,2022,Marine LE PEN,Marine LE PEN,True
32582,2022,Marine LE PEN,Marine LE PEN,True
32583,2022,Emmanuel MACRON,François FILLON,False
32584,2022,Marine LE PEN,Marine LE PEN,True
32585,2022,Emmanuel MACRON,François FILLON,False
32586,2022,Marine LE PEN,Marine LE PEN,True
32587,2022,Marine LE PEN,Marine LE PEN,True
32588,2022,Marine LE PEN,Marine LE PEN,True
32589,2022,Jean-Luc MÉLENCHON,François FILLON,False
32590,2022,Marine LE PEN,Marine LE PEN,True
32591,2022,Marine LE PEN,Marine LE PEN,True
32592,2022,Marine LE PEN,Marine LE PEN,True
32593,2022,Marine LE PEN,Marine LE PEN,True
32594,2022,Marine LE PEN,Marine LE PEN,True
32595,2022,Marine LE PEN,Marine LE PEN,True
32596,2022,Marine LE PEN,Marine LE PEN,True
32597,2022,Marine LE PEN,Marine LE PEN,True
32598,2022,Marine LE PEN,Marine LE PEN,True
32599,2022,Marine LE PEN,Marine LE PEN,True
32600,2022,Marine LE PEN,Marine LE PEN,True
32601,2022,Marine LE PEN,Marine LE PEN,True
32602,2022,Marine LE PEN,Marine LE PEN,True
32603,2022,Marine LE PEN,Marine LE PEN,True
32604,2022,Jean-Luc MÉLENCHON,François FILLON,False
32605,2022,Marine LE PEN,Marine LE PEN,True
32606,2022,Marine LE PEN,Marine LE PEN,True
32607,2022,Marine LE PEN,Marine LE PEN,True
32609,2022,Marine LE PEN,Marine LE PEN,True
32610,2022,Marine LE PEN,Marine LE PEN,True
32611,2022,Marine LE PEN,Marine LE PEN,True
32612,2022,Marine LE PEN,Marine LE PEN,True
32613,2022,Marine LE PEN,Marine LE PEN,True
32614,2022,Marine LE PEN,Marine LE PEN,True
32615,2022,Marine LE PEN,Marine LE PEN,True
32616,2022,Marine LE PEN,Marine LE PEN,True
32617,2022,Marine LE PEN,Marine LE PEN,True
32618,2022,Marine LE PEN,Marine LE PEN,True
32619,2022,Marine LE PEN,Marine LE PEN,True
32620,2022,Marine LE PEN,Marine LE PEN,True
32621,2022,Marine LE PEN,Marine LE PEN,True
32622,2022,Emmanuel MACRON,Emmanuel MACRON,True
32623,2022,Marine LE PEN,Marine LE PEN,True
32624,2022,Marine LE PEN,Marine LE PEN,True
32625,2022,Marine LE PEN,Marine LE PEN,True
32626,2022,Marine LE PEN,Marine LE PEN,True
32627,2022,Marine LE PEN,Marine LE PEN,True
32628,2022,Marine LE PEN,Marine LE PEN,True
32629,2022,Marine LE PEN,Marine LE PEN,True
32630,2022,Marine LE PEN,Marine LE PEN,True
32631,2022,Emmanuel MACRON,François FILLON,False
32632,2022,Marine LE PEN,Marine LE PEN,True
32633,2022,Jean-Luc MÉLENCHON,Emmanuel MACRON,False
32634,2022,Jean-Luc MÉLENCHON,François FILLON,False
32635,2022,Marine LE PEN,Marine LE PEN,True
32636,2022,Marine LE PEN,Marine LE PEN,True
32637,2022,Marine LE PEN,Marine LE PEN,True
32638,2022,Jean-Luc MÉLENCHON,Emmanuel MACRON,False
32639,2022,Marine LE PEN,Marine LE PEN,True
32640,2022,Marine LE PEN,Marine LE PEN,True
32641,2022,Marine LE PEN,Marine LE PEN,True
32642,2022,Marine LE PEN,Marine LE PEN,True
32643,2022,Marine LE PEN,Marine LE PEN,True
32644,2022,Marine LE PEN,Marine LE PEN,True
32645,2022,Marine LE PEN,Marine LE PEN,True
32646,2022,Marine LE PEN,Marine LE PEN,True
32647,2022,Marine LE PEN,Marine LE PEN,True
32648,2022,Marine LE PEN,Marine LE PEN,True
32649,2022,Marine LE PEN,Marine LE PEN,True
32650,2022,Marine LE PEN,Marine LE PEN,True
32651,2022,Marine LE PEN,Marine LE PEN,True
32652,2022,Emmanuel MACRON,François FILLON,False
32653,2022,Marine LE PEN,Marine LE PEN,True
32654,2022,Emmanuel MACRON,François FILLON,False
32655,2022,Emmanuel MACRON,François FILLON,False
32656,2022,Jean-Luc MÉLENCHON,Emmanuel MACRON,False
32657,2022,Marine LE PEN,Marine LE PEN,True
32658,2022,Emmanuel MACRON,François FILLON,False
32659,2022,Marine LE PEN,Marine LE PEN,True
32660,2022,Marine LE PEN,Marine LE PEN,True
32661,2022,Marine LE PEN,Marine LE PEN,True
32662,2022,Marine LE PEN,Marine LE PEN,True
32663,2022,Marine LE PEN,Marine LE PEN,True
32664,2022,Emmanuel MACRON,François FILLON,False
32665,2022,Emmanuel MACRON,François FILLON,False
32666,2022,Marine LE PEN,Marine LE PEN,True
32667,2022,Marine LE PEN,Marine LE PEN,True
32668,2022,Marine LE PEN,Marine LE PEN,True
32669,2022,Emmanuel MACRON,François FILLON,False
32670,2022,Marine LE PEN,Marine LE PEN,True
32671,2022,Marine LE PEN,Marine LE PEN,True
32672,2022,Marine LE PEN,Marine LE PEN,True
32673,2022,Jean-Luc MÉLENCHON,François FILLON,False
32674,2022,Marine LE PEN,Marine LE PEN,True
32675,2022,Marine LE PEN,Marine LE PEN,True
32676,2022,Emmanuel MACRON,François FILLON,False
32677,2022,Marine LE PEN,Marine LE PEN,True
32678,2022,Marine LE PEN,Marine LE PEN,True
32679,2022,Marine LE PEN,Marine LE PEN,True
32680,2022,Marine LE PEN,Marine LE PEN,True
32681,2022,Marine LE PEN,Marine LE PEN,True
32682,2022,Marine LE PEN,Marine LE PEN,True
32683,2022,Marine LE PEN,Marine LE PEN,True
32684,2022,Emmanuel MACRON,François FILLON,False
32685,2022,Marine LE PEN,Marine LE PEN,True
32686,2022,Marine LE PEN,Marine LE PEN,True
32687,2022,Marine LE PEN,Marine LE PEN,True
32688,2022,Jean-Luc MÉLENCHON,François FILLON,False
32689,2022,Marine LE PEN,Marine LE PEN,True
32690,2022,Marine LE PEN,Marine LE PEN,True
32691,2022,Marine LE PEN,Marine LE PEN,True
32692,2022,Jean-Luc MÉLENCHON,Emmanuel MACRON,False
32693,2022,Marine LE PEN,Marine LE PEN,True
32694,2022,Marine LE PEN,Marine LE PEN,True
32695,2022,Marine LE PEN,Marine LE PEN,True
32696,2022,Emmanuel MACRON,Emmanuel MACRON,True
32697,2022,Marine LE PEN,Marine LE PEN,True
32698,2022,Emmanuel MACRON,François FILLON,False
32699,2022,Marine LE PEN,Marine LE PEN,True
32700,2022,Marine LE PEN,Marine LE PEN,True
32701,2022,Marine LE PEN,Marine LE PEN,True
32702,2022,Marine LE PEN,Marine LE PEN,True
32703,2022,Marine LE PEN,Marine LE PEN,True
32704,2022,Marine LE PEN,Marine LE PEN,True
32705,2022,Emmanuel MACRON,François FILLON,False
32706,2022,Marine LE PEN,Marine LE PEN,True
32707,2022,Marine LE PEN,Marine LE PEN,True
32708,2022,Marine LE PEN,Marine LE PEN,True
32709,2022,Marine LE PEN,Marine LE PEN,True
32710,2022,Emmanuel MACRON,François FILLON,False
32711,2022,Jean-Luc MÉLENCHON,François FILLON,False
32712,2022,Marine LE PEN,Marine LE PEN,True
32713,2022,Marine LE PEN,Marine LE PEN,True
32714,2022,Marine LE PEN,Marine LE PEN,True
32715,2022,Marine LE PEN,Marine LE PEN,True
32716,2022,Marine LE PEN,Marine LE PEN,True
32717,2022,Marine LE PEN,Marine LE PEN,True
32718,2022,Emmanuel MACRON,François FILLON,False
32719,2022,Marine LE PEN,Marine LE PEN,True
32720,2022,Marine LE PEN,Marine LE PEN,True
32721,2022,Marine LE PEN,Marine LE PEN,True
32722,2022,Emmanuel MACRON,François FILLON,False
32723,2022,Marine LE PEN,Marine LE PEN,True
32724,2022,Marine LE PEN,Marine LE PEN,True
32725,2022,Marine LE PEN,Marine LE PEN,True
32726,2022,Marine LE PEN,Marine LE PEN,True
32727,2022,Marine LE PEN,Marine LE PEN,True
32728,2022,Marine LE PEN,Marine LE PEN,True
32729,2022,Emmanuel MACRON,Emmanuel MACRON,True
32730,2022,Marine LE PEN,Marine LE PEN,True
32731,2022,Marine LE PEN,Marine LE PEN,True
32732,2022,Marine LE PEN,Marine LE PEN,True
32733,2022,Jean-Luc MÉLENCHON,François FILLON,False
32734,2022,Jean-Luc MÉLENCHON,François FILLON,False
32735,2022,Marine LE PEN,Marine LE PEN,True
32736,2022,Marine LE PEN,Marine LE PEN,True
32737,2022,Marine LE PEN,Marine LE PEN,True
32738,2022,Emmanuel MACRON,François FILLON,False
32739,2022,Marine LE PEN,Marine LE PEN,True
32740,2022,Emmanuel MACRON,François FILLON,False
32741,2022,Emmanuel MACRON,François FILLON,False
32742,2022,Marine LE PEN,Marine LE PEN,True
32743,2022,Emmanuel MACRON,François FILLON,False
32744,2022,Marine LE PEN,Marine LE PEN,True
32745,2022,Marine LE PEN,Marine LE PEN,True
32746,2022,Marine LE PEN,Marine LE PEN,True
32747,2022,Marine LE PEN,Marine LE PEN,True
32748,2022,Marine LE PEN,Marine LE PEN,True
32749,2022,Marine LE PEN,Marine LE PEN,True
32750,2022,Marine LE PEN,Marine LE PEN,True
32751,2022,Marine LE PEN,Marine LE PEN,True
32752,2022,Marine LE PEN,Marine LE PEN,True
32753,2022,Marine LE PEN,Marine LE PEN,True
32754,2022,Marine LE PEN,Marine LE PEN,True
32755,2022,Marine LE PEN,Marine LE PEN,True
32756,2022,Marine LE PEN,Marine LE PEN,True
32757,2022,Marine LE PEN,Marine LE PEN,True
32758,2022,Emmanuel MACRON,Emmanuel MACRON,True
32759,2022,Marine LE PEN,Marine LE PEN,True
32760,2022,Marine LE PEN,Marine LE PEN,True
32761,2022,Marine LE PEN,Marine LE PEN,True
32762,2022,Marine LE PEN,Marine LE PEN,True
32763,2022,Emmanuel MACRON,François FILLON,False
32764,2022,Emmanuel MACRON,Emmanuel MACRON,True
32765,2022,Marine LE PEN,Marine LE PEN,True
32766,2022,Marine LE PEN,Marine LE PEN,True
32767,2022,Marine LE PEN,Marine LE PEN,True
32768,2022,Marine LE PEN,Marine LE PEN,True
32769,2022,Marine LE PEN,Marine LE PEN,True
32770,2022,Marine LE PEN,Marine LE PEN,True
32771,2022,Marine LE PEN,Marine LE PEN,True
32772,2022,Marine LE PEN,Marine LE PEN,True
32773,2022,Marine LE PEN,Marine LE PEN,True
32774,2022,Marine LE PEN,Marine LE PEN,True
32775,2022,Marine LE PEN,Marine LE PEN,True
32776,2022,Marine LE PEN,Marine LE PEN,True
32777,2022,Marine LE PEN,Marine LE PEN,True
32778,2022,Marine LE PEN,Marine LE PEN,True
32779,2022,Marine LE PEN,Marine LE PEN,True
32780,2022,Marine LE PEN,Marine LE PEN,True
32781,2022,Marine LE PEN,Marine LE PEN,True
32782,2022,Marine LE PEN,Marine LE PEN,True
32783,2022,Marine LE PEN,Marine LE PEN,True
32784,2022,Marine LE PEN,Marine LE PEN,True
32785,2022,Marine LE PEN,Marine LE PEN,True
32786,2022,Marine LE PEN,Marine LE PEN,True
32787,2022,Marine LE PEN,Marine LE PEN,True
32788,2022,Marine LE PEN,Marine LE PEN,True
32789,2022,Marine LE PEN,Marine LE PEN,True
32790,2022,Marine LE PEN,Marine LE PEN,True
32791,2022,Marine LE PEN,Marine LE PEN,True
32792,2022,Marine LE PEN,Marine LE PEN,True
32793,2022,Emmanuel MACRON,Emmanuel MACRON,True
32794,2022,Marine LE PEN,Marine LE PEN,True
32795,2022,Marine LE PEN,Marine LE PEN,True
32796,2022,Emmanuel MACRON,François FILLON,False
32797,2022,Marine LE PEN,Marine LE PEN,True
32798,2022,Marine LE PEN,Marine LE PEN,True
32799,2022,Marine LE PEN,Marine LE PEN,True
32800,2022,Emmanuel MACRON,François FILLON,False
32801,2022,Marine LE PEN,Marine LE PEN,True
32802,2022,Marine LE PEN,Marine LE PEN,True
32803,2022,Marine LE PEN,Marine LE PEN,True
32804,2022,Marine LE PEN,Marine LE PEN,True
32805,2022,Marine LE PEN,Marine LE PEN,True
32806,2022,Marine LE PEN,Marine LE PEN,True
32807,2022,Marine LE PEN,Marine LE PEN,True
32808,2022,Marine LE PEN,Marine LE PEN,True
32809,2022,Marine LE PEN,Marine LE PEN,True
32810,2022,Marine LE PEN,Marine LE PEN,True
32811,2022,Marine LE PEN,Marine LE PEN,True
32812,2022,Marine LE PEN,Marine LE PEN,True
32813,2022,Emmanuel MACRON,Emmanuel MACRON,True
32814,2022,Emmanuel MACRON,Jean-Luc MÉLENCHON,False
32815,2022,Marine LE PEN,Marine LE PEN,True
32816,2022,Marine LE PEN,Marine LE PEN,True
32817,2022,Marine LE PEN,Marine LE PEN,True
32818,2022,Emmanuel MACRON,François FILLON,False
32819,2022,Marine LE PEN,Marine LE PEN,True
32820,2022,Marine LE PEN,Marine LE PEN,True
32821,2022,Marine LE PEN,Marine LE PEN,True
32822,2022,Marine LE PEN,Marine LE PEN,True
32823,2022,Marine LE PEN,Marine LE PEN,True
32824,2022,Marine LE PEN,Marine LE PEN,True
32825,2022,Marine LE PEN,Marine LE PEN,True
32826,2022,Marine LE PEN,Marine LE PEN,True
32827,2022,Marine LE PEN,Marine LE PEN,True
32828,2022,Marine LE PEN,Marine LE PEN,True
32829,2022,Marine LE PEN,Marine LE PEN,True
32830,2022,Marine LE PEN,Marine LE PEN,True
32831,2022,Marine LE PEN,Marine LE PEN,True
32832,2022,Marine LE PEN,Marine LE PEN,True
32833,2022,Marine LE PEN,Marine LE PEN,True
32834,2022,Marine LE PEN,Marine LE PEN,True
32835,2022,Marine LE PEN,Marine LE PEN,True
32836,2022,Marine LE PEN,Marine LE PEN,True
32837,2022,Jean-Luc MÉLENCHON,François FILLON,False
32838,2022,Marine LE PEN,Marine LE PEN,True
32839,2022,Marine LE PEN,Marine LE PEN,True
32840,2022,Marine LE PEN,Marine LE PEN,True
32841,2022,Marine LE PEN,Marine LE PEN,True
32842,2022,Emmanuel MACRON,François FILLON,False
32843,2022,Marine LE PEN,Marine LE PEN,True
32844,2022,Marine LE PEN,Marine LE PEN,True
32845,2022,Marine LE PEN,Marine LE PEN,True
32846,2022,Marine LE PEN,Marine LE PEN,True
32847,2022,Emmanuel MACRON,François FILLON,False
32848,2022,Marine LE PEN,Marine LE PEN,True
32849,2022,Marine LE PEN,Marine LE PEN,True
32850,2022,Marine LE PEN,Marine LE PEN,True
32851,2022,Emmanuel MACRON,François FILLON,False
32852,2022,Jean-Luc MÉLENCHON,Jean-Luc MÉLENCHON,True
32853,2022,Marine LE PEN,Marine LE PEN,True
32854,2022,Marine LE PEN,Marine LE PEN,True
32855,2022,Jean-Luc MÉLENCHON,François FILLON,False
32856,2022,Jean-Luc MÉLENCHON,Jean-Luc MÉLENCHON,True
32858,2022,Marine LE PEN,Marine LE PEN,True
32859,2022,Emmanuel MACRON,François FILLON,False
32860,2022,Jean-Luc MÉLENCHON,François FILLON,False
32861,2022,Marine LE PEN,Marine LE PEN,True
32862,2022,Marine LE PEN,Marine LE PEN,True
32863,2022,Marine LE PEN,Marine LE PEN,True
32864,2022,Marine LE PEN,Marine LE PEN,True
32865,2022,Marine LE PEN,Marine LE PEN,True
32866,2022,Marine LE PEN,Marine LE PEN,True
32867,2022,Marine LE PEN,Marine LE PEN,True
32868,2022,Marine LE PEN,Marine LE PEN,True
32869,2022,Emmanuel MACRON,François FILLON,False
32870,2022,Jean-Luc MÉLENCHON,François FILLON,False
32871,2022,Marine LE PEN,Marine LE PEN,True
32872,2022,Emmanuel MACRON,François FILLON,False
32873,2022,Marine LE PEN,Marine LE PEN,True
32874,2022,Emmanuel MACRON,Emmanuel MACRON,True
32875,2022,Marine LE PEN,Marine LE PEN,True
32876,2022,Marine LE PEN,Marine LE PEN,True
32877,2022,Marine LE PEN,Marine LE PEN,True
32878,2022,Marine LE PEN,Marine LE PEN,True
32879,2022,Marine LE PEN,Marine LE PEN,True
32880,2022,Marine LE PEN,Marine LE PEN,True
32881,2022,Emmanuel MACRON,François FILLON,False
32882,2022,Emmanuel MACRON,François FILLON,False
32883,2022,Marine LE PEN,Marine LE PEN,True
32884,2022,Marine LE PEN,Marine LE PEN,True
32885,2022,Emmanuel MACRON,Emmanuel MACRON,True
32886,2022,Emmanuel MACRON,François FILLON,False
32887,2022,Marine LE PEN,Marine LE PEN,True
32888,2022,Marine LE PEN,Marine LE PEN,True
32889,2022,Marine LE PEN,Marine LE PEN,True
32890,2022,Marine LE PEN,Marine LE PEN,True
32891,2022,Emmanuel MACRON,François FILLON,False
32892,2022,Marine LE PEN,Marine LE PEN,True
32893,2022,Marine LE PEN,Marine LE PEN,True
32894,2022,Emmanuel MACRON,Emmanuel MACRON,True
32895,2022,Marine LE PEN,Marine LE PEN,True
32896,2022,Marine LE PEN,Marine LE PEN,True
32897,2022,Marine LE PEN,Marine LE PEN,True
32898,2022,Emmanuel MACRON,Emmanuel MACRON,True
32899,2022,Emmanuel MACRON,Emmanuel MACRON,True
32900,2022,Emmanuel MACRON,François FILLON,False
32901,2022,Marine LE PEN,Marine LE PEN,True
32902,2022,Marine LE PEN,Marine LE PEN,True
32903,2022,Marine LE PEN,Marine LE PEN,True
32904,2022,Marine LE PEN,Marine LE PEN,True
32905,2022,Marine LE PEN,Marine LE PEN,True
32906,2022,Emmanuel MACRON,François FILLON,False
32907,2022,Emmanuel MACRON,François FILLON,False
32910,2022,Marine LE PEN,Marine LE PEN,True
32911,2022,Emmanuel MACRON,Emmanuel MACRON,True
32912,2022,Marine LE PEN,Marine LE PEN,True
32913,2022,Marine LE PEN,Marine LE PEN,True
32914,2022,Marine LE PEN,Marine LE PEN,True
32915,2022,Marine LE PEN,Marine LE PEN,True
32916,2022,Marine LE PEN,Marine LE PEN,True
32917,2022,Emmanuel MACRON,François FILLON,False
32918,2022,Marine LE PEN,Marine LE PEN,True
32919,2022,Marine LE PEN,Marine LE PEN,True
32920,2022,Marine LE PEN,Marine LE PEN,True
32921,2022,Marine LE PEN,Marine LE PEN,True
32922,2022,Emmanuel MACRON,François FILLON,False
32923,2022,Marine LE PEN,Marine LE PEN,True
32924,2022,Marine LE PEN,Marine LE PEN,True
32925,2022,Marine LE PEN,Marine LE PEN,True
32926,2022,Marine LE PEN,Marine LE PEN,True
32927,2022,Marine LE PEN,Marine LE PEN,True
32928,2022,Emmanuel MACRON,François FILLON,False
32929,2022,Marine LE PEN,Marine LE PEN,True
32930,2022,Marine LE PEN,Marine LE PEN,True
32931,2022,Marine LE PEN,Marine LE PEN,True
32932,2022,Marine LE PEN,Marine LE PEN,True
32933,2022,Marine LE PEN,Marine LE PEN,True
32934,2022,Emmanuel MACRON,François FILLON,False
32935,2022,Emmanuel MACRON,Emmanuel MACRON,True
32936,2022,Marine LE PEN,Marine LE PEN,True
32937,2022,Marine LE PEN,Marine LE PEN,True
32938,2022,Emmanuel MACRON,Jean-Luc MÉLENCHON,False
32939,2022,Jean-Luc MÉLENCHON,François FILLON,False
32940,2022,Marine LE PEN,Marine LE PEN,True
32941,2022,Marine LE PEN,Marine LE PEN,True
32942,2022,Emmanuel MACRON,Emmanuel MACRON,True
32943,2022,Emmanuel MACRON,Emmanuel MACRON,True
32944,2022,Marine LE PEN,Marine LE PEN,True
32945,2022,Emmanuel MACRON,Emmanuel MACRON,True
32946,2022,Marine LE PEN,Marine LE PEN,True
32947,2022,Marine LE PEN,Marine LE PEN,True
32948,2022,Marine LE PEN,Marine LE PEN,True
32949,2022,Emmanuel MACRON,François FILLON,False
32950,2022,Emmanuel MACRON,Emmanuel MACRON,True
32951,2022,Emmanuel MACRON,François FILLON,False
32952,2022,Jean-Luc MÉLENCHON,François FILLON,False
32953,2022,Emmanuel MACRON,François FILLON,False
32954,2022,Marine LE PEN,Marine LE PEN,True
32955,2022,Marine LE PEN,Marine LE PEN,True
32956,2022,Marine LE PEN,Marine LE PEN,True
32957,2022,Marine LE PEN,Marine LE PEN,True
32958,2022,Marine LE PEN,Marine LE PEN,True
32959,2022,Emmanuel MACRON,François FILLON,False
32960,2022,Emmanuel MACRON,François FILLON,False
32961,2022,Jean-Luc MÉLENCHON,François FILLON,False
32962,2022,Marine LE PEN,Marine LE PEN,True
32963,2022,Marine LE PEN,Marine LE PEN,True
32964,2022,Marine LE PEN,Marine LE PEN,True
32965,2022,Marine LE PEN,Marine LE PEN,True
32966,2022,Marine LE PEN,Marine LE PEN,True
32967,2022,Marine LE PEN,Marine LE PEN,True
32968,2022,Marine LE PEN,Marine LE PEN,True
32969,2022,Marine LE PEN,Marine LE PEN,True
32970,2022,Marine LE PEN,Marine LE PEN,True
32971,2022,Marine LE PEN,Marine LE PEN,True
32972,2022,Marine LE PEN,Marine LE PEN,True
32973,2022,Emmanuel MACRON,François FILLON,False
32974,2022,Marine LE PEN,Marine LE PEN,True
32975,2022,Emmanuel MACRON,François FILLON,False
32976,2022,Marine LE PEN,Marine LE PEN,True
32977,2022,Jean-Luc MÉLENCHON,François FILLON,False
32978,2022,Marine LE PEN,Marine LE PEN,True
32979,2022,Emmanuel MACRON,François FILLON,False
32980,2022,Marine LE PEN,Marine LE PEN,True
32981,2022,Marine LE PEN,Marine LE PEN,True
32982,2022,Emmanuel MACRON,François FILLON,False
32983,2022,Marine LE PEN,Marine LE PEN,True
32984,2022,Marine LE PEN,Marine LE PEN,True
32985,2022,Marine LE PEN,Marine LE PEN,True
32986,2022,Emmanuel MACRON,Jean-Luc MÉLENCHON,False
32987,2022,Marine LE PEN,Marine LE PEN,True
32988,2022,Marine LE PEN,Marine LE PEN,True
32989,2022,Emmanuel MACRON,François FILLON,False
32990,2022,Marine LE PEN,Marine LE PEN,True
32991,2022,Marine LE PEN,Marine LE PEN,True
32992,2022,Emmanuel MACRON,François FILLON,False
32993,2022,Jean-Luc MÉLENCHON,Emmanuel MACRON,False
32994,2022,Marine LE PEN,Marine LE PEN,True
32995,2022,Emmanuel MACRON,François FILLON,False
32996,2022,Marine LE PEN,Marine LE PEN,True
32997,2022,Marine LE PEN,Marine LE PEN,True
32998,2022,Marine LE PEN,Marine LE PEN,True
32999,2022,Marine LE PEN,Marine LE PEN,True
33000,2022,Emmanuel MACRON,François FILLON,False
33001,2022,Emmanuel MACRON,François FILLON,False
33002,2022,Emmanuel MACRON,François FILLON,False
33003,2022,Emmanuel MACRON,François FILLON,False
33004,2022,Marine LE PEN,Marine LE PEN,True
33005,2022,Emmanuel MACRON,François FILLON,False
33006,2022,Marine LE PEN,Marine LE PEN,True
33007,2022,Emmanuel MACRON,François FILLON,False
33008,2022,Emmanuel MACRON,François FILLON,False
33009,2022,Marine LE PEN,Marine LE PEN,True
33010,2022,Emmanuel MACRON,François FILLON,False
33011,2022,Emmanuel MACRON,François FILLON,False
33012,2022,Emmanuel MACRON,François FILLON,False
33013,2022,Emmanuel MACRON,François FILLON,False
33014,2022,Emmanuel MACRON,François FILLON,False
33015,2022,Emmanuel MACRON,François FILLON,False
33016,2022,Emmanuel MACRON,François FILLON,False
33017,2022,Marine LE PEN,Marine LE PEN,True
33018,2022,Emmanuel MACRON,François FILLON,False
33019,2022,Emmanuel MACRON,François FILLON,False
33020,2022,Emmanuel MACRON,François FILLON,False
33021,2022,Marine LE PEN,Marine LE PEN,True
33022,2022,Marine LE PEN,Marine LE PEN,True
33023,2022,Marine LE PEN,Marine LE PEN,True
33024,2022,Emmanuel MACRON,François FILLON,False
33025,2022,Emmanuel MACRON,François FILLON,False
33027,2022,Emmanuel MACRON,François FILLON,False
33028,2022,Marine LE PEN,Marine LE PEN,True
33029,2022,Emmanuel MACRON,François FILLON,False
33030,2022,Marine LE PEN,Marine LE PEN,True
33031,2022,Emmanuel MACRON,François FILLON,False
33032,2022,Emmanuel MACRON,François FILLON,False
33033,2022,Marine LE PEN,Marine LE PEN,True
33034,2022,Emmanuel MACRON,François FILLON,False
33035,2022,Emmanuel MACRON,François FILLON,False
33036,2022,Emmanuel MACRON,François FILLON,False
33037,2022,Emmanuel MACRON,François FILLON,False
33038,2022,Emmanuel MACRON,François FILLON,False
33039,2022,Marine LE PEN,Marine LE PEN,True
33040,2022,Emmanuel MACRON,François FILLON,False
33041,2022,Emmanuel MACRON,François FILLON,False
33042,2022,Emmanuel MACRON,François FILLON,False
33044,2022,Marine LE PEN,Marine LE PEN,True
33045,2022,Marine LE PEN,Marine LE PEN,True
33046,2022,Emmanuel MACRON,François FILLON,False
33047,2022,Emmanuel MACRON,François FILLON,False
33048,2022,Marine LE PEN,Marine LE PEN,True
33049,2022,Emmanuel MACRON,François FILLON,False
33050,2022,Marine LE PEN,Marine LE PEN,True
33051,2022,Marine LE PEN,Marine LE PEN,True
33052,2022,Emmanuel MACRON,François FILLON,False
33054,2022,Emmanuel MACRON,François FILLON,False
33055,2022,Marine LE PEN,Marine LE PEN,True
33056,2022,Emmanuel MACRON,François FILLON,False
33057,2022,Emmanuel MACRON,François FILLON,False
33058,2022,Emmanuel MACRON,François FILLON,False
33059,2022,Emmanuel MACRON,François FILLON,False
33060,2022,Emmanuel MACRON,François FILLON,False
33061,2022,Marine LE PEN,Marine LE PEN,True
33062,2022,Emmanuel MACRON,François FILLON,False
33063,2022,Marine LE PEN,Marine LE PEN,True
33064,2022,Emmanuel MACRON,François FILLON,False
33065,2022,Emmanuel MACRON,François FILLON,False
33066,2022,Marine LE PEN,Marine LE PEN,True
33067,2022,Marine LE PEN,Marine LE PEN,True
33068,2022,Emmanuel MACRON,François FILLON,False
33069,2022,Emmanuel MACRON,François FILLON,False
33070,2022,Emmanuel MACRON,François FILLON,False
33071,2022,Emmanuel MACRON,François FILLON,False
33072,2022,Emmanuel MACRON,François FILLON,False
33073,2022,Marine LE PEN,Marine LE PEN,True
33074,2022,Emmanuel MACRON,François FILLON,False
33075,2022,Emmanuel MACRON,François FILLON,False
33076,2022,Emmanuel MACRON,François FILLON,False
33077,2022,Emmanuel MACRON,François FILLON,False
33078,2022,Emmanuel MACRON,François FILLON,False
33079,2022,Emmanuel MACRON,François FILLON,False
33080,2022,Emmanuel MACRON,François FILLON,False
33081,2022,Marine LE PEN,Marine LE PEN,True
33082,2022,Emmanuel MACRON,François FILLON,False
33083,2022,Emmanuel MACRON,François FILLON,False
33084,2022,Emmanuel MACRON,François FILLON,False
33085,2022,Marine LE PEN,Marine LE PEN,True
33086,2022,Emmanuel MACRON,François FILLON,False
33087,2022,Marine LE PEN,Marine LE PEN,True
33088,2022,Marine LE PEN,Marine LE PEN,True
33089,2022,Emmanuel MACRON,François FILLON,False
33090,2022,Marine LE PEN,Marine LE PEN,True
33091,2022,Marine LE PEN,Marine LE PEN,True
33092,2022,Emmanuel MACRON,François FILLON,False
33094,2022,Emmanuel MACRON,François FILLON,False
33095,2022,Emmanuel MACRON,François FILLON,False
33096,2022,Emmanuel MACRON,François FILLON,False
33097,2022,Marine LE PEN,Marine LE PEN,True
33098,2022,Emmanuel MACRON,François FILLON,False
33099,2022,Emmanuel MACRON,François FILLON,False
33100,2022,Emmanuel MACRON,François FILLON,False
33101,2022,Emmanuel MACRON,François FILLON,False
33102,2022,Marine LE PEN,Marine LE PEN,True
33103,2022,Marine LE PEN,Marine LE PEN,True
33104,2022,Emmanuel MACRON,François FILLON,False
33105,2022,Emmanuel MACRON,François FILLON,False
33106,2022,Emmanuel MACRON,François FILLON,False
33107,2022,Marine LE PEN,Marine LE PEN,True
33108,2022,Emmanuel MACRON,François FILLON,False
33109,2022,Marine LE PEN,Marine LE PEN,True
33110,2022,Emmanuel MACRON,François FILLON,False
33111,2022,Emmanuel MACRON,François FILLON,False
33112,2022,Emmanuel MACRON,François FILLON,False
33113,2022,Emmanuel MACRON,François FILLON,False
33114,2022,Emmanuel MACRON,François FILLON,False
33115,2022,Marine LE PEN,Marine LE PEN,True
33116,2022,Emmanuel MACRON,François FILLON,False
33117,2022,Emmanuel MACRON,François FILLON,False
33118,2022,Emmanuel MACRON,François FILLON,False
33119,2022,Emmanuel MACRON,François FILLON,False
33120,2022,Emmanuel MACRON,François FILLON,False
33121,2022,Marine LE PEN,Marine LE PEN,True
33122,2022,Emmanuel MACRON,François FILLON,False
33123,2022,Marine LE PEN,Marine LE PEN,True
33124,2022,Emmanuel MACRON,François FILLON,False
33125,2022,Emmanuel MACRON,François FILLON,False
33126,2022,Emmanuel MACRON,François FILLON,False
33127,2022,Marine LE PEN,Marine LE PEN,True
33128,2022,Emmanuel MACRON,François FILLON,False
33129,2022,Emmanuel MACRON,François FILLON,False
33130,2022,Emmanuel MACRON,Emmanuel MACRON,True
33131,2022,Emmanuel MACRON,François FILLON,False
33132,2022,Marine LE PEN,Marine LE PEN,True
33133,2022,Marine LE PEN,Marine LE PEN,True
33134,2022,Emmanuel MACRON,François FILLON,False
33135,2022,Emmanuel MACRON,François FILLON,False
33136,2022,Emmanuel MACRON,François FILLON,False
33137,2022,Emmanuel MACRON,François FILLON,False
33138,2022,Emmanuel MACRON,François FILLON,False
33139,2022,Emmanuel MACRON,François FILLON,False
33140,2022,Emmanuel MACRON,François FILLON,False
33141,2022,Marine LE PEN,Marine LE PEN,True
33142,2022,Marine LE PEN,Marine LE PEN,True
33143,2022,Emmanuel MACRON,François FILLON,False
33144,2022,Emmanuel MACRON,François FILLON,False
33145,2022,Emmanuel MACRON,François FILLON,False
33146,2022,Emmanuel MACRON,François FILLON,False
33147,2022,Emmanuel MACRON,François FILLON,False
33149,2022,Emmanuel MACRON,François FILLON,False
33151,2022,Emmanuel MACRON,François FILLON,False
33152,2022,Marine LE PEN,Marine LE PEN,True
33153,2022,Marine LE PEN,Marine LE PEN,True
33154,2022,Emmanuel MACRON,François FILLON,False
33155,2022,Emmanuel MACRON,François FILLON,False
33156,2022,Emmanuel MACRON,François FILLON,False
33157,2022,Marine LE PEN,Marine LE PEN,True
33158,2022,Emmanuel MACRON,François FILLON,False
33159,2022,Marine LE PEN,Marine LE PEN,True
33160,2022,Marine LE PEN,Marine LE PEN,True
33161,2022,Emmanuel MACRON,François FILLON,False
33162,2022,Emmanuel MACRON,François FILLON,False
33163,2022,Marine LE PEN,Marine LE PEN,True
33164,2022,Emmanuel MACRON,François FILLON,False
33165,2022,Emmanuel MACRON,François FILLON,False
33166,2022,Emmanuel MACRON,François FILLON,False
33167,2022,Emmanuel MACRON,François FILLON,False
33168,2022,Emmanuel MACRON,François FILLON,False
33169,2022,Emmanuel MACRON,Emmanuel MACRON,True
33170,2022,Emmanuel MACRON,Emmanuel MACRON,True
33171,2022,Jean-Luc MÉLENCHON,François FILLON,False
33172,2022,Emmanuel MACRON,Emmanuel MACRON,True
33173,2022,Emmanuel MACRON,François FILLON,False
33174,2022,Emmanuel MACRON,François FILLON,False
33175,2022,Emmanuel MACRON,François FILLON,False
33176,2022,Marine LE PEN,Marine LE PEN,True
33177,2022,Marine LE PEN,Marine LE PEN,True
33178,2022,Emmanuel MACRON,François FILLON,False
33179,2022,Emmanuel MACRON,François FILLON,False
33180,2022,Emmanuel MACRON,François FILLON,False
33181,2022,Emmanuel MACRON,François FILLON,False
33182,2022,Marine LE PEN,Marine LE PEN,True
33183,2022,Marine LE PEN,Marine LE PEN,True
33184,2022,Emmanuel MACRON,François FILLON,False
33185,2022,Marine LE PEN,Marine LE PEN,True
33186,2022,Marine LE PEN,Marine LE PEN,True
33187,2022,Emmanuel MACRON,François FILLON,False
33188,2022,Emmanuel MACRON,François FILLON,False
33189,2022,Marine LE PEN,Marine LE PEN,True
33190,2022,Emmanuel MACRON,François FILLON,False
33191,2022,Emmanuel MACRON,François FILLON,False
33193,2022,Emmanuel MACRON,François FILLON,False
33194,2022,Emmanuel MACRON,François FILLON,False
33195,2022,Emmanuel MACRON,François FILLON,False
33196,2022,Emmanuel MACRON,François FILLON,False
33197,2022,Emmanuel MACRON,François FILLON,False
33199,2022,Emmanuel MACRON,François FILLON,False
33200,2022,Emmanuel MACRON,François FILLON,False
33201,2022,Emmanuel MACRON,François FILLON,False
33202,2022,Marine LE PEN,Marine LE PEN,True
33203,2022,Emmanuel MACRON,François FILLON,False
33204,2022,Emmanuel MACRON,François FILLON,False
33205,2022,Emmanuel MACRON,François FILLON,False
33206,2022,Emmanuel MACRON,François FILLON,False
33207,2022,Marine LE PEN,Marine LE PEN,True
33208,2022,Emmanuel MACRON,François FILLON,False
33209,2022,Emmanuel MACRON,François FILLON,False
33210,2022,Emmanuel MACRON,François FILLON,False
33211,2022,Emmanuel MACRON,François FILLON,False
33212,2022,Emmanuel MACRON,François FILLON,False
33213,2022,Emmanuel MACRON,François FILLON,False
33214,2022,Marine LE PEN,Marine LE PEN,True
33215,2022,Marine LE PEN,Marine LE PEN,True
33216,2022,Emmanuel MACRON,François FILLON,False
33217,2022,Emmanuel MACRON,François FILLON,False
33218,2022,Marine LE PEN,Marine LE PEN,True
33219,2022,Emmanuel MACRON,François FILLON,False
33220,2022,Emmanuel MACRON,François FILLON,False
33221,2022,Emmanuel MACRON,François FILLON,False
33222,2022,Emmanuel MACRON,François FILLON,False
33223,2022,Marine LE PEN,Marine LE PEN,True
33224,2022,Emmanuel MACRON,François FILLON,False
33225,2022,Emmanuel MACRON,François FILLON,False
33226,2022,Marine LE PEN,Marine LE PEN,True
33227,2022,Emmanuel MACRON,François FILLON,False
33228,2022,Emmanuel MACRON,François FILLON,False
33229,2022,Emmanuel MACRON,François FILLON,False
33230,2022,Emmanuel MACRON,François FILLON,False
33231,2022,Emmanuel MACRON,François FILLON,False
33232,2022,Marine LE PEN,Marine LE PEN,True
33233,2022,Marine LE PEN,Marine LE PEN,True
33234,2022,Emmanuel MACRON,François FILLON,False
33235,2022,Emmanuel MACRON,François FILLON,False
33236,2022,Marine LE PEN,Marine LE PEN,True
33237,2022,Marine LE PEN,Marine LE PEN,True
33238,2022,Emmanuel MACRON,François FILLON,False
33239,2022,Emmanuel MACRON,François FILLON,False
33240,2022,Emmanuel MACRON,François FILLON,False
33241,2022,Emmanuel MACRON,François FILLON,False
33242,2022,Emmanuel MACRON,François FILLON,False
33243,2022,Emmanuel MACRON,François FILLON,False
33244,2022,Emmanuel MACRON,François FILLON,False
33245,2022,Emmanuel MACRON,François FILLON,False
33246,2022,Marine LE PEN,Marine LE PEN,True
33247,2022,Emmanuel MACRON,François FILLON,False
33248,2022,Emmanuel MACRON,François FILLON,False
33249,2022,Emmanuel MACRON,François FILLON,False
33250,2022,Marine LE PEN,Marine LE PEN,True
33251,2022,Emmanuel MACRON,François FILLON,False
33252,2022,Emmanuel MACRON,François FILLON,False
33253,2022,Emmanuel MACRON,François FILLON,False
33254,2022,Emmanuel MACRON,François FILLON,False
33255,2022,Emmanuel MACRON,François FILLON,False
33256,2022,Emmanuel MACRON,François FILLON,False
33257,2022,Marine LE PEN,Marine LE PEN,True
33258,2022,Marine LE PEN,Marine LE PEN,True
33260,2022,Emmanuel MACRON,François FILLON,False
33261,2022,Emmanuel MACRON,François FILLON,False
33262,2022,Emmanuel MACRON,François FILLON,False
33263,2022,Emmanuel MACRON,François FILLON,False
33264,2022,Marine LE PEN,Marine LE PEN,True
33265,2022,Emmanuel MACRON,François FILLON,False
33266,2022,Emmanuel MACRON,François FILLON,False
33268,2022,Emmanuel MACRON,François FILLON,False
33269,2022,Marine LE PEN,Marine LE PEN,True
33270,2022,Emmanuel MACRON,François FILLON,False
33271,2022,Emmanuel MACRON,François FILLON,False
33272,2022,Marine LE PEN,Marine LE PEN,True
33273,2022,Emmanuel MACRON,François FILLON,False
33274,2022,Emmanuel MACRON,François FILLON,False
33275,2022,Marine LE PEN,Marine LE PEN,True
33276,2022,Marine LE PEN,Marine LE PEN,True
33277,2022,Emmanuel MACRON,Emmanuel MACRON,True
33278,2022,Marine LE PEN,Marine LE PEN,True
33279,2022,Marine LE PEN,Marine LE PEN,True
33280,2022,Emmanuel MACRON,François FILLON,False
33281,2022,Emmanuel MACRON,François FILLON,False
33282,2022,Marine LE PEN,Marine LE PEN,True
33283,2022,Emmanuel MACRON,Emmanuel MACRON,True
33284,2022,Marine LE PEN,Marine LE PEN,True
33285,2022,Marine LE PEN,Marine LE PEN,True
33286,2022,Emmanuel MACRON,François FILLON,False
33287,2022,Marine LE PEN,Marine LE PEN,True
33289,2022,Emmanuel MACRON,François FILLON,False
33290,2022,Marine LE PEN,Marine LE PEN,True
33291,2022,Jean-Luc MÉLENCHON,François FILLON,False
33292,2022,Marine LE PEN,Marine LE PEN,True
33293,2022,Marine LE PEN,Marine LE PEN,True
33294,2022,Emmanuel MACRON,Emmanuel MACRON,True
33295,2022,Emmanuel MACRON,Emmanuel MACRON,True
33296,2022,Emmanuel MACRON,François FILLON,False
33297,2022,Emmanuel MACRON,François FILLON,False
33298,2022,Emmanuel MACRON,François FILLON,False
33299,2022,Marine LE PEN,Marine LE PEN,True
33300,2022,Emmanuel MACRON,François FILLON,False
33301,2022,Marine LE PEN,Marine LE PEN,True
33302,2022,Marine LE PEN,Marine LE PEN,True
33303,2022,Marine LE PEN,Marine LE PEN,True
33304,2022,Marine LE PEN,Marine LE PEN,True
33305,2022,Marine LE PEN,Marine LE PEN,True
33306,2022,Emmanuel MACRON,Emmanuel MACRON,True
33307,2022,Marine LE PEN,Marine LE PEN,True
33309,2022,Marine LE PEN,Marine LE PEN,True
33310,2022,Emmanuel MACRON,François FILLON,False
33311,2022,Marine LE PEN,Marine LE PEN,True
33312,2022,Marine LE PEN,Marine LE PEN,True
33313,2022,Marine LE PEN,Marine LE PEN,True
33314,2022,Marine LE PEN,Marine LE PEN,True
33315,2022,Emmanuel MACRON,François FILLON,False
33316,2022,Marine LE PEN,Marine LE PEN,True
33317,2022,Emmanuel MACRON,François FILLON,False
33318,2022,Emmanuel MACRON,François FILLON,False
33319,2022,Marine LE PEN,Marine LE PEN,True
33320,2022,Marine LE PEN,Marine LE PEN,True
33322,2022,Emmanuel MACRON,Emmanuel MACRON,True
33323,2022,Marine LE PEN,Marine LE PEN,True
33324,2022,Emmanuel MACRON,François FILLON,False
33325,2022,Emmanuel MACRON,François FILLON,False
33326,2022,Emmanuel MACRON,François FILLON,False
33327,2022,Emmanuel MACRON,François FILLON,False
33328,2022,Emmanuel MACRON,François FILLON,False
33329,2022,Emmanuel MACRON,Emmanuel MACRON,True
33331,2022,Marine LE PEN,Marine LE PEN,True
33332,2022,Marine LE PEN,Marine LE PEN,True
33333,2022,Emmanuel MACRON,François FILLON,False
33334,2022,Marine LE PEN,Marine LE PEN,True
33335,2022,Marine LE PEN,Marine LE PEN,True
33336,2022,Marine LE PEN,Marine LE PEN,True
33337,2022,Marine LE PEN,Marine LE PEN,True
33338,2022,Emmanuel MACRON,Emmanuel MACRON,True
33339,2022,Marine LE PEN,Marine LE PEN,True
33340,2022,Emmanuel MACRON,François FILLON,False
33341,2022,Marine LE PEN,Marine LE PEN,True
33342,2022,Emmanuel MACRON,François FILLON,False
33343,2022,Emmanuel MACRON,François FILLON,False
33344,2022,Marine LE PEN,Marine LE PEN,True
33345,2022,Marine LE PEN,Marine LE PEN,True
33346,2022,Marine LE PEN,Marine LE PEN,True
33347,2022,Emmanuel MACRON,François FILLON,False
33348,2022,Marine LE PEN,Marine LE PEN,True
33349,2022,Emmanuel MACRON,François FILLON,False
33350,2022,Emmanuel MACRON,Emmanuel MACRON,True
33351,2022,Marine LE PEN,Marine LE PEN,True
33352,2022,Marine LE PEN,Marine LE PEN,True
33353,2022,Marine LE PEN,Marine LE PEN,True
33354,2022,Marine LE PEN,Marine LE PEN,True
33355,2022,Marine LE PEN,Marine LE PEN,True
33356,2022,Emmanuel MACRON,François FILLON,False
33357,2022,Emmanuel MACRON,François FILLON,False
33358,2022,Marine LE PEN,Marine LE PEN,True
33359,2022,Marine LE PEN,Marine LE PEN,True
33360,2022,Marine LE PEN,Marine LE PEN,True
33361,2022,Emmanuel MACRON,François FILLON,False
33362,2022,Emmanuel MACRON,Emmanuel MACRON,True
33363,2022,Emmanuel MACRON,François FILLON,False
33364,2022,Emmanuel MACRON,François FILLON,False
33365,2022,Marine LE PEN,Marine LE PEN,True
33366,2022,Emmanuel MACRON,Emmanuel MACRON,True
33367,2022,Emmanuel MACRON,François FILLON,False
33368,2022,Marine LE PEN,Marine LE PEN,True
33369,2022,Emmanuel MACRON,François FILLON,False
33370,2022,Marine LE PEN,Marine LE PEN,True
33371,2022,Marine LE PEN,Marine LE PEN,True
33372,2022,Marine LE PEN,Marine LE PEN,True
33373,2022,Emmanuel MACRON,François FILLON,False
33374,2022,Emmanuel MACRON,Emmanuel MACRON,True
33375,2022,Emmanuel MACRON,François FILLON,False
33376,2022,Emmanuel MACRON,Emmanuel MACRON,True
33377,2022,Emmanuel MACRON,Emmanuel MACRON,True
33378,2022,Marine LE PEN,Marine LE PEN,True
33379,2022,Marine LE PEN,Marine LE PEN,True
33380,2022,Marine LE PEN,Marine LE PEN,True
33381,2022,Emmanuel MACRON,François FILLON,False
33382,2022,Marine LE PEN,Marine LE PEN,True
33383,2022,Emmanuel MACRON,François FILLON,False
33384,2022,Marine LE PEN,Marine LE PEN,True
33385,2022,Emmanuel MACRON,Emmanuel MACRON,True
33386,2022,Marine LE PEN,Marine LE PEN,True
33387,2022,Marine LE PEN,Marine LE PEN,True
33388,2022,Marine LE PEN,Marine LE PEN,True
33389,2022,Marine LE PEN,Marine LE PEN,True
33390,2022,Marine LE PEN,Marine LE PEN,True
33391,2022,Marine LE PEN,Marine LE PEN,True
33392,2022,Marine LE PEN,Marine LE PEN,True
33393,2022,Marine LE PEN,Marine LE PEN,True
33394,2022,Emmanuel MACRON,François FILLON,False
33395,2022,Marine LE PEN,Marine LE PEN,True
33396,2022,Emmanuel MACRON,Emmanuel MACRON,True
33397,2022,Emmanuel MACRON,François FILLON,False
33398,2022,Marine LE PEN,Marine LE PEN,True
33399,2022,Emmanuel MACRON,François FILLON,False
33400,2022,Emmanuel MACRON,François FILLON,False
33401,2022,Marine LE PEN,Marine LE PEN,True
33402,2022,Marine LE PEN,Marine LE PEN,True
33403,2022,Marine LE PEN,Marine LE PEN,True
33404,2022,Marine LE PEN,Marine LE PEN,True
33405,2022,Marine LE PEN,Marine LE PEN,True
33406,2022,Emmanuel MACRON,François FILLON,False
33407,2022,Emmanuel MACRON,François FILLON,False
33408,2022,Emmanuel MACRON,François FILLON,False
33409,2022,Marine LE PEN,Marine LE PEN,True
33410,2022,Marine LE PEN,Marine LE PEN,True
33411,2022,Marine LE PEN,Marine LE PEN,True
33412,2022,Marine LE PEN,Marine LE PEN,True
33413,2022,Emmanuel MACRON,François FILLON,False
33414,2022,Marine LE PEN,Marine LE PEN,True
33415,2022,Marine LE PEN,Marine LE PEN,True
33416,2022,Emmanuel MACRON,François FILLON,False
33417,2022,Emmanuel MACRON,Emmanuel MACRON,True
33418,2022,Marine LE PEN,Marine LE PEN,True
33419,2022,Marine LE PEN,Marine LE PEN,True
33420,2022,Marine LE PEN,Marine LE PEN,True
33421,2022,Emmanuel MACRON,François FILLON,False
33422,2022,Emmanuel MACRON,Emmanuel MACRON,True
33423,2022,Emmanuel MACRON,François FILLON,False
33424,2022,Emmanuel MACRON,François FILLON,False
33426,2022,Marine LE PEN,Marine LE PEN,True
33427,2022,Marine LE PEN,Marine LE PEN,True
33428,2022,Marine LE PEN,Marine LE PEN,True
33429,2022,Marine LE PEN,Marine LE PEN,True
33430,2022,Emmanuel MACRON,François FILLON,False
33431,2022,Marine LE PEN,Marine LE PEN,True
33432,2022,Marine LE PEN,Marine LE PEN,True
33433,2022,Marine LE PEN,Marine LE PEN,True
33434,2022,Jean-Luc MÉLENCHON,François FILLON,False
33435,2022,Emmanuel MACRON,François FILLON,False
33436,2022,Emmanuel MACRON,Emmanuel MACRON,True
33437,2022,Emmanuel MACRON,Emmanuel MACRON,True
33438,2022,Emmanuel MACRON,François FILLON,False
33439,2022,Marine LE PEN,Marine LE PEN,True
33440,2022,Marine LE PEN,Marine LE PEN,True
33441,2022,Marine LE PEN,Marine LE PEN,True
33442,2022,Marine LE PEN,Marine LE PEN,True
33443,2022,Marine LE PEN,Marine LE PEN,True
33445,2022,Emmanuel MACRON,François FILLON,False
33446,2022,Marine LE PEN,Marine LE PEN,True
33447,2022,Emmanuel MACRON,François FILLON,False
33448,2022,Emmanuel MACRON,François FILLON,False
33449,2022,Emmanuel MACRON,François FILLON,False
33450,2022,Jean-Luc MÉLENCHON,Emmanuel MACRON,False
33451,2022,Marine LE PEN,Marine LE PEN,True
33452,2022,Marine LE PEN,Marine LE PEN,True
33453,2022,Marine LE PEN,Marine LE PEN,True
33454,2022,Emmanuel MACRON,Emmanuel MACRON,True
33455,2022,Marine LE PEN,Marine LE PEN,True
33456,2022,Marine LE PEN,Marine LE PEN,True
33457,2022,Emmanuel MACRON,François FILLON,False
33458,2022,Emmanuel MACRON,François FILLON,False
33459,2022,Emmanuel MACRON,Emmanuel MACRON,True
33460,2022,Emmanuel MACRON,Emmanuel MACRON,True
33461,2022,Marine LE PEN,Marine LE PEN,True
33462,2022,Emmanuel MACRON,François FILLON,False
33463,2022,Emmanuel MACRON,Emmanuel MACRON,True
33464,2022,Marine LE PEN,Marine LE PEN,True
33465,2022,Marine LE PEN,Marine LE PEN,True
33466,2022,Emmanuel MACRON,François FILLON,False
33467,2022,Emmanuel MACRON,Emmanuel MACRON,True
33468,2022,Marine LE PEN,Marine LE PEN,True
33469,2022,Marine LE PEN,Marine LE PEN,True
33470,2022,Emmanuel MACRON,François FILLON,False
33471,2022,Marine LE PEN,Marine LE PEN,True
33472,2022,Emmanuel MACRON,Emmanuel MACRON,True
33473,2022,Marine LE PEN,Marine LE PEN,True
33474,2022,Marine LE PEN,Marine LE PEN,True
33475,2022,Marine LE PEN,Marine LE PEN,True
33476,2022,Emmanuel MACRON,Emmanuel MACRON,True
33477,2022,Marine LE PEN,Marine LE PEN,True
33478,2022,Emmanuel MACRON,François FILLON,False
33479,2022,Marine LE PEN,Marine LE PEN,True
33480,2022,Marine LE PEN,Marine LE PEN,True
33481,2022,Marine LE PEN,Marine LE PEN,True
33482,2022,Emmanuel MACRON,François FILLON,False
33483,2022,Emmanuel MACRON,François FILLON,False
33484,2022,Emmanuel MACRON,François FILLON,False
33485,2022,Emmanuel MACRON,François FILLON,False
33486,2022,Marine LE PEN,Marine LE PEN,True
33487,2022,Marine LE PEN,Marine LE PEN,True
33488,2022,Marine LE PEN,Marine LE PEN,True
33489,2022,Marine LE PEN,Marine LE PEN,True
33490,2022,Emmanuel MACRON,François FILLON,False
33491,2022,Marine LE PEN,Marine LE PEN,True
33492,2022,Marine LE PEN,Marine LE PEN,True
33493,2022,Marine LE PEN,Marine LE PEN,True
33494,2022,Marine LE PEN,Marine LE PEN,True
33495,2022,Marine LE PEN,Marine LE PEN,True
33496,2022,Marine LE PEN,Marine LE PEN,True
33497,2022,Marine LE PEN,Marine LE PEN,True
33498,2022,Emmanuel MACRON,François FILLON,False
33499,2022,Emmanuel MACRON,François FILLON,False
33500,2022,Emmanuel MACRON,François FILLON,False
33501,2022,Emmanuel MACRON,François FILLON,False
33502,2022,Marine LE PEN,Marine LE PEN,True
33503,2022,Marine LE PEN,Marine LE PEN,True
33504,2022,Marine LE PEN,Marine LE PEN,True
33505,2022,Emmanuel MACRON,Emmanuel MACRON,True
33506,2022,Marine LE PEN,Marine LE PEN,True
33507,2022,Emmanuel MACRON,Emmanuel MACRON,True
33508,2022,Emmanuel MACRON,François FILLON,False
33509,2022,Marine LE PEN,Marine LE PEN,True
33510,2022,Marine LE PEN,Marine LE PEN,True
33511,2022,Emmanuel MACRON,François FILLON,False
33512,2022,Marine LE PEN,Marine LE PEN,True
33513,2022,Marine LE PEN,Marine LE PEN,True
33514,2022,Marine LE PEN,Marine LE PEN,True
33515,2022,Marine LE PEN,Marine LE PEN,True
33516,2022,Emmanuel MACRON,François FILLON,False
33517,2022,Marine LE PEN,Marine LE PEN,True
33518,2022,Marine LE PEN,Marine LE PEN,True
33519,2022,Emmanuel MACRON,François FILLON,False
33522,2022,Marine LE PEN,Marine LE PEN,True
33523,2022,Marine LE PEN,Marine LE PEN,True
33524,2022,Marine LE PEN,Marine LE PEN,True
33525,2022,Marine LE PEN,Marine LE PEN,True
33526,2022,Marine LE PEN,Marine LE PEN,True
33527,2022,Marine LE PEN,Marine LE PEN,True
33528,2022,Marine LE PEN,Marine LE PEN,True
33529,2022,Emmanuel MACRON,François FILLON,False
33530,2022,Emmanuel MACRON,François FILLON,False
33531,2022,Emmanuel MACRON,François FILLON,False
33532,2022,Emmanuel MACRON,Emmanuel MACRON,True
33533,2022,Emmanuel MACRON,Emmanuel MACRON,True
33534,2022,Emmanuel MACRON,François FILLON,False
33535,2022,Emmanuel MACRON,François FILLON,False
33536,2022,Emmanuel MACRON,François FILLON,False
33537,2022,Emmanuel MACRON,François FILLON,False
33538,2022,Emmanuel MACRON,Emmanuel MACRON,True
33539,2022,Marine LE PEN,Marine LE PEN,True
33540,2022,Emmanuel MACRON,François FILLON,False
33541,2022,Emmanuel MACRON,François FILLON,False
33542,2022,Emmanuel MACRON,Emmanuel MACRON,True
33543,2022,Marine LE PEN,Marine LE PEN,True
33544,2022,Marine LE PEN,Marine LE PEN,True
33545,2022,Emmanuel MACRON,François FILLON,False
33546,2022,Emmanuel MACRON,Emmanuel MACRON,True
33547,2022,Marine LE PEN,Marine LE PEN,True
33548,2022,Marine LE PEN,Marine LE PEN,True
33549,2022,Emmanuel MACRON,François FILLON,False
33550,2022,Jean-Luc MÉLENCHON,Emmanuel MACRON,False
33551,2022,Emmanuel MACRON,François FILLON,False
33552,2022,Marine LE PEN,Marine LE PEN,True
33553,2022,Emmanuel MACRON,François FILLON,False
33554,2022,Emmanuel MACRON,François FILLON,False
33555,2022,Emmanuel MACRON,Emmanuel MACRON,True
33556,2022,Jean-Luc MÉLENCHON,François FILLON,False
33557,2022,Marine LE PEN,Marine LE PEN,True
33558,2022,Jean-Luc MÉLENCHON,François FILLON,False
33559,2022,Emmanuel MACRON,Emmanuel MACRON,True
33560,2022,Marine LE PEN,Marine LE PEN,True
33561,2022,Emmanuel MACRON,Emmanuel MACRON,True
33562,2022,Jean-Luc MÉLENCHON,François FILLON,False
33563,2022,Jean-Luc MÉLENCHON,François FILLON,False
33564,2022,Emmanuel MACRON,François FILLON,False
33565,2022,Marine LE PEN,Marine LE PEN,True
33566,2022,Marine LE PEN,Marine LE PEN,True
33567,2022,Marine LE PEN,Marine LE PEN,True
33568,2022,Emmanuel MACRON,François FILLON,False
33569,2022,Marine LE PEN,Marine LE PEN,True
33570,2022,Marine LE PEN,Marine LE PEN,True
33571,2022,Emmanuel MACRON,François FILLON,False
33572,2022,Marine LE PEN,Marine LE PEN,True
33573,2022,Marine LE PEN,Marine LE PEN,True
33574,2022,Marine LE PEN,Marine LE PEN,True
33575,2022,Marine LE PEN,Marine LE PEN,True
33576,2022,Marine LE PEN,Marine LE PEN,True
33577,2022,Emmanuel MACRON,Emmanuel MACRON,True
33578,2022,Jean-Luc MÉLENCHON,François FILLON,False
33579,2022,Marine LE PEN,Marine LE PEN,True
33580,2022,Marine LE PEN,Marine LE PEN,True
33581,2022,Marine LE PEN,Marine LE PEN,True
33582,2022,Jean-Luc MÉLENCHON,François FILLON,False
33583,2022,Emmanuel MACRON,François FILLON,False
33584,2022,Marine LE PEN,Marine LE PEN,True
33585,2022,Marine LE PEN,Marine LE PEN,True
33586,2022,Marine LE PEN,Marine LE PEN,True
33587,2022,Emmanuel MACRON,Emmanuel MACRON,True
33588,2022,Marine LE PEN,Marine LE PEN,True
33589,2022,Emmanuel MACRON,Emmanuel MACRON,True
33590,2022,Marine LE PEN,Marine LE PEN,True
33591,2022,Emmanuel MACRON,François FILLON,False
33592,2022,Marine LE PEN,Marine LE PEN,True
33593,2022,Emmanuel MACRON,François FILLON,False
33595,2022,Emmanuel MACRON,François FILLON,False
33596,2022,Marine LE PEN,Marine LE PEN,True
33597,2022,Emmanuel MACRON,François FILLON,False
33598,2022,Emmanuel MACRON,François FILLON,False
33599,2022,Emmanuel MACRON,François FILLON,False
33600,2022,Marine LE PEN,Marine LE PEN,True
33601,2022,Marine LE PEN,Marine LE PEN,True
33602,2022,Emmanuel MACRON,Emmanuel MACRON,True
33603,2022,Jean-Luc MÉLENCHON,François FILLON,False
33604,2022,Emmanuel MACRON,Emmanuel MACRON,True
33605,2022,Marine LE PEN,Marine LE PEN,True
33606,2022,Emmanuel MACRON,François FILLON,False
33607,2022,Marine LE PEN,Marine LE PEN,True
33608,2022,Marine LE PEN,Marine LE PEN,True
33609,2022,Marine LE PEN,Marine LE PEN,True
33610,2022,Marine LE PEN,Marine LE PEN,True
33611,2022,Marine LE PEN,Marine LE PEN,True
33612,2022,Marine LE PEN,Marine LE PEN,True
33613,2022,Marine LE PEN,Marine LE PEN,True
33614,2022,Emmanuel MACRON,Emmanuel MACRON,True
33615,2022,Jean-Luc MÉLENCHON,François FILLON,False
33616,2022,Emmanuel MACRON,François FILLON,False
33617,2022,Emmanuel MACRON,François FILLON,False
33618,2022,Marine LE PEN,Marine LE PEN,True
33619,2022,Marine LE PEN,Marine LE PEN,True
33620,2022,Emmanuel MACRON,Emmanuel MACRON,True
33621,2022,Emmanuel MACRON,François FILLON,False
33622,2022,Marine LE PEN,Marine LE PEN,True
33623,2022,Marine LE PEN,Marine LE PEN,True
33624,2022,Emmanuel MACRON,Emmanuel MACRON,True
33625,2022,Marine LE PEN,Marine LE PEN,True
33626,2022,Marine LE PEN,Marine LE PEN,True
33627,2022,Marine LE PEN,Marine LE PEN,True
33628,2022,Emmanuel MACRON,François FILLON,False
33629,2022,Marine LE PEN,Marine LE PEN,True
33630,2022,Marine LE PEN,Marine LE PEN,True
33631,2022,Jean-Luc MÉLENCHON,François FILLON,False
33632,2022,Jean-Luc MÉLENCHON,Emmanuel MACRON,False
33633,2022,Marine LE PEN,Marine LE PEN,True
33634,2022,Marine LE PEN,Marine LE PEN,True
33635,2022,Marine LE PEN,Marine LE PEN,True
33636,2022,Marine LE PEN,Marine LE PEN,True
33637,2022,Marine LE PEN,Marine LE PEN,True
33638,2022,Jean-Luc MÉLENCHON,François FILLON,False
33639,2022,Jean-Luc MÉLENCHON,François FILLON,False
33640,2022,Marine LE PEN,Marine LE PEN,True
33641,2022,Jean-Luc MÉLENCHON,François FILLON,False
33642,2022,Jean-Luc MÉLENCHON,François FILLON,False
33643,2022,Emmanuel MACRON,Emmanuel MACRON,True
33644,2022,Emmanuel MACRON,Emmanuel MACRON,True
33645,2022,Emmanuel MACRON,François FILLON,False
33646,2022,Emmanuel MACRON,François FILLON,False
33647,2022,Emmanuel MACRON,Emmanuel MACRON,True
33648,2022,Marine LE PEN,Marine LE PEN,True
33649,2022,Marine LE PEN,Marine LE PEN,True
33650,2022,Emmanuel MACRON,Emmanuel MACRON,True
33651,2022,Emmanuel MACRON,Emmanuel MACRON,True
33652,2022,Marine LE PEN,Marine LE PEN,True
33653,2022,Marine LE PEN,Marine LE PEN,True
33654,2022,Jean-Luc MÉLENCHON,François FILLON,False
33655,2022,Marine LE PEN,Marine LE PEN,True
33656,2022,Emmanuel MACRON,François FILLON,False
33657,2022,Marine LE PEN,Marine LE PEN,True
33658,2022,Emmanuel MACRON,François FILLON,False
33659,2022,Marine LE PEN,Marine LE PEN,True
33660,2022,Jean-Luc MÉLENCHON,François FILLON,False
33661,2022,Jean-Luc MÉLENCHON,François FILLON,False
33662,2022,Emmanuel MACRON,Emmanuel MACRON,True
33663,2022,Marine LE PEN,Marine LE PEN,True
33664,2022,Jean-Luc MÉLENCHON,François FILLON,False
33665,2022,Marine LE PEN,Marine LE PEN,True
33666,2022,Emmanuel MACRON,Emmanuel MACRON,True
33667,2022,Marine LE PEN,Marine LE PEN,True
33668,2022,Marine LE PEN,Marine LE PEN,True
33669,2022,Jean-Luc MÉLENCHON,François FILLON,False
33670,2022,Marine LE PEN,Marine LE PEN,True
33672,2022,Marine LE PEN,Marine LE PEN,True
33674,2022,Jean-Luc MÉLENCHON,François FILLON,False
33675,2022,Jean-Luc MÉLENCHON,François FILLON,False
33676,2022,Marine LE PEN,Marine LE PEN,True
33677,2022,Marine LE PEN,Marine LE PEN,True
33678,2022,Marine LE PEN,Marine LE PEN,True
33679,2022,Marine LE PEN,Marine LE PEN,True
33680,2022,Emmanuel MACRON,Emmanuel MACRON,True
33681,2022,Marine LE PEN,Marine LE PEN,True
33682,2022,Emmanuel MACRON,François FILLON,False
33683,2022,Marine LE PEN,Marine LE PEN,True
33684,2022,Emmanuel MACRON,Jean-Luc MÉLENCHON,False
33685,2022,Emmanuel MACRON,Emmanuel MACRON,True
33686,2022,Emmanuel MACRON,François FILLON,False
33687,2022,Marine LE PEN,Marine LE PEN,True
33688,2022,Marine LE PEN,Marine LE PEN,True
33689,2022,Marine LE PEN,Marine LE PEN,True
33690,2022,Jean-Luc MÉLENCHON,François FILLON,False
33691,2022,Emmanuel MACRON,Emmanuel MACRON,True
33692,2022,Emmanuel MACRON,François FILLON,False
33693,2022,Emmanuel MACRON,Emmanuel MACRON,True
33694,2022,Marine LE PEN,Marine LE PEN,True
33695,2022,Marine LE PEN,Marine LE PEN,True
33696,2022,Marine LE PEN,Marine LE PEN,True
33697,2022,Marine LE PEN,Marine LE PEN,True
33698,2022,Emmanuel MACRON,Emmanuel MACRON,True
33699,2022,Jean-Luc MÉLENCHON,François FILLON,False
33700,2022,Emmanuel MACRON,François FILLON,False
33701,2022,Marine LE PEN,Marine LE PEN,True
33702,2022,Marine LE PEN,Marine LE PEN,True
33703,2022,Emmanuel MACRON,Emmanuel MACRON,True
33704,2022,Marine LE PEN,Marine LE PEN,True
33705,2022,Marine LE PEN,Marine LE PEN,True
33706,2022,Marine LE PEN,Marine LE PEN,True
33707,2022,Jean-Luc MÉLENCHON,François FILLON,False
33708,2022,Emmanuel MACRON,François FILLON,False
33710,2022,Emmanuel MACRON,Emmanuel MACRON,True
33711,2022,Marine LE PEN,Marine LE PEN,True
33712,2022,Marine LE PEN,Marine LE PEN,True
33713,2022,Marine LE PEN,Marine LE PEN,True
33714,2022,Marine LE PEN,Marine LE PEN,True
33715,2022,Emmanuel MACRON,François FILLON,False
33716,2022,Jean-Luc MÉLENCHON,François FILLON,False
33717,2022,Emmanuel MACRON,François FILLON,False
33718,2022,Marine LE PEN,Marine LE PEN,True
33720,2022,Marine LE PEN,Marine LE PEN,True
33721,2022,Emmanuel MACRON,François FILLON,False
33722,2022,Emmanuel MACRON,Emmanuel MACRON,True
33723,2022,Jean-Luc MÉLENCHON,François FILLON,False
33724,2022,Emmanuel MACRON,François FILLON,False
33725,2022,Marine LE PEN,Marine LE PEN,True
33726,2022,Marine LE PEN,Marine LE PEN,True
33727,2022,Emmanuel MACRON,Emmanuel MACRON,True
33728,2022,Jean LASSALLE,François FILLON,False
33729,2022,Marine LE PEN,Marine LE PEN,True
33730,2022,Marine LE PEN,Marine LE PEN,True
33732,2022,Emmanuel MACRON,François FILLON,False
33733,2022,Marine LE PEN,Marine LE PEN,True
33734,2022,Marine LE PEN,Marine LE PEN,True
33735,2022,Marine LE PEN,Marine LE PEN,True
33736,2022,Emmanuel MACRON,Emmanuel MACRON,True
33737,2022,Marine LE PEN,Marine LE PEN,True
33738,2022,Marine LE PEN,Marine LE PEN,True
33739,2022,Marine LE PEN,Marine LE PEN,True
33740,2022,Emmanuel MACRON,Emmanuel MACRON,True
33741,2022,Marine LE PEN,Marine LE PEN,True
33742,2022,Marine LE PEN,Marine LE PEN,True
33743,2022,Marine LE PEN,Marine LE PEN,True
33744,2022,Marine LE PEN,Marine LE PEN,True
33745,2022,Marine LE PEN,Marine LE PEN,True
33746,2022,Marine LE PEN,Marine LE PEN,True
33747,2022,Marine LE PEN,Marine LE PEN,True
33748,2022,Emmanuel MACRON,François FILLON,False
33749,2022,Marine LE PEN,Marine LE PEN,True
33750,2022,Marine LE PEN,Marine LE PEN,True
33751,2022,Marine LE PEN,Marine LE PEN,True
33752,2022,Marine LE PEN,Marine LE PEN,True
33753,2022,Marine LE PEN,Marine LE PEN,True
33754,2022,Marine LE PEN,Marine LE PEN,True
33755,2022,Marine LE PEN,Marine LE PEN,True
33756,2022,Marine LE PEN,Marine LE PEN,True
33757,2022,Marine LE PEN,Marine LE PEN,True
33758,2022,Marine LE PEN,Marine LE PEN,True
33759,2022,Marine LE PEN,Marine LE PEN,True
33760,2022,Marine LE PEN,Marine LE PEN,True
33761,2022,Marine LE PEN,Marine LE PEN,True
33762,2022,Marine LE PEN,Marine LE PEN,True
33763,2022,Marine LE PEN,Marine LE PEN,True
33764,2022,Marine LE PEN,Marine LE PEN,True
33765,2022,Emmanuel MACRON,Emmanuel MACRON,True
33766,2022,Emmanuel MACRON,Emmanuel MACRON,True
33767,2022,Marine LE PEN,Marine LE PEN,True
33768,2022,Emmanuel MACRON,Emmanuel MACRON,True
33769,2022,Marine LE PEN,Marine LE PEN,True
33770,2022,Marine LE PEN,Marine LE PEN,True
33771,2022,Marine LE PEN,Marine LE PEN,True
33772,2022,Marine LE PEN,Marine LE PEN,True
33773,2022,Marine LE PEN,Marine LE PEN,True
33774,2022,Marine LE PEN,Marine LE PEN,True
33775,2022,Marine LE PEN,Marine LE PEN,True
33776,2022,Emmanuel MACRON,Emmanuel MACRON,True
33777,2022,Marine LE PEN,Marine LE PEN,True
33778,2022,Marine LE PEN,Marine LE PEN,True
33779,2022,Marine LE PEN,Marine LE PEN,True
33780,2022,Marine LE PEN,Marine LE PEN,True
33781,2022,Marine LE PEN,Marine LE PEN,True
33782,2022,Marine LE PEN,Marine LE PEN,True
33783,2022,Marine LE PEN,Marine LE PEN,True
33784,2022,Marine LE PEN,Marine LE PEN,True
33785,2022,Marine LE PEN,Marine LE PEN,True
33786,2022,Marine LE PEN,Marine LE PEN,True
33787,2022,Marine LE PEN,Marine LE PEN,True
33788,2022,Marine LE PEN,Marine LE PEN,True
33789,2022,Marine LE PEN,Marine LE PEN,True
33790,2022,Marine LE PEN,Marine LE PEN,True
33791,2022,Marine LE PEN,Marine LE PEN,True
33792,2022,Marine LE PEN,Marine LE PEN,True
33793,2022,Marine LE PEN,Marine LE PEN,True
33794,2022,Marine LE PEN,Marine LE PEN,True
33795,2022,Marine LE PEN,Marine LE PEN,True
33796,2022,Marine LE PEN,Marine LE PEN,True
33797,2022,Marine LE PEN,Marine LE PEN,True
33798,2022,Marine LE PEN,Marine LE PEN,True
33799,2022,Marine LE PEN,Marine LE PEN,True
33800,2022,Marine LE PEN,Marine LE PEN,True
33801,2022,Jean-Luc MÉLENCHON,François FILLON,False
33802,2022,Emmanuel MACRON,François FILLON,False
33803,2022,Marine LE PEN,Marine LE PEN,True
33804,2022,Emmanuel MACRON,François FILLON,False
33805,2022,Marine LE PEN,Marine LE PEN,True
33806,2022,Marine LE PEN,Marine LE PEN,True
33807,2022,Marine LE PEN,Marine LE PEN,True
33808,2022,Marine LE PEN,Marine LE PEN,True
33809,2022,Emmanuel MACRON,François FILLON,False
33810,2022,Emmanuel MACRON,Emmanuel MACRON,True
33811,2022,Marine LE PEN,Marine LE PEN,True
33812,2022,Emmanuel MACRON,Emmanuel MACRON,True
33813,2022,Marine LE PEN,Marine LE PEN,True
33814,2022,Marine LE PEN,Marine LE PEN,True
33815,2022,Marine LE PEN,Marine LE PEN,True
33816,2022,Marine LE PEN,Marine LE PEN,True
33817,2022,Marine LE PEN,Marine LE PEN,True
33818,2022,Marine LE PEN,Marine LE PEN,True
33819,2022,Marine LE PEN,Marine LE PEN,True
33820,2022,Marine LE PEN,Marine LE PEN,True
33821,2022,Marine LE PEN,Marine LE PEN,True
33822,2022,Emmanuel MACRON,Emmanuel MACRON,True
33823,2022,Marine LE PEN,Marine LE PEN,True
33824,2022,Emmanuel MACRON,Emmanuel MACRON,True
33825,2022,Marine LE PEN,Marine LE PEN,True
33826,2022,Marine LE PEN,Marine LE PEN,True
33827,2022,Marine LE PEN,Marine LE PEN,True
33828,2022,Marine LE PEN,Marine LE PEN,True
33829,2022,Marine LE PEN,Marine LE PEN,True
33830,2022,Marine LE PEN,Marine LE PEN,True
33831,2022,Emmanuel MACRON,Emmanuel MACRON,True
33832,2022,Marine LE PEN,Marine LE PEN,True
33833,2022,Marine LE PEN,Marine LE PEN,True
33834,2022,Marine LE PEN,Marine LE PEN,True
33835,2022,Emmanuel MACRON,Emmanuel MACRON,True
33836,2022,Emmanuel MACRON,Emmanuel MACRON,True
33837,2022,Marine LE PEN,Marine LE PEN,True
33838,2022,Marine LE PEN,Marine LE PEN,True
33839,2022,Marine LE PEN,Marine LE PEN,True
33840,2022,Marine LE PEN,Marine LE PEN,True
33841,2022,Emmanuel MACRON,François FILLON,False
33842,2022,Marine LE PEN,Marine LE PEN,True
33843,2022,Marine LE PEN,Marine LE PEN,True
33844,2022,Marine LE PEN,Marine LE PEN,True
33845,2022,Marine LE PEN,Marine LE PEN,True
33846,2022,Marine LE PEN,Marine LE PEN,True
33847,2022,Marine LE PEN,Marine LE PEN,True
33848,2022,Marine LE PEN,Marine LE PEN,True
33849,2022,Marine LE PEN,Marine LE PEN,True
33850,2022,Marine LE PEN,Marine LE PEN,True
33851,2022,Marine LE PEN,Marine LE PEN,True
33852,2022,Marine LE PEN,Marine LE PEN,True
33853,2022,Emmanuel MACRON,François FILLON,False
33854,2022,Marine LE PEN,Marine LE PEN,True
33855,2022,Marine LE PEN,Marine LE PEN,True
33856,2022,Marine LE PEN,Marine LE PEN,True
33857,2022,Marine LE PEN,Marine LE PEN,True
33858,2022,Emmanuel MACRON,Emmanuel MACRON,True
33859,2022,Marine LE PEN,Marine LE PEN,True
33860,2022,Marine LE PEN,Marine LE PEN,True
33861,2022,Marine LE PEN,Marine LE PEN,True
33862,2022,Marine LE PEN,Marine LE PEN,True
33863,2022,Marine LE PEN,Marine LE PEN,True
33865,2022,Emmanuel MACRON,François FILLON,False
33866,2022,Marine LE PEN,Marine LE PEN,True
33867,2022,Marine LE PEN,Marine LE PEN,True
33868,2022,Emmanuel MACRON,Emmanuel MACRON,True
33869,2022,Emmanuel MACRON,François FILLON,False
33870,2022,Emmanuel MACRON,Emmanuel MACRON,True
33871,2022,Marine LE PEN,Marine LE PEN,True
33872,2022,Emmanuel MACRON,Emmanuel MACRON,True
33873,2022,Marine LE PEN,Marine LE PEN,True
33874,2022,Marine LE PEN,Marine LE PEN,True
33875,2022,Marine LE PEN,Marine LE PEN,True
33876,2022,Marine LE PEN,Marine LE PEN,True
33877,2022,Marine LE PEN,Marine LE PEN,True
33878,2022,Emmanuel MACRON,Emmanuel MACRON,True
33879,2022,Emmanuel MACRON,François FILLON,False
33880,2022,Emmanuel MACRON,François FILLON,False
33881,2022,Marine LE PEN,Marine LE PEN,True
33882,2022,Marine LE PEN,Marine LE PEN,True
33883,2022,Emmanuel MACRON,Emmanuel MACRON,True
33884,2022,Marine LE PEN,Marine LE PEN,True
33885,2022,Emmanuel MACRON,François FILLON,False
33886,2022,Marine LE PEN,Marine LE PEN,True
33887,2022,Emmanuel MACRON,Emmanuel MACRON,True
33888,2022,Emmanuel MACRON,François FILLON,False
33889,2022,Marine LE PEN,Marine LE PEN,True
33890,2022,Emmanuel MACRON,Jean-Luc MÉLENCHON,False
33891,2022,Marine LE PEN,Marine LE PEN,True
33892,2022,Marine LE PEN,Marine LE PEN,True
33893,2022,Marine LE PEN,Marine LE PEN,True
33894,2022,Marine LE PEN,Marine LE PEN,True
33895,2022,Marine LE PEN,Marine LE PEN,True
33896,2022,Emmanuel MACRON,Emmanuel MACRON,True
33897,2022,Marine LE PEN,Marine LE PEN,True
33898,2022,Marine LE PEN,Marine LE PEN,True
33899,2022,Emmanuel MACRON,François FILLON,False
33900,2022,Jean-Luc MÉLENCHON,François FILLON,False
33901,2022,Marine LE PEN,Marine LE PEN,True
33902,2022,Marine LE PEN,Marine LE PEN,True
33903,2022,Marine LE PEN,Marine LE PEN,True
33904,2022,Emmanuel MACRON,François FILLON,False
33905,2022,Marine LE PEN,Marine LE PEN,True
33906,2022,Marine LE PEN,Marine LE PEN,True
33907,2022,Marine LE PEN,Marine LE PEN,True
33908,2022,Marine LE PEN,Marine LE PEN,True
33909,2022,Marine LE PEN,Marine LE PEN,True
33910,2022,Marine LE PEN,Marine LE PEN,True
33911,2022,Marine LE PEN,Marine LE PEN,True
33912,2022,Marine LE PEN,Marine LE PEN,True
33913,2022,Marine LE PEN,Marine LE PEN,True
33914,2022,Emmanuel MACRON,Emmanuel MACRON,True
33915,2022,Marine LE PEN,Marine LE PEN,True
33916,2022,Marine LE PEN,Marine LE PEN,True
33917,2022,Marine LE PEN,Marine LE PEN,True
33918,2022,Marine LE PEN,Marine LE PEN,True
33919,2022,Marine LE PEN,Marine LE PEN,True
33920,2022,Marine LE PEN,Marine LE PEN,True
33921,2022,Marine LE PEN,Marine LE PEN,True
33922,2022,Marine LE PEN,Marine LE PEN,True
33923,2022,Marine LE PEN,Marine LE PEN,True
33924,2022,Marine LE PEN,Marine LE PEN,True
33925,2022,Emmanuel MACRON,Emmanuel MACRON,True
33926,2022,Marine LE PEN,Marine LE PEN,True
33927,2022,Emmanuel MACRON,François FILLON,False
33928,2022,Marine LE PEN,Marine LE PEN,True
33929,2022,Marine LE PEN,Marine LE PEN,True
33930,2022,Marine LE PEN,Marine LE PEN,True
33931,2022,Emmanuel MACRON,Emmanuel MACRON,True
33932,2022,Emmanuel MACRON,Emmanuel MACRON,True
33933,2022,Marine LE PEN,Marine LE PEN,True
33934,2022,Marine LE PEN,Marine LE PEN,True
33935,2022,Emmanuel MACRON,François FILLON,False
33936,2022,Marine LE PEN,Marine LE PEN,True
33937,2022,Marine LE PEN,Marine LE PEN,True
33938,2022,Marine LE PEN,Marine LE PEN,True
33939,2022,Jean-Luc MÉLENCHON,François FILLON,False
33940,2022,Marine LE PEN,Marine LE PEN,True
33941,2022,Emmanuel MACRON,François FILLON,False
33942,2022,Marine LE PEN,Marine LE PEN,True
33943,2022,Marine LE PEN,Marine LE PEN,True
33944,2022,Marine LE PEN,Marine LE PEN,True
33945,2022,Jean-Luc MÉLENCHON,François FILLON,False
33946,2022,Marine LE PEN,Marine LE PEN,True
33947,2022,Marine LE PEN,Marine LE PEN,True
33948,2022,Marine LE PEN,Marine LE PEN,True
33949,2022,Marine LE PEN,Marine LE PEN,True
33950,2022,Emmanuel MACRON,François FILLON,False
33951,2022,Jean-Luc MÉLENCHON,François FILLON,False
33952,2022,Marine LE PEN,Marine LE PEN,True
33953,2022,Marine LE PEN,Marine LE PEN,True
33954,2022,Marine LE PEN,Marine LE PEN,True
33955,2022,Marine LE PEN,Marine LE PEN,True
33956,2022,Marine LE PEN,Marine LE PEN,True
33957,2022,Marine LE PEN,Marine LE PEN,True
33958,2022,Marine LE PEN,Marine LE PEN,True
33959,2022,Marine LE PEN,Marine LE PEN,True
33960,2022,Marine LE PEN,Marine LE PEN,True
33961,2022,Emmanuel MACRON,François FILLON,False
33962,2022,Marine LE PEN,Marine LE PEN,True
33963,2022,Marine LE PEN,Marine LE PEN,True
33964,2022,Marine LE PEN,Marine LE PEN,True
33965,2022,Marine LE PEN,Marine LE PEN,True
33966,2022,Marine LE PEN,Marine LE PEN,True
33967,2022,Marine LE PEN,Marine LE PEN,True
33968,2022,Emmanuel MACRON,François FILLON,False
33969,2022,Marine LE PEN,Marine LE PEN,True
33970,2022,Marine LE PEN,Marine LE PEN,True
33971,2022,Marine LE PEN,Marine LE PEN,True
33972,2022,Marine LE PEN,Marine LE PEN,True
33973,2022,Marine LE PEN,Marine LE PEN,True
33974,2022,Marine LE PEN,Marine LE PEN,True
33975,2022,Marine LE PEN,Marine LE PEN,True
33976,2022,Marine LE PEN,Marine LE PEN,True
33977,2022,Marine LE PEN,Marine LE PEN,True
33978,2022,Emmanuel MACRON,Emmanuel MACRON,True
33979,2022,Marine LE PEN,Marine LE PEN,True
33980,2022,Marine LE PEN,Marine LE PEN,True
33981,2022,Marine LE PEN,Marine LE PEN,True
33982,2022,Emmanuel MACRON,François FILLON,False
33983,2022,Marine LE PEN,Marine LE PEN,True
33984,2022,Marine LE PEN,Marine LE PEN,True
33985,2022,Marine LE PEN,Marine LE PEN,True
33986,2022,Marine LE PEN,Marine LE PEN,True
33987,2022,Marine LE PEN,Marine LE PEN,True
33988,2022,Marine LE PEN,Marine LE PEN,True
33989,2022,Marine LE PEN,Marine LE PEN,True
33990,2022,Marine LE PEN,Marine LE PEN,True
33991,2022,Marine LE PEN,Marine LE PEN,True
33992,2022,Marine LE PEN,Marine LE PEN,True
33993,2022,Marine LE PEN,Marine LE PEN,True
33994,2022,Marine LE PEN,Marine LE PEN,True
33995,2022,Marine LE PEN,Marine LE PEN,True
33996,2022,Marine LE PEN,Marine LE PEN,True
33997,2022,Jean-Luc MÉLENCHON,François FILLON,False
33998,2022,Jean-Luc MÉLENCHON,François FILLON,False
33999,2022,Marine LE PEN,Marine LE PEN,True
34000,2022,Marine LE PEN,Marine LE PEN,True
34001,2022,Marine LE PEN,Marine LE PEN,True
34002,2022,Emmanuel MACRON,Emmanuel MACRON,True
34003,2022,Jean-Luc MÉLENCHON,François FILLON,False
34004,2022,Marine LE PEN,Marine LE PEN,True
34005,2022,Marine LE PEN,Marine LE PEN,True
34006,2022,Marine LE PEN,Marine LE PEN,True
34007,2022,Marine LE PEN,Marine LE PEN,True
34008,2022,Marine LE PEN,Marine LE PEN,True
34009,2022,Marine LE PEN,Marine LE PEN,True
34010,2022,Marine LE PEN,Marine LE PEN,True
34011,2022,Marine LE PEN,Marine LE PEN,True
34012,2022,Marine LE PEN,Marine LE PEN,True
34013,2022,Marine LE PEN,Marine LE PEN,True
34014,2022,Emmanuel MACRON,François FILLON,False
34015,2022,Marine LE PEN,Marine LE PEN,True
34016,2022,Emmanuel MACRON,François FILLON,False
34017,2022,Marine LE PEN,Marine LE PEN,True
34018,2022,Marine LE PEN,Marine LE PEN,True
34019,2022,Marine LE PEN,Marine LE PEN,True
34020,2022,Marine LE PEN,Marine LE PEN,True
34021,2022,Marine LE PEN,Marine LE PEN,True
34022,2022,Marine LE PEN,Marine LE PEN,True
34023,2022,Marine LE PEN,Marine LE PEN,True
34024,2022,Marine LE PEN,Marine LE PEN,True
34025,2022,Marine LE PEN,Marine LE PEN,True
34026,2022,Marine LE PEN,Marine LE PEN,True
34027,2022,Emmanuel MACRON,François FILLON,False
34028,2022,Emmanuel MACRON,François FILLON,False
34029,2022,Marine LE PEN,Marine LE PEN,True
34030,2022,Marine LE PEN,Marine LE PEN,True
34031,2022,Marine LE PEN,Marine LE PEN,True
34032,2022,Emmanuel MACRON,Emmanuel MACRON,True
34033,2022,Marine LE PEN,Marine LE PEN,True
34034,2022,Emmanuel MACRON,François FILLON,False
34035,2022,Marine LE PEN,Marine LE PEN,True
34036,2022,Marine LE PEN,Marine LE PEN,True
34037,2022,Marine LE PEN,Marine LE PEN,True
34038,2022,Marine LE PEN,Marine LE PEN,True
34039,2022,Marine LE PEN,Marine LE PEN,True
34040,2022,Marine LE PEN,Marine LE PEN,True
34041,2022,Marine LE PEN,Marine LE PEN,True
34042,2022,Marine LE PEN,Marine LE PEN,True
34043,2022,Marine LE PEN,Marine LE PEN,True
34044,2022,Marine LE PEN,Marine LE PEN,True
34045,2022,Marine LE PEN,Marine LE PEN,True
34046,2022,Marine LE PEN,Marine LE PEN,True
34047,2022,Marine LE PEN,Marine LE PEN,True
34048,2022,Emmanuel MACRON,Emmanuel MACRON,True
34049,2022,Marine LE PEN,Marine LE PEN,True
34050,2022,Marine LE PEN,Marine LE PEN,True
34051,2022,Marine LE PEN,Marine LE PEN,True
34052,2022,Marine LE PEN,Marine LE PEN,True
34053,2022,Marine LE PEN,Marine LE PEN,True
34054,2022,Marine LE PEN,Marine LE PEN,True
34055,2022,Marine LE PEN,Marine LE PEN,True
34056,2022,Marine LE PEN,Marine LE PEN,True
34057,2022,Marine LE PEN,Marine LE PEN,True
34058,2022,Marine LE PEN,Marine LE PEN,True
34059,2022,Marine LE PEN,Marine LE PEN,True
34060,2022,Marine LE PEN,Marine LE PEN,True
34061,2022,Emmanuel MACRON,François FILLON,False
34062,2022,Marine LE PEN,Marine LE PEN,True
34063,2022,Marine LE PEN,Marine LE PEN,True
34064,2022,Marine LE PEN,Marine LE PEN,True
34065,2022,Marine LE PEN,Marine LE PEN,True
34066,2022,Marine LE PEN,Marine LE PEN,True
34067,2022,Marine LE PEN,Marine LE PEN,True
34068,2022,Marine LE PEN,Marine LE PEN,True
34069,2022,Jean-Luc MÉLENCHON,François FILLON,False
34070,2022,Marine LE PEN,Marine LE PEN,True
34071,2022,Marine LE PEN,Marine LE PEN,True
34072,2022,Marine LE PEN,Marine LE PEN,True
34073,2022,Marine LE PEN,Marine LE PEN,True
34074,2022,Marine LE PEN,Marine LE PEN,True
34075,2022,Marine LE PEN,Marine LE PEN,True
34076,2022,Marine LE PEN,Marine LE PEN,True
34077,2022,Marine LE PEN,Marine LE PEN,True
34078,2022,Marine LE PEN,Marine LE PEN,True
34079,2022,Marine LE PEN,Marine LE PEN,True
34080,2022,Marine LE PEN,Marine LE PEN,True
34081,2022,Marine LE PEN,Marine LE PEN,True
34082,2022,Marine LE PEN,Marine LE PEN,True
34083,2022,Marine LE PEN,Marine LE PEN,True
34084,2022,Marine LE PEN,Marine LE PEN,True
34085,2022,Marine LE PEN,Marine LE PEN,True
34086,2022,Marine LE PEN,Marine LE PEN,True
34087,2022,Marine LE PEN,Marine LE PEN,True
34088,2022,Marine LE PEN,Marine LE PEN,True
34089,2022,Emmanuel MACRON,François FILLON,False
34090,2022,Emmanuel MACRON,François FILLON,False
34091,2022,Marine LE PEN,Marine LE PEN,True
34092,2022,Marine LE PEN,Marine LE PEN,True
34093,2022,Marine LE PEN,Marine LE PEN,True
34094,2022,Marine LE PEN,Marine LE PEN,True
34095,2022,Marine LE PEN,Marine LE PEN,True
34096,2022,Marine LE PEN,Marine LE PEN,True
34097,2022,Marine LE PEN,Marine LE PEN,True
34098,2022,Marine LE PEN,Marine LE PEN,True
34099,2022,Marine LE PEN,Marine LE PEN,True
34100,2022,Marine LE PEN,Marine LE PEN,True
34101,2022,Marine LE PEN,Marine LE PEN,True
34102,2022,Marine LE PEN,Marine LE PEN,True
34103,2022,Marine LE PEN,Marine LE PEN,True
34104,2022,Emmanuel MACRON,François FILLON,False
34105,2022,Jean-Luc MÉLENCHON,François FILLON,False
34106,2022,Marine LE PEN,Marine LE PEN,True
34107,2022,Emmanuel MACRON,Emmanuel MACRON,True
34108,2022,Marine LE PEN,Marine LE PEN,True
34109,2022,Marine LE PEN,Marine LE PEN,True
34110,2022,Marine LE PEN,Marine LE PEN,True
34111,2022,Emmanuel MACRON,François FILLON,False
34112,2022,Marine LE PEN,Marine LE PEN,True
34113,2022,Marine LE PEN,Marine LE PEN,True
34114,2022,Emmanuel MACRON,François FILLON,False
34115,2022,Emmanuel MACRON,Emmanuel MACRON,True
34116,2022,Marine LE PEN,Marine LE PEN,True
34117,2022,Marine LE PEN,Marine LE PEN,True
34118,2022,Marine LE PEN,Marine LE PEN,True
34119,2022,Emmanuel MACRON,Emmanuel MACRON,True
34120,2022,Marine LE PEN,Marine LE PEN,True
34121,2022,Marine LE PEN,Marine LE PEN,True
34122,2022,Marine LE PEN,Marine LE PEN,True
34123,2022,Marine LE PEN,Marine LE PEN,True
34124,2022,Emmanuel MACRON,François FILLON,False
34125,2022,Marine LE PEN,Marine LE PEN,True
34126,2022,Emmanuel MACRON,François FILLON,False
34127,2022,Marine LE PEN,Marine LE PEN,True
34128,2022,Marine LE PEN,Marine LE PEN,True
34129,2022,Marine LE PEN,Marine LE PEN,True
34130,2022,Marine LE PEN,Marine LE PEN,True
34131,2022,Marine LE PEN,Marine LE PEN,True
34132,2022,Emmanuel MACRON,Emmanuel MACRON,True
34133,2022,Marine LE PEN,Marine LE PEN,True
34134,2022,Emmanuel MACRON,François FILLON,False
34135,2022,Marine LE PEN,Marine LE PEN,True
34136,2022,Marine LE PEN,Marine LE PEN,True
34137,2022,Marine LE PEN,Marine LE PEN,True
34138,2022,Marine LE PEN,Marine LE PEN,True
34139,2022,Marine LE PEN,Marine LE PEN,True
34140,2022,Marine LE PEN,Marine LE PEN,True
34141,2022,Marine LE PEN,Marine LE PEN,True
34142,2022,Marine LE PEN,Marine LE PEN,True
34143,2022,Marine LE PEN,Marine LE PEN,True
34144,2022,Marine LE PEN,Marine LE PEN,True
34145,2022,Emmanuel MACRON,Emmanuel MACRON,True
34146,2022,Marine LE PEN,Marine LE PEN,True
34147,2022,Marine LE PEN,Marine LE PEN,True
34148,2022,Marine LE PEN,Marine LE PEN,True
34149,2022,Marine LE PEN,Marine LE PEN,True
34150,2022,Marine LE PEN,Marine LE PEN,True
34151,2022,Marine LE PEN,Marine LE PEN,True
34152,2022,Marine LE PEN,Marine LE PEN,True
34153,2022,Marine LE PEN,Marine LE PEN,True
34154,2022,Marine LE PEN,Marine LE PEN,True
34155,2022,Marine LE PEN,Marine LE PEN,True
34156,2022,Marine LE PEN,Marine LE PEN,True
34157,2022,Marine LE PEN,Marine LE PEN,True
34158,2022,Emmanuel MACRON,François FILLON,False
34159,2022,Marine LE PEN,Marine LE PEN,True
34160,2022,Marine LE PEN,Marine LE PEN,True
34161,2022,Marine LE PEN,Marine LE PEN,True
34162,2022,Marine LE PEN,Marine LE PEN,True
34163,2022,Marine LE PEN,Marine LE PEN,True
34164,2022,Marine LE PEN,Marine LE PEN,True
34165,2022,Emmanuel MACRON,François FILLON,False
34166,2022,Marine LE PEN,Marine LE PEN,True
34167,2022,Marine LE PEN,Marine LE PEN,True
34168,2022,Marine LE PEN,Marine LE PEN,True
34169,2022,Marine LE PEN,Marine LE PEN,True
34170,2022,Marine LE PEN,Marine LE PEN,True
34171,2022,Marine LE PEN,Marine LE PEN,True
34172,2022,Marine LE PEN,Marine LE PEN,True
34173,2022,Marine LE PEN,Marine LE PEN,True
34174,2022,Marine LE PEN,Marine LE PEN,True
34175,2022,Marine LE PEN,Marine LE PEN,True
34176,2022,Marine LE PEN,Marine LE PEN,True
34177,2022,Marine LE PEN,Marine LE PEN,True
34178,2022,Marine LE PEN,Marine LE PEN,True
34179,2022,Marine LE PEN,Marine LE PEN,True
34180,2022,Marine LE PEN,Marine LE PEN,True
34181,2022,Marine LE PEN,Marine LE PEN,True
34182,2022,Marine LE PEN,Marine LE PEN,True
34183,2022,Marine LE PEN,Marine LE PEN,True
34184,2022,Marine LE PEN,Marine LE PEN,True
34185,2022,Marine LE PEN,Marine LE PEN,True
34186,2022,Marine LE PEN,Marine LE PEN,True
34187,2022,Emmanuel MACRON,François FILLON,False
34188,2022,Emmanuel MACRON,François FILLON,False
34189,2022,Marine LE PEN,Marine LE PEN,True
34190,2022,Marine LE PEN,Marine LE PEN,True
34191,2022,Emmanuel MACRON,François FILLON,False
34192,2022,Marine LE PEN,Marine LE PEN,True
34193,2022,Emmanuel MACRON,François FILLON,False
34194,2022,Marine LE PEN,Marine LE PEN,True
34195,2022,Marine LE PEN,Marine LE PEN,True
34196,2022,Marine LE PEN,Marine LE PEN,True
34197,2022,Marine LE PEN,Marine LE PEN,True
34198,2022,Marine LE PEN,Marine LE PEN,True
34199,2022,Marine LE PEN,Marine LE PEN,True
34200,2022,Marine LE PEN,Marine LE PEN,True
34201,2022,Marine LE PEN,Marine LE PEN,True
34202,2022,Emmanuel MACRON,Emmanuel MACRON,True
34203,2022,Marine LE PEN,Marine LE PEN,True
34204,2022,Marine LE PEN,Marine LE PEN,True
34205,2022,Emmanuel MACRON,François FILLON,False
34206,2022,Marine LE PEN,Marine LE PEN,True
34207,2022,Marine LE PEN,Marine LE PEN,True
34208,2022,Emmanuel MACRON,François FILLON,False
34209,2022,Emmanuel MACRON,François FILLON,False
34210,2022,Marine LE PEN,Marine LE PEN,True
34211,2022,Marine LE PEN,Marine LE PEN,True
34212,2022,Emmanuel MACRON,François FILLON,False
34213,2022,Marine LE PEN,Marine LE PEN,True
34214,2022,Emmanuel MACRON,François FILLON,False
34215,2022,Emmanuel MACRON,François FILLON,False
34216,2022,Emmanuel MACRON,François FILLON,False
34217,2022,Marine LE PEN,Marine LE PEN,True
34218,2022,Marine LE PEN,Marine LE PEN,True
34219,2022,Marine LE PEN,Marine LE PEN,True
34220,2022,Marine LE PEN,Marine LE PEN,True
34221,2022,Marine LE PEN,Marine LE PEN,True
34222,2022,Marine LE PEN,Marine LE PEN,True
34223,2022,Emmanuel MACRON,François FILLON,False
34224,2022,Marine LE PEN,Marine LE PEN,True
34225,2022,Emmanuel MACRON,François FILLON,False
34226,2022,Marine LE PEN,Marine LE PEN,True
34227,2022,Marine LE PEN,Marine LE PEN,True
34228,2022,Marine LE PEN,Marine LE PEN,True
34229,2022,Marine LE PEN,Marine LE PEN,True
34230,2022,Emmanuel MACRON,François FILLON,False
34231,2022,Marine LE PEN,Marine LE PEN,True
34232,2022,Emmanuel MACRON,Emmanuel MACRON,True
34233,2022,Marine LE PEN,Marine LE PEN,True
34234,2022,Emmanuel MACRON,François FILLON,False
34235,2022,Marine LE PEN,Marine LE PEN,True
34236,2022,Marine LE PEN,Marine LE PEN,True
34237,2022,Marine LE PEN,Marine LE PEN,True
34238,2022,Marine LE PEN,Marine LE PEN,True
34239,2022,Marine LE PEN,Marine LE PEN,True
34240,2022,Marine LE PEN,Marine LE PEN,True
34241,2022,Marine LE PEN,Marine LE PEN,True
34242,2022,Marine LE PEN,Marine LE PEN,True
34243,2022,Marine LE PEN,Marine LE PEN,True
34244,2022,Emmanuel MACRON,François FILLON,False
34245,2022,Marine LE PEN,Marine LE PEN,True
34246,2022,Marine LE PEN,Marine LE PEN,True
34247,2022,Emmanuel MACRON,Emmanuel MACRON,True
34248,2022,Emmanuel MACRON,François FILLON,False
34249,2022,Emmanuel MACRON,François FILLON,False
34250,2022,Marine LE PEN,Marine LE PEN,True
34251,2022,Marine LE PEN,Marine LE PEN,True
34252,2022,Marine LE PEN,Marine LE PEN,True
34253,2022,Marine LE PEN,Marine LE PEN,True
34254,2022,Marine LE PEN,Marine LE PEN,True
34255,2022,Marine LE PEN,Marine LE PEN,True
34256,2022,Marine LE PEN,Marine LE PEN,True
34257,2022,Emmanuel MACRON,François FILLON,False
34258,2022,Emmanuel MACRON,François FILLON,False
34259,2022,Emmanuel MACRON,François FILLON,False
34260,2022,Marine LE PEN,Marine LE PEN,True
34261,2022,Marine LE PEN,Marine LE PEN,True
34262,2022,Emmanuel MACRON,François FILLON,False
34263,2022,Marine LE PEN,Marine LE PEN,True
34264,2022,Marine LE PEN,Marine LE PEN,True
34265,2022,Marine LE PEN,Marine LE PEN,True
34266,2022,Marine LE PEN,Marine LE PEN,True
34267,2022,Marine LE PEN,Marine LE PEN,True
34268,2022,Jean-Luc MÉLENCHON,François FILLON,False
34269,2022,Marine LE PEN,Marine LE PEN,True
34270,2022,Marine LE PEN,Marine LE PEN,True
34271,2022,Emmanuel MACRON,Emmanuel MACRON,True
34272,2022,Emmanuel MACRON,François FILLON,False
34273,2022,Marine LE PEN,Marine LE PEN,True
34274,2022,Marine LE PEN,Marine LE PEN,True
34275,2022,Marine LE PEN,Marine LE PEN,True
34276,2022,Marine LE PEN,Marine LE PEN,True
34277,2022,Marine LE PEN,Marine LE PEN,True
34278,2022,Marine LE PEN,Marine LE PEN,True
34279,2022,Emmanuel MACRON,François FILLON,False
34280,2022,Emmanuel MACRON,François FILLON,False
34281,2022,Marine LE PEN,Marine LE PEN,True
34282,2022,Marine LE PEN,Marine LE PEN,True
34283,2022,Marine LE PEN,Marine LE PEN,True
34284,2022,Emmanuel MACRON,François FILLON,False
34285,2022,Marine LE PEN,Marine LE PEN,True
34286,2022,Marine LE PEN,Marine LE PEN,True
34287,2022,Marine LE PEN,Marine LE PEN,True
34288,2022,Marine LE PEN,Marine LE PEN,True
34289,2022,Marine LE PEN,Marine LE PEN,True
34290,2022,Emmanuel MACRON,François FILLON,False
34291,2022,Emmanuel MACRON,François FILLON,False
34292,2022,Marine LE PEN,Marine LE PEN,True
34293,2022,Emmanuel MACRON,François FILLON,False
34294,2022,Jean-Luc MÉLENCHON,Emmanuel MACRON,False
34295,2022,Marine LE PEN,Marine LE PEN,True
34296,2022,Marine LE PEN,Marine LE PEN,True
34297,2022,Marine LE PEN,Marine LE PEN,True
34298,2022,Marine LE PEN,Marine LE PEN,True
34299,2022,Marine LE PEN,Marine LE PEN,True
34300,2022,Marine LE PEN,Marine LE PEN,True
34301,2022,Marine LE PEN,Marine LE PEN,True
34302,2022,Marine LE PEN,Marine LE PEN,True
34303,2022,Marine LE PEN,Marine LE PEN,True
34304,2022,Marine LE PEN,Marine LE PEN,True
34305,2022,Marine LE PEN,Marine LE PEN,True
34306,2022,Marine LE PEN,Marine LE PEN,True
34307,2022,Marine LE PEN,Marine LE PEN,True
34308,2022,Jean-Luc MÉLENCHON,François FILLON,False
34309,2022,Marine LE PEN,Marine LE PEN,True
34310,2022,Marine LE PEN,Marine LE PEN,True
34311,2022,Marine LE PEN,Marine LE PEN,True
34312,2022,Emmanuel MACRON,François FILLON,False
34313,2022,Marine LE PEN,Marine LE PEN,True
34314,2022,Marine LE PEN,Marine LE PEN,True
34315,2022,Marine LE PEN,Marine LE PEN,True
34316,2022,Marine LE PEN,Marine LE PEN,True
34317,2022,Marine LE PEN,Marine LE PEN,True
34318,2022,Marine LE PEN,Marine LE PEN,True
34319,2022,Marine LE PEN,Marine LE PEN,True
34320,2022,Emmanuel MACRON,François FILLON,False
34321,2022,Marine LE PEN,Marine LE PEN,True
34322,2022,Marine LE PEN,Marine LE PEN,True
34323,2022,Emmanuel MACRON,François FILLON,False
34324,2022,Emmanuel MACRON,Emmanuel MACRON,True
34325,2022,Marine LE PEN,Marine LE PEN,True
34326,2022,Marine LE PEN,Marine LE PEN,True
34327,2022,Marine LE PEN,Marine LE PEN,True
34328,2022,Marine LE PEN,Marine LE PEN,True
34329,2022,Emmanuel MACRON,François FILLON,False
34330,2022,Marine LE PEN,Marine LE PEN,True
34331,2022,Marine LE PEN,Marine LE PEN,True
34332,2022,Emmanuel MACRON,François FILLON,False
34333,2022,Marine LE PEN,Marine LE PEN,True
34334,2022,Marine LE PEN,Marine LE PEN,True
34335,2022,Emmanuel MACRON,François FILLON,False
34336,2022,Marine LE PEN,Marine LE PEN,True
34337,2022,Emmanuel MACRON,François FILLON,False
34338,2022,Marine LE PEN,Marine LE PEN,True
34339,2022,Marine LE PEN,Marine LE PEN,True
34340,2022,Marine LE PEN,Marine LE PEN,True
34341,2022,Marine LE PEN,Marine LE PEN,True
34342,2022,Marine LE PEN,Marine LE PEN,True
34343,2022,Marine LE PEN,Marine LE PEN,True
34344,2022,Emmanuel MACRON,François FILLON,False
34346,2022,Marine LE PEN,Marine LE PEN,True
34347,2022,Marine LE PEN,Marine LE PEN,True
34348,2022,Marine LE PEN,Marine LE PEN,True
34349,2022,Marine LE PEN,Marine LE PEN,True
34350,2022,Marine LE PEN,Marine LE PEN,True
34351,2022,Marine LE PEN,Marine LE PEN,True
34352,2022,Marine LE PEN,Marine LE PEN,True
34353,2022,Marine LE PEN,Marine LE PEN,True
34354,2022,Marine LE PEN,Marine LE PEN,True
34355,2022,Marine LE PEN,Marine LE PEN,True
34356,2022,Emmanuel MACRON,François FILLON,False
34357,2022,Marine LE PEN,Marine LE PEN,True
34358,2022,Marine LE PEN,Marine LE PEN,True
34359,2022,Emmanuel MACRON,François FILLON,False
34360,2022,Marine LE PEN,Marine LE PEN,True
34361,2022,Marine LE PEN,Marine LE PEN,True
34362,2022,Marine LE PEN,Marine LE PEN,True
34363,2022,Marine LE PEN,Marine LE PEN,True
34364,2022,Marine LE PEN,Marine LE PEN,True
34365,2022,Emmanuel MACRON,François FILLON,False
34366,2022,Marine LE PEN,Marine LE PEN,True
34367,2022,Marine LE PEN,Marine LE PEN,True
34368,2022,Marine LE PEN,Marine LE PEN,True
34369,2022,Marine LE PEN,Marine LE PEN,True
34370,2022,Marine LE PEN,Marine LE PEN,True
34371,2022,Marine LE PEN,Marine LE PEN,True
34372,2022,Marine LE PEN,Marine LE PEN,True
34373,2022,Marine LE PEN,Marine LE PEN,True
34374,2022,Marine LE PEN,Marine LE PEN,True
34375,2022,Marine LE PEN,Marine LE PEN,True
34376,2022,Marine LE PEN,Marine LE PEN,True
34377,2022,Marine LE PEN,Marine LE PEN,True
34378,2022,Emmanuel MACRON,François FILLON,False
34379,2022,Marine LE PEN,Marine LE PEN,True
34380,2022,Marine LE PEN,Marine LE PEN,True
34381,2022,Marine LE PEN,Marine LE PEN,True
34382,2022,Marine LE PEN,Marine LE PEN,True
34383,2022,Marine LE PEN,Marine LE PEN,True
34384,2022,Marine LE PEN,Marine LE PEN,True
34385,2022,Emmanuel MACRON,François FILLON,False
34386,2022,Marine LE PEN,Marine LE PEN,True
34387,2022,Marine LE PEN,Marine LE PEN,True
34388,2022,Emmanuel MACRON,François FILLON,False
34389,2022,Marine LE PEN,Marine LE PEN,True
34390,2022,Emmanuel MACRON,François FILLON,False
34391,2022,Marine LE PEN,Marine LE PEN,True
34392,2022,Emmanuel MACRON,François FILLON,False
34393,2022,Marine LE PEN,Marine LE PEN,True
34394,2022,Marine LE PEN,Marine LE PEN,True
34395,2022,Marine LE PEN,Marine LE PEN,True
34396,2022,Emmanuel MACRON,François FILLON,False
34397,2022,Marine LE PEN,Marine LE PEN,True
34398,2022,Emmanuel MACRON,François FILLON,False
34399,2022,Marine LE PEN,Marine LE PEN,True
34400,2022,Emmanuel MACRON,François FILLON,False
34401,2022,Marine LE PEN,Marine LE PEN,True
34402,2022,Emmanuel MACRON,François FILLON,False
34403,2022,Marine LE PEN,Marine LE PEN,True
34404,2022,Marine LE PEN,Marine LE PEN,True
34405,2022,Marine LE PEN,Marine LE PEN,True
34406,2022,Marine LE PEN,Marine LE PEN,True
34407,2022,Marine LE PEN,Marine LE PEN,True
34408,2022,Emmanuel MACRON,François FILLON,False
34409,2022,Emmanuel MACRON,François FILLON,False
34410,2022,Marine LE PEN,Marine LE PEN,True
34411,2022,Marine LE PEN,Marine LE PEN,True
34412,2022,Emmanuel MACRON,François FILLON,False
34413,2022,Emmanuel MACRON,François FILLON,False
34414,2022,Marine LE PEN,Marine LE PEN,True
34415,2022,Marine LE PEN,Marine LE PEN,True
34416,2022,Emmanuel MACRON,François FILLON,False
34417,2022,Marine LE PEN,Marine LE PEN,True
34418,2022,Marine LE PEN,Marine LE PEN,True
34419,2022,Marine LE PEN,Marine LE PEN,True
34420,2022,Emmanuel MACRON,François FILLON,False
34421,2022,Emmanuel MACRON,François FILLON,False
34422,2022,Marine LE PEN,Marine LE PEN,True
34423,2022,Marine LE PEN,Marine LE PEN,True
34424,2022,Marine LE PEN,Marine LE PEN,True
34425,2022,Emmanuel MACRON,François FILLON,False
34426,2022,Marine LE PEN,Marine LE PEN,True
34427,2022,Marine LE PEN,Marine LE PEN,True
34428,2022,Marine LE PEN,Marine LE PEN,True
34429,2022,Jean-Luc MÉLENCHON,François FILLON,False
34430,2022,Emmanuel MACRON,François FILLON,False
34431,2022,Marine LE PEN,Marine LE PEN,True
34432,2022,Marine LE PEN,Marine LE PEN,True
34433,2022,Emmanuel MACRON,François FILLON,False
34434,2022,Jean-Luc MÉLENCHON,François FILLON,False
34435,2022,Marine LE PEN,Marine LE PEN,True
34436,2022,Marine LE PEN,Marine LE PEN,True
34437,2022,Marine LE PEN,Marine LE PEN,True
34438,2022,Marine LE PEN,Marine LE PEN,True
34439,2022,Marine LE PEN,Marine LE PEN,True
34440,2022,Marine LE PEN,Marine LE PEN,True
34441,2022,Marine LE PEN,Marine LE PEN,True
34442,2022,Marine LE PEN,Marine LE PEN,True
34443,2022,Marine LE PEN,Marine LE PEN,True
34444,2022,Marine LE PEN,Marine LE PEN,True
34445,2022,Marine LE PEN,Marine LE PEN,True
34446,2022,Emmanuel MACRON,François FILLON,False
34447,2022,Marine LE PEN,Marine LE PEN,True
34448,2022,Emmanuel MACRON,François FILLON,False
34449,2022,Marine LE PEN,Marine LE PEN,True
34450,2022,Marine LE PEN,Marine LE PEN,True
34451,2022,Marine LE PEN,Marine LE PEN,True
34452,2022,Marine LE PEN,Marine LE PEN,True
34453,2022,Marine LE PEN,Marine LE PEN,True
34454,2022,Emmanuel MACRON,François FILLON,False
34455,2022,Marine LE PEN,Marine LE PEN,True
34456,2022,Marine LE PEN,Marine LE PEN,True
34457,2022,Marine LE PEN,Marine LE PEN,True
34458,2022,Emmanuel MACRON,François FILLON,False
34459,2022,Marine LE PEN,Marine LE PEN,True
34460,2022,Marine LE PEN,Marine LE PEN,True
34461,2022,Marine LE PEN,Marine LE PEN,True
34462,2022,Marine LE PEN,Marine LE PEN,True
34463,2022,Emmanuel MACRON,François FILLON,False
34464,2022,Marine LE PEN,Marine LE PEN,True
34465,2022,Emmanuel MACRON,François FILLON,False
34466,2022,Emmanuel MACRON,François FILLON,False
34467,2022,Emmanuel MACRON,François FILLON,False
34468,2022,Marine LE PEN,Marine LE PEN,True
34469,2022,Marine LE PEN,Marine LE PEN,True
34470,2022,Marine LE PEN,Marine LE PEN,True
34471,2022,Marine LE PEN,Marine LE PEN,True
34472,2022,Emmanuel MACRON,François FILLON,False
34473,2022,Marine LE PEN,Marine LE PEN,True
34474,2022,Marine LE PEN,Marine LE PEN,True
34475,2022,Marine LE PEN,Marine LE PEN,True
34476,2022,Marine LE PEN,Marine LE PEN,True
34477,2022,Emmanuel MACRON,François FILLON,False
34478,2022,Marine LE PEN,Marine LE PEN,True
34479,2022,Emmanuel MACRON,François FILLON,False
34480,2022,Emmanuel MACRON,François FILLON,False
34481,2022,Marine LE PEN,Marine LE PEN,True
34482,2022,Marine LE PEN,Marine LE PEN,True
34483,2022,Marine LE PEN,Marine LE PEN,True
34484,2022,Emmanuel MACRON,François FILLON,False
34485,2022,Marine LE PEN,Marine LE PEN,True
34486,2022,Marine LE PEN,Marine LE PEN,True
34487,2022,Emmanuel MACRON,François FILLON,False
34488,2022,Marine LE PEN,Marine LE PEN,True
34489,2022,Marine LE PEN,Marine LE PEN,True
34490,2022,Marine LE PEN,Marine LE PEN,True
34491,2022,Marine LE PEN,Marine LE PEN,True
34492,2022,Marine LE PEN,Marine LE PEN,True
34493,2022,Marine LE PEN,Marine LE PEN,True
34494,2022,Emmanuel MACRON,François FILLON,False
34495,2022,Marine LE PEN,Marine LE PEN,True
34496,2022,Marine LE PEN,Marine LE PEN,True
34497,2022,Marine LE PEN,Marine LE PEN,True
34498,2022,Marine LE PEN,Marine LE PEN,True
34499,2022,Marine LE PEN,Marine LE PEN,True
34500,2022,Marine LE PEN,Marine LE PEN,True
34501,2022,Marine LE PEN,Marine LE PEN,True
34502,2022,Marine LE PEN,Marine LE PEN,True
34503,2022,Marine LE PEN,Marine LE PEN,True
34504,2022,Marine LE PEN,Marine LE PEN,True
34505,2022,Marine LE PEN,Marine LE PEN,True
34506,2022,Marine LE PEN,Marine LE PEN,True
34507,2022,Marine LE PEN,Marine LE PEN,True
34508,2022,Emmanuel MACRON,François FILLON,False
34509,2022,Marine LE PEN,Marine LE PEN,True
34510,2022,Marine LE PEN,Marine LE PEN,True
34511,2022,Marine LE PEN,Marine LE PEN,True
34512,2022,Marine LE PEN,Marine LE PEN,True
34513,2022,Marine LE PEN,Marine LE PEN,True
34514,2022,Marine LE PEN,Marine LE PEN,True
34515,2022,Emmanuel MACRON,François FILLON,False
34516,2022,Marine LE PEN,Marine LE PEN,True
34517,2022,Emmanuel MACRON,François FILLON,False
34518,2022,Marine LE PEN,Marine LE PEN,True
34519,2022,Marine LE PEN,Marine LE PEN,True
34520,2022,Marine LE PEN,Marine LE PEN,True
34521,2022,Marine LE PEN,Marine LE PEN,True
34522,2022,Marine LE PEN,Marine LE PEN,True
34523,2022,Marine LE PEN,Marine LE PEN,True
34524,2022,Marine LE PEN,Marine LE PEN,True
34525,2022,Marine LE PEN,Marine LE PEN,True
34526,2022,Marine LE PEN,Marine LE PEN,True
34527,2022,Marine LE PEN,Marine LE PEN,True
34528,2022,Emmanuel MACRON,François FILLON,False
34529,2022,Emmanuel MACRON,François FILLON,False
34530,2022,Emmanuel MACRON,François FILLON,False
34531,2022,Marine LE PEN,Marine LE PEN,True
34532,2022,Marine LE PEN,Marine LE PEN,True
34533,2022,Marine LE PEN,Marine LE PEN,True
34534,2022,Marine LE PEN,Marine LE PEN,True
34535,2022,Emmanuel MACRON,François FILLON,False
34536,2022,Marine LE PEN,Marine LE PEN,True
34537,2022,Marine LE PEN,Marine LE PEN,True
34538,2022,Marine LE PEN,Marine LE PEN,True
34539,2022,Marine LE PEN,Marine LE PEN,True
34540,2022,Marine LE PEN,Marine LE PEN,True
34541,2022,Emmanuel MACRON,François FILLON,False
34542,2022,Marine LE PEN,Marine LE PEN,True
34543,2022,Marine LE PEN,Marine LE PEN,True
34544,2022,Marine LE PEN,Marine LE PEN,True
34545,2022,Marine LE PEN,Marine LE PEN,True
34546,2022,Marine LE PEN,Marine LE PEN,True
34547,2022,Marine LE PEN,Marine LE PEN,True
34549,2022,Emmanuel MACRON,François FILLON,False
34550,2022,Marine LE PEN,Marine LE PEN,True
34551,2022,Marine LE PEN,Marine LE PEN,True
34552,2022,Marine LE PEN,Marine LE PEN,True
34553,2022,Emmanuel MACRON,Emmanuel MACRON,True
34554,2022,Marine LE PEN,Marine LE PEN,True
34555,2022,Marine LE PEN,Marine LE PEN,True
34556,2022,Marine LE PEN,Marine LE PEN,True
34557,2022,Marine LE PEN,Marine LE PEN,True
34558,2022,Marine LE PEN,Marine LE PEN,True
34559,2022,Marine LE PEN,Marine LE PEN,True
34560,2022,Marine LE PEN,Marine LE PEN,True
34561,2022,Marine LE PEN,Marine LE PEN,True
34562,2022,Marine LE PEN,Marine LE PEN,True
34563,2022,Marine LE PEN,Marine LE PEN,True
34564,2022,Marine LE PEN,Marine LE PEN,True
34565,2022,Marine LE PEN,Marine LE PEN,True
34566,2022,Marine LE PEN,Marine LE PEN,True
34567,2022,Jean-Luc MÉLENCHON,François FILLON,False
34568,2022,Jean-Luc MÉLENCHON,François FILLON,False
34569,2022,Marine LE PEN,Marine LE PEN,True
34570,2022,Marine LE PEN,Marine LE PEN,True
34571,2022,Marine LE PEN,Marine LE PEN,True
34572,2022,Marine LE PEN,Marine LE PEN,True
34573,2022,Marine LE PEN,Marine LE PEN,True
34574,2022,Marine LE PEN,Marine LE PEN,True
34575,2022,Marine LE PEN,Marine LE PEN,True
34576,2022,Marine LE PEN,Marine LE PEN,True
34577,2022,Emmanuel MACRON,François FILLON,False
34578,2022,Marine LE PEN,Marine LE PEN,True
34579,2022,Marine LE PEN,Marine LE PEN,True
34580,2022,Marine LE PEN,Marine LE PEN,True
34581,2022,Emmanuel MACRON,François FILLON,False
34582,2022,Emmanuel MACRON,François FILLON,False
34584,2022,Marine LE PEN,Marine LE PEN,True
34585,2022,Marine LE PEN,Marine LE PEN,True
34586,2022,Marine LE PEN,Marine LE PEN,True
34587,2022,Jean-Luc MÉLENCHON,François FILLON,False
34588,2022,Marine LE PEN,Marine LE PEN,True
34589,2022,Jean-Luc MÉLENCHON,François FILLON,False
34590,2022,Marine LE PEN,Marine LE PEN,True
34591,2022,Marine LE PEN,Marine LE PEN,True
34592,2022,Marine LE PEN,Marine LE PEN,True
34593,2022,Marine LE PEN,Marine LE PEN,True
34594,2022,Marine LE PEN,Marine LE PEN,True
34595,2022,Marine LE PEN,Marine LE PEN,True
34596,2022,Marine LE PEN,Marine LE PEN,True
34597,2022,Marine LE PEN,Marine LE PEN,True
34598,2022,Marine LE PEN,Marine LE PEN,True
34599,2022,Marine LE PEN,Marine LE PEN,True
34600,2022,Marine LE PEN,Marine LE PEN,True
34601,2022,Marine LE PEN,Marine LE PEN,True
34602,2022,Emmanuel MACRON,François FILLON,False
34603,2022,Marine LE PEN,Marine LE PEN,True
34604,2022,Marine LE PEN,Marine LE PEN,True
34605,2022,Marine LE PEN,Marine LE PEN,True
34606,2022,Marine LE PEN,Marine LE PEN,True
34607,2022,Marine LE PEN,Marine LE PEN,True
34608,2022,Emmanuel MACRON,François FILLON,False
34609,2022,Marine LE PEN,Marine LE PEN,True
34610,2022,Marine LE PEN,Marine LE PEN,True
34611,2022,Marine LE PEN,Marine LE PEN,True
34612,2022,Marine LE PEN,Marine LE PEN,True
34613,2022,Marine LE PEN,Marine LE PEN,True
34614,2022,Emmanuel MACRON,François FILLON,False
34615,2022,Marine LE PEN,Marine LE PEN,True
34616,2022,Emmanuel MACRON,François FILLON,False
34617,2022,Marine LE PEN,Marine LE PEN,True
34618,2022,Marine LE PEN,Marine LE PEN,True
34619,2022,Marine LE PEN,Marine LE PEN,True
34621,2022,Emmanuel MACRON,Emmanuel MACRON,True
34622,2022,Marine LE PEN,Marine LE PEN,True
34623,2022,Emmanuel MACRON,François FILLON,False
34624,2022,Marine LE PEN,Marine LE PEN,True
34625,2022,Jean-Luc MÉLENCHON,François FILLON,False
34626,2022,Marine LE PEN,Marine LE PEN,True
34627,2022,Marine LE PEN,Marine LE PEN,True
34628,2022,Marine LE PEN,Marine LE PEN,True
34629,2022,Marine LE PEN,Marine LE PEN,True
34630,2022,Marine LE PEN,Marine LE PEN,True
34631,2022,Emmanuel MACRON,François FILLON,False
34632,2022,Marine LE PEN,Marine LE PEN,True
34633,2022,Marine LE PEN,Marine LE PEN,True
34634,2022,Marine LE PEN,Marine LE PEN,True
34635,2022,Marine LE PEN,Marine LE PEN,True
34636,2022,Marine LE PEN,Marine LE PEN,True
34637,2022,Marine LE PEN,Marine LE PEN,True
34638,2022,Marine LE PEN,Marine LE PEN,True
34639,2022,Marine LE PEN,Marine LE PEN,True
34640,2022,Marine LE PEN,Marine LE PEN,True
34641,2022,Marine LE PEN,Marine LE PEN,True
34642,2022,Emmanuel MACRON,François FILLON,False
34643,2022,Marine LE PEN,Marine LE PEN,True
34645,2022,Marine LE PEN,Marine LE PEN,True
34646,2022,Marine LE PEN,Marine LE PEN,True
34647,2022,Emmanuel MACRON,François FILLON,False
34648,2022,Marine LE PEN,Marine LE PEN,True
34649,2022,Emmanuel MACRON,François FILLON,False
34650,2022,Marine LE PEN,Marine LE PEN,True
34651,2022,Marine LE PEN,Marine LE PEN,True
34652,2022,Marine LE PEN,Marine LE PEN,True
34653,2022,Marine LE PEN,Marine LE PEN,True
34654,2022,Marine LE PEN,Marine LE PEN,True
34655,2022,Marine LE PEN,Marine LE PEN,True
34656,2022,Marine LE PEN,Marine LE PEN,True
34657,2022,Marine LE PEN,Marine LE PEN,True
34658,2022,Marine LE PEN,Marine LE PEN,True
34659,2022,Marine LE PEN,Marine LE PEN,True
34660,2022,Marine LE PEN,Marine LE PEN,True
34661,2022,Marine LE PEN,Marine LE PEN,True
34662,2022,Marine LE PEN,Marine LE PEN,True
34663,2022,Marine LE PEN,Marine LE PEN,True
34664,2022,Marine LE PEN,Marine LE PEN,True
34665,2022,Marine LE PEN,Marine LE PEN,True
34666,2022,Marine LE PEN,Marine LE PEN,True
34667,2022,Marine LE PEN,Marine LE PEN,True
34668,2022,Marine LE PEN,Marine LE PEN,True
34669,2022,Marine LE PEN,Marine LE PEN,True
34670,2022,Marine LE PEN,Marine LE PEN,True
34671,2022,Marine LE PEN,Marine LE PEN,True
34672,2022,Marine LE PEN,Marine LE PEN,True
34673,2022,Emmanuel MACRON,François FILLON,False
34674,2022,Marine LE PEN,Marine LE PEN,True
34675,2022,Marine LE PEN,Marine LE PEN,True
34676,2022,Marine LE PEN,Marine LE PEN,True
34677,2022,Marine LE PEN,Marine LE PEN,True
34678,2022,Marine LE PEN,Marine LE PEN,True
34679,2022,Marine LE PEN,Marine LE PEN,True
34680,2022,Marine LE PEN,Marine LE PEN,True
34681,2022,Marine LE PEN,Marine LE PEN,True
34682,2022,Jean-Luc MÉLENCHON,François FILLON,False
34683,2022,Emmanuel MACRON,Emmanuel MACRON,True
34684,2022,Jean-Luc MÉLENCHON,Emmanuel MACRON,False
34685,2022,Marine LE PEN,Marine LE PEN,True
34686,2022,Jean-Luc MÉLENCHON,Emmanuel MACRON,False
34687,2022,Emmanuel MACRON,Emmanuel MACRON,True
34688,2022,Emmanuel MACRON,Emmanuel MACRON,True
34689,2022,Marine LE PEN,Marine LE PEN,True
34690,2022,Marine LE PEN,Marine LE PEN,True
34691,2022,Marine LE PEN,Marine LE PEN,True
34692,2022,Marine LE PEN,Marine LE PEN,True
34693,2022,Marine LE PEN,Marine LE PEN,True
34694,2022,Emmanuel MACRON,Emmanuel MACRON,True
34695,2022,Marine LE PEN,Marine LE PEN,True
34696,2022,Emmanuel MACRON,Emmanuel MACRON,True
34697,2022,Marine LE PEN,Marine LE PEN,True
34698,2022,Marine LE PEN,Marine LE PEN,True
34699,2022,Marine LE PEN,Marine LE PEN,True
34700,2022,Marine LE PEN,Marine LE PEN,True
34701,2022,Marine LE PEN,Marine LE PEN,True
34702,2022,Emmanuel MACRON,Emmanuel MACRON,True
34703,2022,Marine LE PEN,Marine LE PEN,True
34704,2022,Marine LE PEN,Marine LE PEN,True
34705,2022,Emmanuel MACRON,Emmanuel MACRON,True
34706,2022,Marine LE PEN,Marine LE PEN,True
34707,2022,Marine LE PEN,Marine LE PEN,True
34708,2022,Marine LE PEN,Marine LE PEN,True
34709,2022,Marine LE PEN,Marine LE PEN,True
34710,2022,Emmanuel MACRON,Emmanuel MACRON,True
34711,2022,Emmanuel MACRON,Emmanuel MACRON,True
34712,2022,Marine LE PEN,Marine LE PEN,True
34713,2022,Emmanuel MACRON,Emmanuel MACRON,True
34714,2022,Emmanuel MACRON,Emmanuel MACRON,True
34715,2022,Marine LE PEN,Marine LE PEN,True
34716,2022,Emmanuel MACRON,Emmanuel MACRON,True
34717,2022,Marine LE PEN,Marine LE PEN,True
34718,2022,Marine LE PEN,Marine LE PEN,True
34719,2022,Marine LE PEN,Marine LE PEN,True
34720,2022,Marine LE PEN,Marine LE PEN,True
34721,2022,Marine LE PEN,Marine LE PEN,True
34722,2022,Emmanuel MACRON,François FILLON,False
34723,2022,Marine LE PEN,Marine LE PEN,True
34724,2022,Emmanuel MACRON,Emmanuel MACRON,True
34725,2022,Marine LE PEN,Marine LE PEN,True
34726,2022,Marine LE PEN,Marine LE PEN,True
34727,2022,Marine LE PEN,Marine LE PEN,True
34728,2022,Emmanuel MACRON,Emmanuel MACRON,True
34729,2022,Marine LE PEN,Marine LE PEN,True
34730,2022,Marine LE PEN,Marine LE PEN,True
34731,2022,Marine LE PEN,Marine LE PEN,True
34732,2022,Marine LE PEN,Marine LE PEN,True
34733,2022,Marine LE PEN,Marine LE PEN,True
34734,2022,Marine LE PEN,Marine LE PEN,True
34735,2022,Marine LE PEN,Marine LE PEN,True
34736,2022,Marine LE PEN,Marine LE PEN,True
34737,2022,Marine LE PEN,Marine LE PEN,True
34738,2022,Marine LE PEN,Marine LE PEN,True
34739,2022,Marine LE PEN,Marine LE PEN,True
34740,2022,Marine LE PEN,Marine LE PEN,True
34741,2022,Marine LE PEN,Marine LE PEN,True
34742,2022,Marine LE PEN,Marine LE PEN,True
34743,2022,Marine LE PEN,Marine LE PEN,True
34744,2022,Marine LE PEN,Marine LE PEN,True
34745,2022,Marine LE PEN,Marine LE PEN,True
34746,2022,Marine LE PEN,Marine LE PEN,True
34748,2022,Marine LE PEN,Marine LE PEN,True
34749,2022,Jean-Luc MÉLENCHON,Emmanuel MACRON,False
34750,2022,Emmanuel MACRON,Emmanuel MACRON,True
34751,2022,Marine LE PEN,Marine LE PEN,True
34752,2022,Marine LE PEN,Marine LE PEN,True
34753,2022,Marine LE PEN,Marine LE PEN,True
34754,2022,Marine LE PEN,Marine LE PEN,True
34755,2022,Marine LE PEN,Marine LE PEN,True
34756,2022,Marine LE PEN,Marine LE PEN,True
34757,2022,Marine LE PEN,Marine LE PEN,True
34758,2022,Marine LE PEN,Marine LE PEN,True
34759,2022,Marine LE PEN,Marine LE PEN,True
34760,2022,Marine LE PEN,Marine LE PEN,True
34761,2022,Marine LE PEN,Marine LE PEN,True
34762,2022,Marine LE PEN,Marine LE PEN,True
34763,2022,Marine LE PEN,Marine LE PEN,True
34764,2022,Marine LE PEN,Marine LE PEN,True
34765,2022,Emmanuel MACRON,Emmanuel MACRON,True
34766,2022,Emmanuel MACRON,Emmanuel MACRON,True
34767,2022,Emmanuel MACRON,Emmanuel MACRON,True
34768,2022,Marine LE PEN,Marine LE PEN,True
34769,2022,Marine LE PEN,Marine LE PEN,True
34770,2022,Marine LE PEN,Marine LE PEN,True
34771,2022,Emmanuel MACRON,Emmanuel MACRON,True
34772,2022,Marine LE PEN,Marine LE PEN,True
34773,2022,Marine LE PEN,Marine LE PEN,True
34774,2022,Marine LE PEN,Marine LE PEN,True
34775,2022,Marine LE PEN,Marine LE PEN,True
34776,2022,Emmanuel MACRON,Emmanuel MACRON,True
34777,2022,Marine LE PEN,Marine LE PEN,True
34778,2022,Marine LE PEN,Marine LE PEN,True
34779,2022,Marine LE PEN,Marine LE PEN,True
34780,2022,Marine LE PEN,Marine LE PEN,True
34781,2022,Emmanuel MACRON,François FILLON,False
34782,2022,Emmanuel MACRON,François FILLON,False
34783,2022,Marine LE PEN,Marine LE PEN,True
34784,2022,Jean-Luc MÉLENCHON,Jean-Luc MÉLENCHON,True
34785,2022,Marine LE PEN,Marine LE PEN,True
34786,2022,Marine LE PEN,Marine LE PEN,True
34787,2022,Emmanuel MACRON,François FILLON,False
34788,2022,Emmanuel MACRON,François FILLON,False
34789,2022,Emmanuel MACRON,François FILLON,False
34790,2022,Marine LE PEN,Marine LE PEN,True
34791,2022,Marine LE PEN,Marine LE PEN,True
34792,2022,Emmanuel MACRON,François FILLON,False
34793,2022,Marine LE PEN,Marine LE PEN,True
34794,2022,Emmanuel MACRON,François FILLON,False
34795,2022,Marine LE PEN,Marine LE PEN,True
34796,2022,Marine LE PEN,Marine LE PEN,True
34797,2022,Marine LE PEN,Marine LE PEN,True
34798,2022,Emmanuel MACRON,François FILLON,False
34799,2022,Emmanuel MACRON,François FILLON,False
34800,2022,Emmanuel MACRON,Emmanuel MACRON,True
34801,2022,Emmanuel MACRON,François FILLON,False
34802,2022,Emmanuel MACRON,François FILLON,False
34803,2022,Jean-Luc MÉLENCHON,François FILLON,False
34804,2022,Marine LE PEN,Marine LE PEN,True
34805,2022,Marine LE PEN,Marine LE PEN,True
34806,2022,Marine LE PEN,Marine LE PEN,True
34807,2022,Jean-Luc MÉLENCHON,Emmanuel MACRON,False
34808,2022,Emmanuel MACRON,François FILLON,False
34809,2022,Emmanuel MACRON,François FILLON,False
34810,2022,Marine LE PEN,Marine LE PEN,True
34811,2022,Emmanuel MACRON,François FILLON,False
34812,2022,Marine LE PEN,Marine LE PEN,True
34813,2022,Emmanuel MACRON,Emmanuel MACRON,True
34814,2022,Emmanuel MACRON,François FILLON,False
34815,2022,Marine LE PEN,Marine LE PEN,True
34816,2022,Emmanuel MACRON,François FILLON,False
34817,2022,Marine LE PEN,Marine LE PEN,True
34818,2022,Emmanuel MACRON,François FILLON,False
34819,2022,Marine LE PEN,Marine LE PEN,True
34820,2022,Emmanuel MACRON,François FILLON,False
34821,2022,Emmanuel MACRON,François FILLON,False
34822,2022,Emmanuel MACRON,François FILLON,False
34823,2022,Marine LE PEN,Marine LE PEN,True
34824,2022,Emmanuel MACRON,François FILLON,False
34825,2022,Marine LE PEN,Marine LE PEN,True
34826,2022,Emmanuel MACRON,François FILLON,False
34827,2022,Emmanuel MACRON,François FILLON,False
34828,2022,Jean-Luc MÉLENCHON,François FILLON,False
34829,2022,Jean-Luc MÉLENCHON,Jean-Luc MÉLENCHON,True
34830,2022,Emmanuel MACRON,François FILLON,False
34831,2022,Emmanuel MACRON,François FILLON,False
34832,2022,Emmanuel MACRON,François FILLON,False
34834,2022,Marine LE PEN,Marine LE PEN,True
34835,2022,Emmanuel MACRON,François FILLON,False
34836,2022,Jean-Luc MÉLENCHON,François FILLON,False
34837,2022,Emmanuel MACRON,François FILLON,False
34838,2022,Marine LE PEN,Marine LE PEN,True
34839,2022,Emmanuel MACRON,Jean-Luc MÉLENCHON,False
34840,2022,Jean-Luc MÉLENCHON,Emmanuel MACRON,False
34841,2022,Emmanuel MACRON,François FILLON,False
34842,2022,Jean-Luc MÉLENCHON,François FILLON,False
34843,2022,Jean-Luc MÉLENCHON,Jean-Luc MÉLENCHON,True
34844,2022,Emmanuel MACRON,François FILLON,False
34846,2022,Jean-Luc MÉLENCHON,Jean-Luc MÉLENCHON,True
34847,2022,Emmanuel MACRON,François FILLON,False
34848,2022,Emmanuel MACRON,François FILLON,False
34849,2022,Jean-Luc MÉLENCHON,Jean-Luc MÉLENCHON,True
34850,2022,Marine LE PEN,Marine LE PEN,True
34851,2022,Jean-Luc MÉLENCHON,François FILLON,False
34852,2022,Emmanuel MACRON,François FILLON,False
34853,2022,Emmanuel MACRON,François FILLON,False
34854,2022,Marine LE PEN,Marine LE PEN,True
34855,2022,Emmanuel MACRON,François FILLON,False
34856,2022,Emmanuel MACRON,François FILLON,False
34857,2022,Emmanuel MACRON,François FILLON,False
34858,2022,Emmanuel MACRON,François FILLON,False
34859,2022,Marine LE PEN,Marine LE PEN,True
34860,2022,Emmanuel MACRON,François FILLON,False
34861,2022,Emmanuel MACRON,François FILLON,False
34862,2022,Emmanuel MACRON,François FILLON,False
34863,2022,Jean-Luc MÉLENCHON,Jean-Luc MÉLENCHON,True
34864,2022,Marine LE PEN,Marine LE PEN,True
34865,2022,Marine LE PEN,Marine LE PEN,True
34866,2022,Marine LE PEN,Marine LE PEN,True
34867,2022,Emmanuel MACRON,Emmanuel MACRON,True
34868,2022,Marine LE PEN,Marine LE PEN,True
34869,2022,Emmanuel MACRON,François FILLON,False
34870,2022,Emmanuel MACRON,François FILLON,False
34871,2022,Jean-Luc MÉLENCHON,François FILLON,False
34872,2022,Emmanuel MACRON,François FILLON,False
34873,2022,Marine LE PEN,Marine LE PEN,True
34874,2022,Emmanuel MACRON,François FILLON,False
34875,2022,Emmanuel MACRON,François FILLON,False
34876,2022,Marine LE PEN,Marine LE PEN,True
34877,2022,Jean-Luc MÉLENCHON,François FILLON,False
34878,2022,Jean-Luc MÉLENCHON,Jean-Luc MÉLENCHON,True
34879,2022,Emmanuel MACRON,François FILLON,False
34880,2022,Marine LE PEN,Marine LE PEN,True
34881,2022,Emmanuel MACRON,Emmanuel MACRON,True
34882,2022,Marine LE PEN,Marine LE PEN,True
34883,2022,Emmanuel MACRON,François FILLON,False
34884,2022,Jean-Luc MÉLENCHON,Jean-Luc MÉLENCHON,True
34885,2022,Marine LE PEN,Marine LE PEN,True
34886,2022,Emmanuel MACRON,François FILLON,False
34887,2022,Marine LE PEN,Marine LE PEN,True
34888,2022,Marine LE PEN,Marine LE PEN,True
34889,2022,Marine LE PEN,Marine LE PEN,True
34890,2022,Emmanuel MACRON,François FILLON,False
34891,2022,Emmanuel MACRON,François FILLON,False
34892,2022,Emmanuel MACRON,François FILLON,False
34893,2022,Marine LE PEN,Marine LE PEN,True
34894,2022,Marine LE PEN,Marine LE PEN,True
34895,2022,Emmanuel MACRON,François FILLON,False
34896,2022,Emmanuel MACRON,François FILLON,False
34897,2022,Emmanuel MACRON,François FILLON,False
34898,2022,Emmanuel MACRON,François FILLON,False
34899,2022,Jean-Luc MÉLENCHON,Jean-Luc MÉLENCHON,True
34900,2022,Emmanuel MACRON,François FILLON,False
34901,2022,Marine LE PEN,Marine LE PEN,True
34902,2022,Emmanuel MACRON,François FILLON,False
34903,2022,Emmanuel MACRON,François FILLON,False
34904,2022,Marine LE PEN,Marine LE PEN,True
34905,2022,Marine LE PEN,Marine LE PEN,True
34906,2022,Jean-Luc MÉLENCHON,François FILLON,False
34907,2022,Emmanuel MACRON,François FILLON,False
34908,2022,Emmanuel MACRON,François FILLON,False
34909,2022,Marine LE PEN,Marine LE PEN,True
34910,2022,Emmanuel MACRON,François FILLON,False
34911,2022,Marine LE PEN,Marine LE PEN,True
34912,2022,Emmanuel MACRON,François FILLON,False
34913,2022,Emmanuel MACRON,François FILLON,False
34914,2022,Emmanuel MACRON,François FILLON,False
34915,2022,Emmanuel MACRON,François FILLON,False
34916,2022,Emmanuel MACRON,François FILLON,False
34917,2022,Marine LE PEN,Marine LE PEN,True
34918,2022,Jean-Luc MÉLENCHON,François FILLON,False
34919,2022,Emmanuel MACRON,François FILLON,False
34920,2022,Jean-Luc MÉLENCHON,Jean-Luc MÉLENCHON,True
34921,2022,Emmanuel MACRON,François FILLON,False
34922,2022,Marine LE PEN,Marine LE PEN,True
34923,2022,Marine LE PEN,Marine LE PEN,True
34924,2022,Emmanuel MACRON,François FILLON,False
34925,2022,Emmanuel MACRON,François FILLON,False
34926,2022,Emmanuel MACRON,François FILLON,False
34927,2022,Marine LE PEN,Marine LE PEN,True
34928,2022,Emmanuel MACRON,François FILLON,False
34929,2022,Marine LE PEN,Marine LE PEN,True
34930,2022,Jean-Luc MÉLENCHON,Jean-Luc MÉLENCHON,True
34931,2022,Jean-Luc MÉLENCHON,François FILLON,False
34932,2022,Emmanuel MACRON,François FILLON,False
34933,2022,Emmanuel MACRON,François FILLON,False
34934,2022,Emmanuel MACRON,François FILLON,False
34935,2022,Emmanuel MACRON,François FILLON,False
34936,2022,Jean-Luc MÉLENCHON,Jean-Luc MÉLENCHON,True
34937,2022,Jean-Luc MÉLENCHON,Emmanuel MACRON,False
34938,2022,Emmanuel MACRON,François FILLON,False
34939,2022,Emmanuel MACRON,François FILLON,False
34940,2022,Emmanuel MACRON,François FILLON,False
34941,2022,Emmanuel MACRON,François FILLON,False
34942,2022,Emmanuel MACRON,François FILLON,False
34943,2022,Emmanuel MACRON,Emmanuel MACRON,True
34944,2022,Emmanuel MACRON,François FILLON,False
34945,2022,Emmanuel MACRON,François FILLON,False
34946,2022,Emmanuel MACRON,François FILLON,False
34947,2022,Emmanuel MACRON,François FILLON,False
34948,2022,Marine LE PEN,Marine LE PEN,True
34949,2022,Emmanuel MACRON,François FILLON,False
34950,2022,Emmanuel MACRON,François FILLON,False
34951,2022,Marine LE PEN,Marine LE PEN,True
34952,2022,Emmanuel MACRON,François FILLON,False
34953,2022,Emmanuel MACRON,François FILLON,False
34954,2022,Emmanuel MACRON,François FILLON,False
34955,2022,Emmanuel MACRON,François FILLON,False
34956,2022,Marine LE PEN,Marine LE PEN,True
34957,2022,Emmanuel MACRON,François FILLON,False
34958,2022,Marine LE PEN,Marine LE PEN,True
34959,2022,Marine LE PEN,Marine LE PEN,True
34960,2022,Marine LE PEN,Marine LE PEN,True
34961,2022,Jean-Luc MÉLENCHON,Jean-Luc MÉLENCHON,True
34962,2022,Jean-Luc MÉLENCHON,François FILLON,False
34963,2022,Emmanuel MACRON,François FILLON,False
34964,2022,Emmanuel MACRON,François FILLON,False
34965,2022,Emmanuel MACRON,François FILLON,False
34966,2022,Emmanuel MACRON,François FILLON,False
34967,2022,Emmanuel MACRON,Emmanuel MACRON,True
34968,2022,Emmanuel MACRON,François FILLON,False
34969,2022,Emmanuel MACRON,François FILLON,False
34970,2022,Emmanuel MACRON,François FILLON,False
34971,2022,Jean-Luc MÉLENCHON,Jean-Luc MÉLENCHON,True
34972,2022,Emmanuel MACRON,François FILLON,False
34973,2022,Emmanuel MACRON,François FILLON,False
34974,2022,Jean-Luc MÉLENCHON,François FILLON,False
34975,2022,Emmanuel MACRON,Emmanuel MACRON,True
34976,2022,Emmanuel MACRON,François FILLON,False
34977,2022,Jean-Luc MÉLENCHON,Jean-Luc MÉLENCHON,True
34978,2022,Emmanuel MACRON,François FILLON,False
34979,2022,Emmanuel MACRON,Emmanuel MACRON,True
34980,2022,Emmanuel MACRON,François FILLON,False
34981,2022,Emmanuel MACRON,Emmanuel MACRON,True
34982,2022,Emmanuel MACRON,François FILLON,False
34983,2022,Emmanuel MACRON,François FILLON,False
34984,2022,Emmanuel MACRON,François FILLON,False
34985,2022,Jean-Luc MÉLENCHON,Jean-Luc MÉLENCHON,True
34986,2022,Jean-Luc MÉLENCHON,Jean-Luc MÉLENCHON,True
34987,2022,Emmanuel MACRON,Emmanuel MACRON,True
34988,2022,Emmanuel MACRON,François FILLON,False
34989,2022,Emmanuel MACRON,François FILLON,False
34990,2022,Emmanuel MACRON,François FILLON,False
34991,2022,Jean-Luc MÉLENCHON,Jean-Luc MÉLENCHON,True
34992,2022,Emmanuel MACRON,Emmanuel MACRON,True
34993,2022,Emmanuel MACRON,François FILLON,False
34994,2022,Jean-Luc MÉLENCHON,Emmanuel MACRON,False
34995,2022,Emmanuel MACRON,François FILLON,False
34996,2022,Emmanuel MACRON,François FILLON,False
34997,2022,Emmanuel MACRON,François FILLON,False
34998,2022,Jean-Luc MÉLENCHON,François FILLON,False
34999,2022,Emmanuel MACRON,François FILLON,False
35000,2022,Emmanuel MACRON,Emmanuel MACRON,True
35001,2022,Emmanuel MACRON,Emmanuel MACRON,True
35002,2022,Emmanuel MACRON,François FILLON,False
35003,2022,Emmanuel MACRON,François FILLON,False
35004,2022,Emmanuel MACRON,François FILLON,False
35005,2022,Emmanuel MACRON,François FILLON,False
35006,2022,Emmanuel MACRON,Emmanuel MACRON,True
35007,2022,Emmanuel MACRON,François FILLON,False
35008,2022,Emmanuel MACRON,François FILLON,False
35009,2022,Emmanuel MACRON,François FILLON,False
35010,2022,Jean-Luc MÉLENCHON,Jean-Luc MÉLENCHON,True
35011,2022,Jean-Luc MÉLENCHON,Jean-Luc MÉLENCHON,True
35012,2022,Jean-Luc MÉLENCHON,Jean-Luc MÉLENCHON,True
35013,2022,Jean-Luc MÉLENCHON,Jean-Luc MÉLENCHON,True
35014,2022,Jean-Luc MÉLENCHON,Jean-Luc MÉLENCHON,True
35015,2022,Jean-Luc MÉLENCHON,Jean-Luc MÉLENCHON,True
35016,2022,Jean-Luc MÉLENCHON,Jean-Luc MÉLENCHON,True
35017,2022,Jean-Luc MÉLENCHON,Jean-Luc MÉLENCHON,True
35018,2022,Jean-Luc MÉLENCHON,Jean-Luc MÉLENCHON,True
35019,2022,Emmanuel MACRON,Jean-Luc MÉLENCHON,False
35020,2022,Jean-Luc MÉLENCHON,Jean-Luc MÉLENCHON,True
35021,2022,Jean-Luc MÉLENCHON,Jean-Luc MÉLENCHON,True
35022,2022,Jean-Luc MÉLENCHON,Jean-Luc MÉLENCHON,True
35023,2022,Jean-Luc MÉLENCHON,Jean-Luc MÉLENCHON,True
35024,2022,Jean-Luc MÉLENCHON,Jean-Luc MÉLENCHON,True
35025,2022,Emmanuel MACRON,François FILLON,False
35026,2022,Jean-Luc MÉLENCHON,Jean-Luc MÉLENCHON,True
35027,2022,Jean-Luc MÉLENCHON,Jean-Luc MÉLENCHON,True
35028,2022,Jean-Luc MÉLENCHON,Jean-Luc MÉLENCHON,True
35029,2022,Jean-Luc MÉLENCHON,Jean-Luc MÉLENCHON,True
35030,2022,Jean-Luc MÉLENCHON,Jean-Luc MÉLENCHON,True
35031,2022,Emmanuel MACRON,François FILLON,False
35032,2022,Jean-Luc MÉLENCHON,Jean-Luc MÉLENCHON,True
35033,2022,Jean-Luc MÉLENCHON,Jean-Luc MÉLENCHON,True
35034,2022,Jean-Luc MÉLENCHON,Jean-Luc MÉLENCHON,True
35035,2022,Jean-Luc MÉLENCHON,Jean-Luc MÉLENCHON,True
35036,2022,Jean-Luc MÉLENCHON,Jean-Luc MÉLENCHON,True
35037,2022,Jean-Luc MÉLENCHON,Jean-Luc MÉLENCHON,True
35038,2022,Jean-Luc MÉLENCHON,François FILLON,False
35039,2022,Emmanuel MACRON,Jean-Luc MÉLENCHON,False
35040,2022,Jean-Luc MÉLENCHON,Jean-Luc MÉLENCHON,True
35041,2022,Jean-Luc MÉLENCHON,Jean-Luc MÉLENCHON,True
35042,2022,Jean-Luc MÉLENCHON,Jean-Luc MÉLENCHON,True
35043,2022,Jean-Luc MÉLENCHON,Jean-Luc MÉLENCHON,True
35044,2022,Jean-Luc MÉLENCHON,Jean-Luc MÉLENCHON,True
35045,2022,Jean-Luc MÉLENCHON,Jean-Luc MÉLENCHON,True
35046,2022,Jean-Luc MÉLENCHON,Jean-Luc MÉLENCHON,True
35047,2022,Jean-Luc MÉLENCHON,Jean-Luc MÉLENCHON,True
35048,2022,Jean-Luc MÉLENCHON,Jean-Luc MÉLENCHON,True
35049,2022,Jean-Luc MÉLENCHON,Jean-Luc MÉLENCHON,True
35050,2022,Jean-Luc MÉLENCHON,Jean-Luc MÉLENCHON,True
35051,2022,Jean-Luc MÉLENCHON,François FILLON,False
35052,2022,Jean-Luc MÉLENCHON,Emmanuel MACRON,False
35053,2022,Jean-Luc MÉLENCHON,Jean-Luc MÉLENCHON,True
35054,2022,Jean-Luc MÉLENCHON,Jean-Luc MÉLENCHON,True
35055,2022,Jean-Luc MÉLENCHON,Jean-Luc MÉLENCHON,True
35056,2022,Emmanuel MACRON,François FILLON,False
35057,2022,Jean-Luc MÉLENCHON,François FILLON,False
35058,2022,Jean-Luc MÉLENCHON,Jean-Luc MÉLENCHON,True
35059,2022,Emmanuel MACRON,François FILLON,False
35060,2022,Emmanuel MACRON,Jean-Luc MÉLENCHON,False
35061,2022,Jean-Luc MÉLENCHON,Jean-Luc MÉLENCHON,True
35062,2022,Jean-Luc MÉLENCHON,Emmanuel MACRON,False
35063,2022,Jean-Luc MÉLENCHON,Jean-Luc MÉLENCHON,True
35064,2022,Jean-Luc MÉLENCHON,Jean-Luc MÉLENCHON,True
35065,2022,Jean-Luc MÉLENCHON,Jean-Luc MÉLENCHON,True
35066,2022,Jean-Luc MÉLENCHON,François FILLON,False
35067,2022,Jean-Luc MÉLENCHON,Jean-Luc MÉLENCHON,True
35068,2022,Jean-Luc MÉLENCHON,François FILLON,False
35069,2022,Emmanuel MACRON,François FILLON,False
35070,2022,Jean-Luc MÉLENCHON,Jean-Luc MÉLENCHON,True
35071,2022,Jean-Luc MÉLENCHON,Jean-Luc MÉLENCHON,True
35072,2022,Emmanuel MACRON,François FILLON,False
35073,2022,Emmanuel MACRON,François FILLON,False
35074,2022,Emmanuel MACRON,François FILLON,False
35075,2022,Emmanuel MACRON,François FILLON,False
35076,2022,Emmanuel MACRON,François FILLON,False
35077,2022,Jean-Luc MÉLENCHON,Jean-Luc MÉLENCHON,True
35078,2022,Emmanuel MACRON,Emmanuel MACRON,True
35079,2022,Emmanuel MACRON,François FILLON,False
35080,2022,Emmanuel MACRON,François FILLON,False
35081,2022,Emmanuel MACRON,François FILLON,False
35082,2022,Jean-Luc MÉLENCHON,Jean-Luc MÉLENCHON,True
35083,2022,Emmanuel MACRON,François FILLON,False
35084,2022,Emmanuel MACRON,François FILLON,False
35085,2022,Emmanuel MACRON,François FILLON,False
35086,2022,Emmanuel MACRON,François FILLON,False
35087,2022,Emmanuel MACRON,François FILLON,False
35088,2022,Emmanuel MACRON,Emmanuel MACRON,True
35089,2022,Jean-Luc MÉLENCHON,Jean-Luc MÉLENCHON,True
35090,2022,Jean-Luc MÉLENCHON,Jean-Luc MÉLENCHON,True
35091,2022,Emmanuel MACRON,François FILLON,False
35092,2022,Jean-Luc MÉLENCHON,Jean-Luc MÉLENCHON,True
35093,2022,Jean-Luc MÉLENCHON,Jean-Luc MÉLENCHON,True
35094,2022,Jean-Luc MÉLENCHON,Jean-Luc MÉLENCHON,True
35095,2022,Jean-Luc MÉLENCHON,Emmanuel MACRON,False
35096,2022,Emmanuel MACRON,François FILLON,False
35097,2022,Jean-Luc MÉLENCHON,Jean-Luc MÉLENCHON,True
35098,2022,Emmanuel MACRON,Emmanuel MACRON,True
35099,2022,Marine LE PEN,Marine LE PEN,True
35100,2022,Marine LE PEN,Marine LE PEN,True
35101,2022,Marine LE PEN,Marine LE PEN,True
35102,2022,Emmanuel MACRON,Emmanuel MACRON,True
35103,2022,Jean-Luc MÉLENCHON,Jean-Luc MÉLENCHON,True
35104,2022,Jean-Luc MÉLENCHON,Jean-Luc MÉLENCHON,True
35105,2022,Emmanuel MACRON,Emmanuel MACRON,True
35106,2022,Emmanuel MACRON,François FILLON,False
35107,2022,Marine LE PEN,Marine LE PEN,True
35108,2022,Marine LE PEN,Marine LE PEN,True
35109,2022,Emmanuel MACRON,Emmanuel MACRON,True
35110,2022,Emmanuel MACRON,Emmanuel MACRON,True
35111,2022,Emmanuel MACRON,Emmanuel MACRON,True
35112,2022,Marine LE PEN,Marine LE PEN,True
35113,2022,Emmanuel MACRON,Emmanuel MACRON,True
35114,2022,Jean-Luc MÉLENCHON,Jean-Luc MÉLENCHON,True
35115,2022,Marine LE PEN,Marine LE PEN,True
35116,2022,Marine LE PEN,Marine LE PEN,True
35117,2022,Marine LE PEN,Marine LE PEN,True
35118,2022,Jean-Luc MÉLENCHON,Emmanuel MACRON,False
35119,2022,Emmanuel MACRON,François FILLON,False
35120,2022,Emmanuel MACRON,Jean-Luc MÉLENCHON,False
35121,2022,Emmanuel MACRON,François FILLON,False
35122,2022,Jean-Luc MÉLENCHON,Jean-Luc MÉLENCHON,True
35123,2022,Emmanuel MACRON,François FILLON,False
35124,2022,Emmanuel MACRON,Emmanuel MACRON,True
35125,2022,Jean-Luc MÉLENCHON,François FILLON,False
35126,2022,Jean-Luc MÉLENCHON,Jean-Luc MÉLENCHON,True
35127,2022,Marine LE PEN,Marine LE PEN,True
35128,2022,Marine LE PEN,Marine LE PEN,True
35129,2022,Emmanuel MACRON,François FILLON,False
35130,2022,Emmanuel MACRON,François FILLON,False
35131,2022,Jean-Luc MÉLENCHON,Emmanuel MACRON,False
35132,2022,Emmanuel MACRON,François FILLON,False
35133,2022,Marine LE PEN,Marine LE PEN,True
35134,2022,Jean-Luc MÉLENCHON,Jean-Luc MÉLENCHON,True
35135,2022,Emmanuel MACRON,Jean-Luc MÉLENCHON,False
35136,2022,Marine LE PEN,Marine LE PEN,True
35137,2022,Emmanuel MACRON,François FILLON,False
35138,2022,Marine LE PEN,Marine LE PEN,True
35139,2022,Emmanuel MACRON,François FILLON,False
35140,2022,Marine LE PEN,Marine LE PEN,True
35141,2022,Emmanuel MACRON,Emmanuel MACRON,True
35142,2022,Emmanuel MACRON,François FILLON,False
35143,2022,Marine LE PEN,Marine LE PEN,True
35144,2022,Emmanuel MACRON,François FILLON,False
35145,2022,Emmanuel MACRON,François FILLON,False
35146,2022,Emmanuel MACRON,François FILLON,False
35147,2022,Marine LE PEN,Marine LE PEN,True
35148,2022,Emmanuel MACRON,Emmanuel MACRON,True
35149,2022,Marine LE PEN,Marine LE PEN,True
35150,2022,Emmanuel MACRON,François FILLON,False
35151,2022,Emmanuel MACRON,Emmanuel MACRON,True
35152,2022,Jean-Luc MÉLENCHON,Jean-Luc MÉLENCHON,True
35153,2022,Emmanuel MACRON,Jean-Luc MÉLENCHON,False
35154,2022,Emmanuel MACRON,Emmanuel MACRON,True
35155,2022,Jean-Luc MÉLENCHON,Jean-Luc MÉLENCHON,True
35156,2022,Emmanuel MACRON,Emmanuel MACRON,True
35157,2022,Emmanuel MACRON,Emmanuel MACRON,True
35158,2022,Marine LE PEN,Marine LE PEN,True
35159,2022,Emmanuel MACRON,Emmanuel MACRON,True
35161,2022,Jean-Luc MÉLENCHON,Jean-Luc MÉLENCHON,True
35162,2022,Jean-Luc MÉLENCHON,Emmanuel MACRON,False
35163,2022,Jean-Luc MÉLENCHON,Jean-Luc MÉLENCHON,True
35164,2022,Marine LE PEN,Marine LE PEN,True
35165,2022,Jean-Luc MÉLENCHON,Jean-Luc MÉLENCHON,True
35166,2022,Jean-Luc MÉLENCHON,Jean-Luc MÉLENCHON,True
35167,2022,Emmanuel MACRON,François FILLON,False
35168,2022,Marine LE PEN,Marine LE PEN,True
35169,2022,Emmanuel MACRON,Emmanuel MACRON,True
35170,2022,Emmanuel MACRON,Emmanuel MACRON,True
35171,2022,Emmanuel MACRON,François FILLON,False
35173,2022,Jean-Luc MÉLENCHON,Jean-Luc MÉLENCHON,True
35174,2022,Marine LE PEN,Marine LE PEN,True
35175,2022,Emmanuel MACRON,Emmanuel MACRON,True
35176,2022,Jean-Luc MÉLENCHON,Jean-Luc MÉLENCHON,True
35177,2022,Jean-Luc MÉLENCHON,Jean-Luc MÉLENCHON,True
35178,2022,Emmanuel MACRON,François FILLON,False
35179,2022,Emmanuel MACRON,François FILLON,False
35180,2022,Jean-Luc MÉLENCHON,Emmanuel MACRON,False
35181,2022,Emmanuel MACRON,François FILLON,False
35182,2022,Emmanuel MACRON,François FILLON,False
35183,2022,Emmanuel MACRON,François FILLON,False
35184,2022,Emmanuel MACRON,François FILLON,False
35185,2022,Emmanuel MACRON,François FILLON,False
35186,2022,Emmanuel MACRON,Emmanuel MACRON,True
35187,2022,Emmanuel MACRON,Emmanuel MACRON,True
35188,2022,Emmanuel MACRON,Emmanuel MACRON,True
35189,2022,Emmanuel MACRON,Emmanuel MACRON,True
35190,2022,Marine LE PEN,Marine LE PEN,True
35191,2022,Jean-Luc MÉLENCHON,Jean-Luc MÉLENCHON,True
35192,2022,Emmanuel MACRON,François FILLON,False
35193,2022,Marine LE PEN,Marine LE PEN,True
35194,2022,Emmanuel MACRON,François FILLON,False
35195,2022,Emmanuel MACRON,Emmanuel MACRON,True
35196,2022,Jean-Luc MÉLENCHON,Jean-Luc MÉLENCHON,True
35197,2022,Emmanuel MACRON,Emmanuel MACRON,True
35198,2022,Marine LE PEN,Marine LE PEN,True
35199,2022,Marine LE PEN,Marine LE PEN,True
35200,2022,Marine LE PEN,Marine LE PEN,True
35201,2022,Emmanuel MACRON,Emmanuel MACRON,True
35202,2022,Marine LE PEN,Marine LE PEN,True
35203,2022,Marine LE PEN,Marine LE PEN,True
35204,2022,Emmanuel MACRON,François FILLON,False
35205,2022,Marine LE PEN,Marine LE PEN,True
35206,2022,Emmanuel MACRON,Emmanuel MACRON,True
35207,2022,Emmanuel MACRON,Emmanuel MACRON,True
35208,2022,Emmanuel MACRON,Emmanuel MACRON,True
35209,2022,Marine LE PEN,Marine LE PEN,True
35210,2022,Emmanuel MACRON,Emmanuel MACRON,True
35211,2022,Emmanuel MACRON,François FILLON,False
35212,2022,Jean-Luc MÉLENCHON,Jean-Luc MÉLENCHON,True
35213,2022,Emmanuel MACRON,Emmanuel MACRON,True
35214,2022,Jean-Luc MÉLENCHON,Jean-Luc MÉLENCHON,True
35215,2022,Emmanuel MACRON,Emmanuel MACRON,True
35216,2022,Emmanuel MACRON,François FILLON,False
35217,2022,Emmanuel MACRON,Emmanuel MACRON,True
35218,2022,Emmanuel MACRON,Emmanuel MACRON,True
35219,2022,Marine LE PEN,Marine LE PEN,True
35220,2022,Emmanuel MACRON,Emmanuel MACRON,True
35221,2022,Emmanuel MACRON,Emmanuel MACRON,True
35222,2022,Emmanuel MACRON,François FILLON,False
35223,2022,Emmanuel MACRON,Emmanuel MACRON,True
35224,2022,Emmanuel MACRON,François FILLON,False
35225,2022,Emmanuel MACRON,François FILLON,False
35226,2022,Marine LE PEN,Marine LE PEN,True
35227,2022,Marine LE PEN,Marine LE PEN,True
35228,2022,Emmanuel MACRON,Jean-Luc MÉLENCHON,False
35229,2022,Emmanuel MACRON,Emmanuel MACRON,True
35230,2022,Emmanuel MACRON,François FILLON,False
35231,2022,Jean-Luc MÉLENCHON,Jean-Luc MÉLENCHON,True
35232,2022,Jean-Luc MÉLENCHON,Jean-Luc MÉLENCHON,True
35233,2022,Emmanuel MACRON,François FILLON,False
35234,2022,Emmanuel MACRON,Emmanuel MACRON,True
35235,2022,Marine LE PEN,Marine LE PEN,True
35236,2022,Emmanuel MACRON,François FILLON,False
35237,2022,Jean-Luc MÉLENCHON,Jean-Luc MÉLENCHON,True
35238,2022,Emmanuel MACRON,Emmanuel MACRON,True
35239,2022,Jean-Luc MÉLENCHON,Jean-Luc MÉLENCHON,True
35240,2022,Emmanuel MACRON,François FILLON,False
35241,2022,Emmanuel MACRON,François FILLON,False
35242,2022,Marine LE PEN,Marine LE PEN,True
35243,2022,Emmanuel MACRON,Emmanuel MACRON,True
35244,2022,Marine LE PEN,Marine LE PEN,True
35245,2022,Emmanuel MACRON,Jean-Luc MÉLENCHON,False
35246,2022,Marine LE PEN,Marine LE PEN,True
35247,2022,Emmanuel MACRON,François FILLON,False
35248,2022,Emmanuel MACRON,Emmanuel MACRON,True
35249,2022,Jean-Luc MÉLENCHON,Jean-Luc MÉLENCHON,True
35250,2022,Emmanuel MACRON,Emmanuel MACRON,True
35251,2022,Marine LE PEN,Marine LE PEN,True
35252,2022,Jean-Luc MÉLENCHON,Jean-Luc MÉLENCHON,True
35253,2022,Emmanuel MACRON,Emmanuel MACRON,True
35254,2022,Emmanuel MACRON,Emmanuel MACRON,True
35255,2022,Jean-Luc MÉLENCHON,Jean-Luc MÉLENCHON,True
35256,2022,Emmanuel MACRON,François FILLON,False
35257,2022,Jean-Luc MÉLENCHON,Jean-Luc MÉLENCHON,True
35258,2022,Emmanuel MACRON,Emmanuel MACRON,True
35259,2022,Emmanuel MACRON,Emmanuel MACRON,True
35260,2022,Emmanuel MACRON,Jean-Luc MÉLENCHON,False
35261,2022,Marine LE PEN,Marine LE PEN,True
35262,2022,Jean-Luc MÉLENCHON,Emmanuel MACRON,False
35263,2022,Emmanuel MACRON,François FILLON,False
35265,2022,Jean-Luc MÉLENCHON,Jean-Luc MÉLENCHON,True
35266,2022,Emmanuel MACRON,Emmanuel MACRON,True
35267,2022,Emmanuel MACRON,Emmanuel MACRON,True
35268,2022,Emmanuel MACRON,Emmanuel MACRON,True
35269,2022,Marine LE PEN,Marine LE PEN,True
35270,2022,Jean-Luc MÉLENCHON,Jean-Luc MÉLENCHON,True
35271,2022,Marine LE PEN,Marine LE PEN,True
35272,2022,Jean-Luc MÉLENCHON,Emmanuel MACRON,False
35273,2022,Marine LE PEN,Marine LE PEN,True
35274,2022,Emmanuel MACRON,François FILLON,False
35275,2022,Emmanuel MACRON,Emmanuel MACRON,True
35276,2022,Marine LE PEN,Marine LE PEN,True
35277,2022,Marine LE PEN,Marine LE PEN,True
35278,2022,Emmanuel MACRON,François FILLON,False
35279,2022,Emmanuel MACRON,François FILLON,False
35280,2022,Jean-Luc MÉLENCHON,Jean-Luc MÉLENCHON,True
35281,2022,Emmanuel MACRON,François FILLON,False
35282,2022,Emmanuel MACRON,François FILLON,False
35283,2022,Jean-Luc MÉLENCHON,Emmanuel MACRON,False
35284,2022,Jean-Luc MÉLENCHON,Benoît HAMON,False
35285,2022,Jean-Luc MÉLENCHON,François FILLON,False
35286,2022,Jean-Luc MÉLENCHON,François FILLON,False
35287,2022,Jean-Luc MÉLENCHON,Emmanuel MACRON,False
35288,2022,Jean-Luc MÉLENCHON,Emmanuel MACRON,False
35289,2022,Jean-Luc MÉLENCHON,Emmanuel MACRON,False
35290,2022,Jean-Luc MÉLENCHON,Emmanuel MACRON,False
35291,2022,Jean-Luc MÉLENCHON,François FILLON,False
35292,2022,Jean-Luc MÉLENCHON,Emmanuel MACRON,False
35293,2022,Jean-Luc MÉLENCHON,François FILLON,False
35294,2022,Jean-Luc MÉLENCHON,Emmanuel MACRON,False
35295,2022,Jean-Luc MÉLENCHON,Emmanuel MACRON,False
35296,2022,Jean-Luc MÉLENCHON,François FILLON,False
35297,2022,Jean-Luc MÉLENCHON,François FILLON,False
35298,2022,Jean-Luc MÉLENCHON,Emmanuel MACRON,False
35299,2022,Jean-Luc MÉLENCHON,Emmanuel MACRON,False
35300,2022,Jean-Luc MÉLENCHON,Emmanuel MACRON,False
35301,2022,Jean-Luc MÉLENCHON,Benoît HAMON,False
35302,2022,Jean-Luc MÉLENCHON,François FILLON,False
35303,2022,Jean-Luc MÉLENCHON,François FILLON,False
35304,2022,Jean-Luc MÉLENCHON,Benoît HAMON,False
35305,2022,Jean-Luc MÉLENCHON,François FILLON,False
35306,2022,Jean-Luc MÉLENCHON,François FILLON,False
35307,2022,Jean-Luc MÉLENCHON,Benoît HAMON,False
35308,2022,Jean-Luc MÉLENCHON,François FILLON,False
35309,2022,Jean-Luc MÉLENCHON,François FILLON,False
35310,2022,Jean-Luc MÉLENCHON,Emmanuel MACRON,False
35311,2022,Jean-Luc MÉLENCHON,Benoît HAMON,False
35312,2022,Jean-Luc MÉLENCHON,Jean-Luc MÉLENCHON,True
35313,2022,Jean-Luc MÉLENCHON,François FILLON,False
35314,2022,Jean-Luc MÉLENCHON,François FILLON,False
35315,2022,Jean-Luc MÉLENCHON,Emmanuel MACRON,False
35316,2022,Jean-Luc MÉLENCHON,François FILLON,False
35317,2022,Jean-Luc MÉLENCHON,Benoît HAMON,False
35318,2022,Jean-Luc MÉLENCHON,François FILLON,False
35319,2022,Jean-Luc MÉLENCHON,François FILLON,False
35320,2022,Jean-Luc MÉLENCHON,François FILLON,False
35321,2022,Jean-Luc MÉLENCHON,François FILLON,False
35322,2022,Jean-Luc MÉLENCHON,François FILLON,False
35323,2022,Jean-Luc MÉLENCHON,Emmanuel MACRON,False
35324,2022,Jean-Luc MÉLENCHON,Emmanuel MACRON,False
35325,2022,Jean-Luc MÉLENCHON,François FILLON,False
35326,2022,Jean-Luc MÉLENCHON,Jean-Luc MÉLENCHON,True
35327,2022,Jean-Luc MÉLENCHON,Emmanuel MACRON,False
35328,2022,Jean-Luc MÉLENCHON,Jean-Luc MÉLENCHON,True
35329,2022,Jean-Luc MÉLENCHON,Emmanuel MACRON,False
35330,2022,Jean-Luc MÉLENCHON,Jean-Luc MÉLENCHON,True
35331,2022,Jean-Luc MÉLENCHON,Benoît HAMON,False
35332,2022,Jean-Luc MÉLENCHON,Benoît HAMON,False
35333,2022,Jean-Luc MÉLENCHON,Emmanuel MACRON,False
35334,2022,Jean-Luc MÉLENCHON,Benoît HAMON,False
35335,2022,Jean-Luc MÉLENCHON,Jean-Luc MÉLENCHON,True
35336,2022,Jean-Luc MÉLENCHON,Emmanuel MACRON,False
35337,2022,Jean-Luc MÉLENCHON,François FILLON,False
35338,2022,Jean-Luc MÉLENCHON,Jean-Luc MÉLENCHON,True
35339,2022,Jean-Luc MÉLENCHON,Jean-Luc MÉLENCHON,True
35340,2022,Jean-Luc MÉLENCHON,Benoît HAMON,False
35341,2022,Jean-Luc MÉLENCHON,François FILLON,False
35342,2022,Jean-Luc MÉLENCHON,Jean-Luc MÉLENCHON,True
35343,2022,Jean-Luc MÉLENCHON,Jean-Luc MÉLENCHON,True
35344,2022,Jean-Luc MÉLENCHON,Jean-Luc MÉLENCHON,True
35345,2022,Jean-Luc MÉLENCHON,François FILLON,False
35346,2022,Jean-Luc MÉLENCHON,Benoît HAMON,False
35347,2022,Jean-Luc MÉLENCHON,François FILLON,False
35348,2022,Jean-Luc MÉLENCHON,Emmanuel MACRON,False
35349,2022,Jean-Luc MÉLENCHON,Emmanuel MACRON,False
35350,2022,Jean-Luc MÉLENCHON,François FILLON,False
35351,2022,Jean-Luc MÉLENCHON,François FILLON,False
35352,2022,Jean-Luc MÉLENCHON,François FILLON,False
35353,2022,Jean-Luc MÉLENCHON,François FILLON,False
35354,2022,Jean-Luc MÉLENCHON,Benoît HAMON,False
35355,2022,Jean-Luc MÉLENCHON,François FILLON,False
35356,2022,Jean-Luc MÉLENCHON,Emmanuel MACRON,False
35357,2022,Jean-Luc MÉLENCHON,Jean-Luc MÉLENCHON,True
35358,2022,Jean-Luc MÉLENCHON,François FILLON,False
35359,2022,Jean-Luc MÉLENCHON,Emmanuel MACRON,False
35360,2022,Jean-Luc MÉLENCHON,Benoît HAMON,False
35361,2022,Jean-Luc MÉLENCHON,François FILLON,False
35362,2022,Marine LE PEN,Marine LE PEN,True
35363,2022,Jean-Luc MÉLENCHON,Emmanuel MACRON,False
35364,2022,Jean-Luc MÉLENCHON,Benoît HAMON,False
35365,2022,Jean-Luc MÉLENCHON,Emmanuel MACRON,False
35366,2022,Jean-Luc MÉLENCHON,Emmanuel MACRON,False
35367,2022,Emmanuel MACRON,Emmanuel MACRON,True
35368,2022,Jean-Luc MÉLENCHON,Emmanuel MACRON,False
35369,2022,Jean-Luc MÉLENCHON,Emmanuel MACRON,False
35370,2022,Jean-Luc MÉLENCHON,Emmanuel MACRON,False
35371,2022,Jean-Luc MÉLENCHON,Jean-Luc MÉLENCHON,True
35372,2022,Jean-Luc MÉLENCHON,Jean-Luc MÉLENCHON,True
35373,2022,Jean-Luc MÉLENCHON,François FILLON,False
35374,2022,Jean-Luc MÉLENCHON,François FILLON,False
35375,2022,Jean-Luc MÉLENCHON,Jean-Luc MÉLENCHON,True
35376,2022,Marine LE PEN,Marine LE PEN,True
35377,2022,Jean-Luc MÉLENCHON,Jean-Luc MÉLENCHON,True
35378,2022,Jean-Luc MÉLENCHON,Jean-Luc MÉLENCHON,True
35379,2022,Jean-Luc MÉLENCHON,François FILLON,False
35380,2022,Jean-Luc MÉLENCHON,François FILLON,False
35381,2022,Jean-Luc MÉLENCHON,Emmanuel MACRON,False
35382,2022,Jean-Luc MÉLENCHON,Emmanuel MACRON,False
35383,2022,Jean-Luc MÉLENCHON,François FILLON,False
35384,2022,Jean-Luc MÉLENCHON,François FILLON,False
35385,2022,Jean-Luc MÉLENCHON,Emmanuel MACRON,False
35386,2022,Jean-Luc MÉLENCHON,Emmanuel MACRON,False
35387,2022,Jean-Luc MÉLENCHON,François FILLON,False
35388,2022,Jean-Luc MÉLENCHON,François FILLON,False
35389,2022,Emmanuel MACRON,Jean-Luc MÉLENCHON,False
35390,2022,Jean-Luc MÉLENCHON,François FILLON,False
35391,2022,Marine LE PEN,Marine LE PEN,True
35392,2022,Jean-Luc MÉLENCHON,Emmanuel MACRON,False
35393,2022,Jean-Luc MÉLENCHON,François FILLON,False
35394,2022,Jean-Luc MÉLENCHON,François FILLON,False
35412,2022,Marine LE PEN,Marine LE PEN,True
35413,2022,Marine LE PEN,Marine LE PEN,True
35414,2022,Marine LE PEN,Marine LE PEN,True
35415,2022,Marine LE PEN,Marine LE PEN,True
35416,2022,Marine LE PEN,Marine LE PEN,True
35417,2022,Marine LE PEN,Marine LE PEN,True
35418,2022,Marine LE PEN,Marine LE PEN,True
35419,2022,Emmanuel MACRON,Emmanuel MACRON,True
35420,2022,Marine LE PEN,Marine LE PEN,True
35421,2022,Marine LE PEN,Marine LE PEN,True
35422,2022,Jean-Luc MÉLENCHON,François FILLON,False
35423,2022,Marine LE PEN,Marine LE PEN,True
35424,2022,Marine LE PEN,Marine LE PEN,True
35425,2022,Marine LE PEN,Marine LE PEN,True
35426,2022,Marine LE PEN,Marine LE PEN,True
35427,2022,Marine LE PEN,Marine LE PEN,True
35428,2022,Marine LE PEN,Marine LE PEN,True
35429,2022,Jean-Luc MÉLENCHON,Emmanuel MACRON,False
35430,2022,Emmanuel MACRON,François FILLON,False
35431,2022,Emmanuel MACRON,François FILLON,False
35432,2022,Jean-Luc MÉLENCHON,Benoît HAMON,False
35433,2022,Emmanuel MACRON,Emmanuel MACRON,True
35434,2022,Emmanuel MACRON,François FILLON,False
35435,2022,Jean-Luc MÉLENCHON,Benoît HAMON,False
35436,2022,Jean-Luc MÉLENCHON,Benoît HAMON,False
35437,2022,Jean-Luc MÉLENCHON,Benoît HAMON,False
35438,2022,Emmanuel MACRON,Emmanuel MACRON,True
35439,2022,Emmanuel MACRON,Benoît HAMON,False
35440,2022,Emmanuel MACRON,Benoît HAMON,False
35441,2022,Emmanuel MACRON,François FILLON,False
35442,2022,Jean-Luc MÉLENCHON,Benoît HAMON,False
35443,2022,Jean-Luc MÉLENCHON,Benoît HAMON,False
35444,2022,Emmanuel MACRON,Emmanuel MACRON,True
35445,2022,Emmanuel MACRON,Emmanuel MACRON,True
35446,2022,Emmanuel MACRON,Emmanuel MACRON,True
35447,2022,Emmanuel MACRON,Benoît HAMON,False
35448,2022,Jean-Luc MÉLENCHON,Benoît HAMON,False
35449,2022,Emmanuel MACRON,Emmanuel MACRON,True
35450,2022,Jean-Luc MÉLENCHON,Benoît HAMON,False
35451,2022,Jean-Luc MÉLENCHON,Benoît HAMON,False
35452,2022,Jean-Luc MÉLENCHON,Benoît HAMON,False
35453,2022,Emmanuel MACRON,Benoît HAMON,False
35454,2022,Jean-Luc MÉLENCHON,Emmanuel MACRON,False
35455,2022,Emmanuel MACRON,Benoît HAMON,False
35456,2022,Jean-Luc MÉLENCHON,François FILLON,False
35457,2022,Emmanuel MACRON,Emmanuel MACRON,True
35458,2022,Jean-Luc MÉLENCHON,Emmanuel MACRON,False
35459,2022,Jean-Luc MÉLENCHON,Emmanuel MACRON,False
35460,2022,Jean-Luc MÉLENCHON,Emmanuel MACRON,False
35461,2022,Jean-Luc MÉLENCHON,Emmanuel MACRON,False
35510,2022,Emmanuel MACRON,Emmanuel MACRON,True
35511,2022,Emmanuel MACRON,François FILLON,False
35512,2022,Emmanuel MACRON,François FILLON,False
35513,2022,Emmanuel MACRON,Emmanuel MACRON,True
35514,2022,Emmanuel MACRON,François FILLON,False
35516,2022,Emmanuel MACRON,François FILLON,False
35517,2022,Emmanuel MACRON,François FILLON,False
35518,2022,Emmanuel MACRON,Emmanuel MACRON,True
35519,2022,Emmanuel MACRON,François FILLON,False
35520,2022,Emmanuel MACRON,François FILLON,False
35521,2022,Emmanuel MACRON,François FILLON,False
35522,2022,Emmanuel MACRON,Emmanuel MACRON,True
35523,2022,Emmanuel MACRON,François FILLON,False
35524,2022,Emmanuel MACRON,François FILLON,False
35525,2022,Emmanuel MACRON,François FILLON,False
35526,2022,Emmanuel MACRON,Emmanuel MACRON,True
35528,2022,Emmanuel MACRON,François FILLON,False
35529,2022,Emmanuel MACRON,Emmanuel MACRON,True
35530,2022,Emmanuel MACRON,Emmanuel MACRON,True
35531,2022,Emmanuel MACRON,Emmanuel MACRON,True
35532,2022,Emmanuel MACRON,François FILLON,False
35533,2022,Emmanuel MACRON,François FILLON,False
35534,2022,Emmanuel MACRON,François FILLON,False
35535,2022,Emmanuel MACRON,François FILLON,False
35536,2022,Marine LE PEN,Marine LE PEN,True
35537,2022,Emmanuel MACRON,François FILLON,False
35538,2022,Emmanuel MACRON,Emmanuel MACRON,True
35541,2022,Emmanuel MACRON,François FILLON,False
35542,2022,Emmanuel MACRON,François FILLON,False
35543,2022,Emmanuel MACRON,François FILLON,False
35544,2022,Emmanuel MACRON,François FILLON,False
35545,2022,Emmanuel MACRON,François FILLON,False
35546,2022,Emmanuel MACRON,François FILLON,False
35547,2022,Emmanuel MACRON,François FILLON,False
35548,2022,Emmanuel MACRON,Emmanuel MACRON,True
35549,2022,Emmanuel MACRON,François FILLON,False
35551,2022,Emmanuel MACRON,François FILLON,False
35552,2022,Emmanuel MACRON,François FILLON,False
35553,2022,Emmanuel MACRON,François FILLON,False
35554,2022,Emmanuel MACRON,Emmanuel MACRON,True
35555,2022,Emmanuel MACRON,Emmanuel MACRON,True
35556,2022,Emmanuel MACRON,Emmanuel MACRON,True
35557,2022,Emmanuel MACRON,Benoît HAMON,False
35558,2022,Jean-Luc MÉLENCHON,Emmanuel MACRON,False
35559,2022,Jean-Luc MÉLENCHON,François FILLON,False
35560,2022,Emmanuel MACRON,Emmanuel MACRON,True
35561,2022,Emmanuel MACRON,Emmanuel MACRON,True
35562,2022,Jean-Luc MÉLENCHON,François FILLON,False
35563,2022,Emmanuel MACRON,Emmanuel MACRON,True
35564,2022,Emmanuel MACRON,Emmanuel MACRON,True
35565,2022,Emmanuel MACRON,Emmanuel MACRON,True
35566,2022,Emmanuel MACRON,Emmanuel MACRON,True
35568,2022,Jean-Luc MÉLENCHON,Emmanuel MACRON,False
35569,2022,Emmanuel MACRON,Emmanuel MACRON,True
35570,2022,Emmanuel MACRON,Emmanuel MACRON,True
35571,2022,Jean-Luc MÉLENCHON,Emmanuel MACRON,False
35573,2022,Emmanuel MACRON,Emmanuel MACRON,True
35574,2022,Emmanuel MACRON,Emmanuel MACRON,True
35575,2022,Emmanuel MACRON,Emmanuel MACRON,True
35576,2022,Jean-Luc MÉLENCHON,Emmanuel MACRON,False
35577,2022,Jean-Luc MÉLENCHON,Emmanuel MACRON,False
35578,2022,Emmanuel MACRON,Emmanuel MACRON,True
35579,2022,Emmanuel MACRON,Emmanuel MACRON,True
35580,2022,Emmanuel MACRON,Emmanuel MACRON,True
35581,2022,Emmanuel MACRON,Emmanuel MACRON,True
35582,2022,Emmanuel MACRON,François FILLON,False
35583,2022,Jean-Luc MÉLENCHON,Emmanuel MACRON,False
35584,2022,Emmanuel MACRON,Emmanuel MACRON,True
35585,2022,Emmanuel MACRON,Emmanuel MACRON,True
35587,2022,Jean-Luc MÉLENCHON,Emmanuel MACRON,False
35588,2022,Emmanuel MACRON,Emmanuel MACRON,True
35589,2022,Emmanuel MACRON,Emmanuel MACRON,True
35590,2022,Emmanuel MACRON,Emmanuel MACRON,True
35591,2022,Emmanuel MACRON,Emmanuel MACRON,True
35592,2022,Emmanuel MACRON,Emmanuel MACRON,True
35594,2022,Emmanuel MACRON,Emmanuel MACRON,True
35595,2022,Emmanuel MACRON,Emmanuel MACRON,True
35596,2022,Emmanuel MACRON,Emmanuel MACRON,True
35597,2022,Emmanuel MACRON,Emmanuel MACRON,True
35598,2022,Emmanuel MACRON,Emmanuel MACRON,True
35599,2022,Emmanuel MACRON,Emmanuel MACRON,True
35600,2022,Emmanuel MACRON,Emmanuel MACRON,True
35601,2022,Emmanuel MACRON,Emmanuel MACRON,True
35602,2022,Emmanuel MACRON,Emmanuel MACRON,True
35603,2022,Emmanuel MACRON,Emmanuel MACRON,True
35604,2022,Jean-Luc MÉLENCHON,François FILLON,False
35605,2022,Jean-Luc MÉLENCHON,Emmanuel MACRON,False
35606,2022,Emmanuel MACRON,Emmanuel MACRON,True
35607,2022,Emmanuel MACRON,Emmanuel MACRON,True
35608,2022,Jean-Luc MÉLENCHON,Emmanuel MACRON,False
35609,2022,Emmanuel MACRON,Emmanuel MACRON,True
35610,2022,Emmanuel MACRON,Emmanuel MACRON,True
35611,2022,Emmanuel MACRON,Emmanuel MACRON,True
35612,2022,Emmanuel MACRON,Emmanuel MACRON,True
35613,2022,Emmanuel MACRON,Emmanuel MACRON,True
35614,2022,Emmanuel MACRON,Emmanuel MACRON,True
35615,2022,Emmanuel MACRON,Emmanuel MACRON,True
35616,2022,Emmanuel MACRON,Emmanuel MACRON,True
35617,2022,Emmanuel MACRON,Emmanuel MACRON,True
35618,2022,Emmanuel MACRON,Emmanuel MACRON,True
35619,2022,Jean-Luc MÉLENCHON,Emmanuel MACRON,False
35621,2022,Emmanuel MACRON,Emmanuel MACRON,True
35622,2022,Emmanuel MACRON,Emmanuel MACRON,True
35623,2022,Jean-Luc MÉLENCHON,Emmanuel MACRON,False
35625,2022,Emmanuel MACRON,Emmanuel MACRON,True
35626,2022,Emmanuel MACRON,Emmanuel MACRON,True
35628,2022,Emmanuel MACRON,Emmanuel MACRON,True
35629,2022,Emmanuel MACRON,Emmanuel MACRON,True
35630,2022,Emmanuel MACRON,Emmanuel MACRON,True
35631,2022,Emmanuel MACRON,Emmanuel MACRON,True
35632,2022,Emmanuel MACRON,Emmanuel MACRON,True
35633,2022,Emmanuel MACRON,François FILLON,False
35634,2022,Emmanuel MACRON,Emmanuel MACRON,True
35635,2022,Jean-Luc MÉLENCHON,Emmanuel MACRON,False
35636,2022,Emmanuel MACRON,Emmanuel MACRON,True
35638,2022,Emmanuel MACRON,Emmanuel MACRON,True
35639,2022,Emmanuel MACRON,Emmanuel MACRON,True
35640,2022,Emmanuel MACRON,Emmanuel MACRON,True
35641,2022,Emmanuel MACRON,Emmanuel MACRON,True
35642,2022,Emmanuel MACRON,Emmanuel MACRON,True
35643,2022,Jean-Luc MÉLENCHON,Emmanuel MACRON,False
35644,2022,Emmanuel MACRON,Emmanuel MACRON,True
35645,2022,Emmanuel MACRON,Emmanuel MACRON,True
35646,2022,Emmanuel MACRON,Emmanuel MACRON,True
35647,2022,Emmanuel MACRON,Emmanuel MACRON,True
35648,2022,Emmanuel MACRON,Emmanuel MACRON,True
35649,2022,Emmanuel MACRON,Emmanuel MACRON,True
35650,2022,Emmanuel MACRON,Emmanuel MACRON,True
35652,2022,Emmanuel MACRON,Emmanuel MACRON,True
35653,2022,Emmanuel MACRON,Emmanuel MACRON,True
35654,2022,Emmanuel MACRON,Emmanuel MACRON,True
35655,2022,Emmanuel MACRON,Emmanuel MACRON,True
35657,2022,Jean-Luc MÉLENCHON,Emmanuel MACRON,False
35658,2022,Emmanuel MACRON,Nicolas DUPONT-AIGNAN,False
35659,2022,Emmanuel MACRON,Emmanuel MACRON,True
35661,2022,Emmanuel MACRON,Emmanuel MACRON,True
35662,2022,Emmanuel MACRON,Emmanuel MACRON,True
35663,2022,Emmanuel MACRON,Emmanuel MACRON,True
35664,2022,Jean-Luc MÉLENCHON,Emmanuel MACRON,False
35665,2022,Emmanuel MACRON,Emmanuel MACRON,True
35666,2022,Emmanuel MACRON,Emmanuel MACRON,True
35667,2022,Jean-Luc MÉLENCHON,Emmanuel MACRON,False
35668,2022,Emmanuel MACRON,Emmanuel MACRON,True
35669,2022,Emmanuel MACRON,Emmanuel MACRON,True
35670,2022,Emmanuel MACRON,Emmanuel MACRON,True
35671,2022,Emmanuel MACRON,Emmanuel MACRON,True
35672,2022,Emmanuel MACRON,Emmanuel MACRON,True
35673,2022,Emmanuel MACRON,Emmanuel MACRON,True
35674,2022,Emmanuel MACRON,Emmanuel MACRON,True
35675,2022,Emmanuel MACRON,Emmanuel MACRON,True
35676,2022,Jean-Luc MÉLENCHON,Emmanuel MACRON,False
35677,2022,Emmanuel MACRON,Emmanuel MACRON,True
35678,2022,Emmanuel MACRON,Emmanuel MACRON,True
35679,2022,Emmanuel MACRON,Emmanuel MACRON,True
35680,2022,Emmanuel MACRON,Emmanuel MACRON,True
35681,2022,Emmanuel MACRON,Emmanuel MACRON,True
35682,2022,Emmanuel MACRON,Emmanuel MACRON,True
35683,2022,Emmanuel MACRON,Emmanuel MACRON,True
35685,2022,Emmanuel MACRON,Emmanuel MACRON,True
35686,2022,Emmanuel MACRON,Emmanuel MACRON,True
35687,2022,Jean-Luc MÉLENCHON,Emmanuel MACRON,False
35688,2022,Emmanuel MACRON,Emmanuel MACRON,True
35689,2022,Emmanuel MACRON,Emmanuel MACRON,True
35690,2022,Emmanuel MACRON,Emmanuel MACRON,True
35691,2022,Emmanuel MACRON,Emmanuel MACRON,True
35692,2022,Emmanuel MACRON,Emmanuel MACRON,True
35693,2022,Emmanuel MACRON,Emmanuel MACRON,True
35694,2022,Emmanuel MACRON,Emmanuel MACRON,True
35695,2022,Emmanuel MACRON,Emmanuel MACRON,True
35696,2022,Emmanuel MACRON,Emmanuel MACRON,True
35697,2022,Jean-Luc MÉLENCHON,Emmanuel MACRON,False
35698,2022,Jean-Luc MÉLENCHON,Emmanuel MACRON,False
35700,2022,Emmanuel MACRON,Emmanuel MACRON,True
35701,2022,Emmanuel MACRON,Emmanuel MACRON,True
35702,2022,Emmanuel MACRON,Emmanuel MACRON,True
35703,2022,Jean-Luc MÉLENCHON,Emmanuel MACRON,False
35704,2022,Emmanuel MACRON,Emmanuel MACRON,True
35705,2022,Emmanuel MACRON,Emmanuel MACRON,True
35706,2022,Jean-Luc MÉLENCHON,Emmanuel MACRON,False
35707,2022,Emmanuel MACRON,Emmanuel MACRON,True
35708,2022,Jean-Luc MÉLENCHON,Emmanuel MACRON,False
35709,2022,Jean-Luc MÉLENCHON,Emmanuel MACRON,False
35710,2022,Emmanuel MACRON,Emmanuel MACRON,True
35711,2022,Jean-Luc MÉLENCHON,Emmanuel MACRON,False
35712,2022,Jean-Luc MÉLENCHON,Emmanuel MACRON,False
35713,2022,Emmanuel MACRON,Emmanuel MACRON,True
35714,2022,Emmanuel MACRON,Emmanuel MACRON,True
35715,2022,Emmanuel MACRON,Emmanuel MACRON,True
35716,2022,Emmanuel MACRON,Emmanuel MACRON,True
35718,2022,Emmanuel MACRON,Emmanuel MACRON,True
35719,2022,Emmanuel MACRON,François FILLON,False
35720,2022,Emmanuel MACRON,Emmanuel MACRON,True
35721,2022,Emmanuel MACRON,Emmanuel MACRON,True
35724,2022,Emmanuel MACRON,Emmanuel MACRON,True
35725,2022,Emmanuel MACRON,Emmanuel MACRON,True
35727,2022,Emmanuel MACRON,Emmanuel MACRON,True
35728,2022,Emmanuel MACRON,Emmanuel MACRON,True
35729,2022,Emmanuel MACRON,Emmanuel MACRON,True
35730,2022,Jean-Luc MÉLENCHON,Emmanuel MACRON,False
35731,2022,Emmanuel MACRON,Emmanuel MACRON,True
35732,2022,Jean-Luc MÉLENCHON,Emmanuel MACRON,False
35733,2022,Jean-Luc MÉLENCHON,Emmanuel MACRON,False
35734,2022,Emmanuel MACRON,Emmanuel MACRON,True
35735,2022,Emmanuel MACRON,Emmanuel MACRON,True
35736,2022,Emmanuel MACRON,Emmanuel MACRON,True
35737,2022,Emmanuel MACRON,Emmanuel MACRON,True
35738,2022,Emmanuel MACRON,Emmanuel MACRON,True
35740,2022,Emmanuel MACRON,Emmanuel MACRON,True
35741,2022,Emmanuel MACRON,Emmanuel MACRON,True
35744,2022,Emmanuel MACRON,Emmanuel MACRON,True
35745,2022,Emmanuel MACRON,Emmanuel MACRON,True
35746,2022,Emmanuel MACRON,Emmanuel MACRON,True
35747,2022,Emmanuel MACRON,Emmanuel MACRON,True
35748,2022,Emmanuel MACRON,Emmanuel MACRON,True
35751,2022,Emmanuel MACRON,Nicolas DUPONT-AIGNAN,False
35752,2022,Emmanuel MACRON,Emmanuel MACRON,True
35753,2022,Emmanuel MACRON,Emmanuel MACRON,True
35754,2022,Emmanuel MACRON,Emmanuel MACRON,True
35755,2022,Emmanuel MACRON,Emmanuel MACRON,True
35756,2022,Emmanuel MACRON,Emmanuel MACRON,True
35758,2022,Emmanuel MACRON,Emmanuel MACRON,True
35759,2022,Emmanuel MACRON,Emmanuel MACRON,True
35760,2022,Emmanuel MACRON,Emmanuel MACRON,True
35761,2022,Emmanuel MACRON,Emmanuel MACRON,True
35762,2022,Jean-Luc MÉLENCHON,Emmanuel MACRON,False
35763,2022,Emmanuel MACRON,Emmanuel MACRON,True
35764,2022,Emmanuel MACRON,Emmanuel MACRON,True
35765,2022,Emmanuel MACRON,Emmanuel MACRON,True
35767,2022,Emmanuel MACRON,Emmanuel MACRON,True
35768,2022,Emmanuel MACRON,Emmanuel MACRON,True
35769,2022,Emmanuel MACRON,Emmanuel MACRON,True
35770,2022,Emmanuel MACRON,Emmanuel MACRON,True
35771,2022,Emmanuel MACRON,Emmanuel MACRON,True
35772,2022,Emmanuel MACRON,Emmanuel MACRON,True
35773,2022,Emmanuel MACRON,Emmanuel MACRON,True
35774,2022,Emmanuel MACRON,Emmanuel MACRON,True
35776,2022,Emmanuel MACRON,Emmanuel MACRON,True
35777,2022,Jean-Luc MÉLENCHON,Emmanuel MACRON,False
35778,2022,Emmanuel MACRON,Emmanuel MACRON,True
35779,2022,Emmanuel MACRON,Emmanuel MACRON,True
35780,2022,Emmanuel MACRON,Emmanuel MACRON,True
35782,2022,Emmanuel MACRON,Emmanuel MACRON,True
35783,2022,Emmanuel MACRON,Emmanuel MACRON,True
35784,2022,Emmanuel MACRON,Emmanuel MACRON,True
35785,2022,Emmanuel MACRON,Emmanuel MACRON,True
35786,2022,Emmanuel MACRON,Emmanuel MACRON,True
35787,2022,Emmanuel MACRON,Emmanuel MACRON,True
35788,2022,Emmanuel MACRON,Emmanuel MACRON,True
35789,2022,Emmanuel MACRON,Emmanuel MACRON,True
